81 135 81 368
82 136 82 368
83 138 83 368
84 140 84 367
85 141 85 367
87 143 87 367
88 145 88 367
89 146 89 366
90 148 90 366
91 150 91 366
92 152 92 365
93 153 93 365
94 155 94 365
95 157 95 365
96 158 96 364
97 160 97 364
98 162 98 364
99 163 99 364
100 165 100 363
101 167 101 363
102 168 102 363
103 170 103 363
104 172 104 362
105 173 105 362
106 175 106 362
107 177 107 362
108 178 108 362
109 180 109 361
110 182 110 361
111 183 111 361
112 185 112 361
113 187 113 360
114 188 114 360
115 190 115 360
116 192 116 360
117 193 117 359
118 195 118 359
119 197 119 359
120 198 120 359
121 200 121 359
122 202 122 358
123 203 123 358
124 205 124 358
125 207 125 358
126 208 126 358
127 210 127 357
128 212 128 357
130 213 130 357
131 215 131 357
132 217 132 357
133 218 133 356
134 220 134 356
135 222 135 356
136 223 136 356
137 225 137 356
138 227 138 356
139 228 139 355
140 230 140 355
141 232 141 355
142 233 142 355
143 235 143 355
144 237 144 355
145 238 145 354
146 240 146 354
147 242 147 354
148 243 148 354
149 245 149 354
150 247 150 354
151 248 151 354
152 250 152 353
153 252 153 353
154 253 154 353
155 255 155 353
156 257 156 353
157 258 157 353
158 260 158 353
159 262 159 352
160 263 160 352
161 265 161 352
162 267 162 352
163 268 163 352
164 270 164 352
165 271 165 352
166 273 166 352
167 275 167 351
168 276 168 351
169 278 169 351
170 280 170 351
171 281 171 351
173 283 173 351
174 285 174 351
175 286 175 351
176 288 176 351
177 290 177 351
178 291 178 351
179 293 179 350
180 295 180 350
181 296 181 350
182 298 182 350
183 300 183 350
184 301 184 350
185 303 185 350
186 305 186 350
187 306 187 350
188 308 188 350
189 310 189 350
190 311 190 350
191 313 191 350
192 315 192 349
193 316 193 349
194 318 194 349
195 320 195 349
196 321 196 349
197 323 197 349
198 325 198 349
199 326 199 349
200 328 200 349
201 330 201 349
202 331 202 349
203 333 203 349
204 335 204 349
205 336 205 349
206 338 206 349
207 340 207 349
208 341 208 349
209 343 209 349
210 345 210 349
211 346 211 349
212 348 212 349
213 350 213 349
214 351 214 349
216 353 216 349
217 354 217 349
218 356 218 349
219 358 219 349
220 359 220 349
221 361 221 349
222 363 222 349
223 364 223 349
224 366 224 349
225 368 225 349
226 369 226 349
227 371 227 349
228 373 228 349
229 374 229 349
230 376 230 349
231 378 231 349
232 379 232 349
233 381 233 349
234 383 234 349
235 384 235 349
236 386 236 349
237 388 237 349
238 389 238 349
239 391 239 349
240 393 240 349
241 394 241 349
242 396 242 349
243 398 243 349
244 399 244 349
245 401 245 349
246 402 246 349
247 404 247 350
248 406 248 350
249 407 249 350
250 409 250 350
251 411 251 350
252 412 252 350
253 414 253 350
254 416 254 350
255 417 255 350
256 419 256 350
257 421 257 350
259 422 259 350
260 424 260 350
261 426 261 350
262 427 262 351
263 429 263 351
264 431 264 351
265 432 265 351
266 434 266 351
267 435 267 351
268 437 268 351
269 439 269 351
270 440 270 351
271 442 271 351
272 444 272 352
273 445 273 352
274 447 274 352
275 449 275 352
276 450 276 352
277 452 277 352
278 454 278 352
279 455 279 352
280 457 280 352
281 459 281 353
282 460 282 353
283 462 283 353
284 463 284 353
285 465 285 353
286 467 286 353
287 468 287 353
288 470 288 354
289 472 289 354
290 473 290 354
291 475 291 354
292 477 292 354
293 478 293 354
294 480 294 354
295 482 295 355
296 483 296 355
297 485 297 355
298 487 298 355
299 488 299 355
300 490 300 355
302 491 302 356
303 493 303 356
304 495 304 356
305 496 305 356
306 498 306 356
307 500 307 356
308 501 308 357
309 503 309 357
310 505 310 357
311 506 311 357
312 508 312 357
313 509 313 358
314 511 314 358
315 513 315 358
316 514 316 358
317 516 317 358
318 518 318 359
319 519 319 359
320 521 320 359
321 523 321 359
322 524 322 359
323 526 323 360
324 528 324 360
325 529 325 360
326 531 326 360
327 532 327 360
328 534 328 361
329 536 329 361
330 537 330 361
331 539 331 361
332 541 332 362
333 542 333 362
334 544 334 362
335 546 335 362
336 547 336 363
337 549 337 363
338 550 338 363
339 552 339 363
340 554 340 364
341 555 341 364
342 557 342 364
343 559 343 364
345 560 345 365
346 562 346 365
347 564 347 365
348 565 348 365
349 567 349 366
350 568 350 366
351 570 351 366
352 572 352 366
353 573 353 367
354 575 354 367
355 577 355 367
356 578 356 367
357 580 357 368
358 581 358 368
359 583 359 368
360 585 360 369
361 586 361 369
362 588 362 369
363 590 363 370
364 591 364 370
365 593 365 370
366 594 366 370
367 596 367 371
368 598 368 371
369 599 369 371
370 601 370 372
371 603 371 372
372 604 372 372
373 606 373 373
374 608 374 373
375 609 375 373
376 611 376 374
377 612 377 374
378 614 378 374
379 616 379 375
380 617 380 375
381 619 381 375
382 621 382 376
383 622 383 376
384 624 384 376
385 625 385 376
386 627 386 377
388 629 388 377
389 630 389 377
390 632 390 378
391 634 391 378
392 635 392 378
393 637 393 379
394 638 394 379
395 640 395 380
396 642 396 380
397 643 397 380
398 645 398 381
399 646 399 381
400 648 400 381
401 650 401 382
402 651 402 382
403 653 403 382
404 655 404 383
405 656 405 383
406 658 406 384
407 659 407 384
408 661 408 384
409 663 409 385
410 664 410 385
411 666 411 386
412 668 412 386
413 669 413 386
414 671 414 387
415 672 415 387
416 674 416 387
417 676 417 388
418 677 418 388
419 679 419 389
420 680 420 389
421 682 421 389
422 684 422 390
423 685 423 390
424 687 424 391
425 689 425 391
426 690 426 391
427 692 427 392
428 693 428 392
429 695 429 393
430 697 430 393
432 698 432 394
433 700 433 394
434 701 434 394
435 703 435 395
436 705 436 395
437 706 437 396
438 708 438 396
439 709 439 397
440 711 440 397
441 713 441 398
442 714 442 398
443 716 443 398
444 718 444 399
445 719 445 399
446 721 446 400
447 722 447 400
448 724 448 401
449 726 449 401
450 727 450 402
451 729 451 402
452 730 452 402
453 732 453 403
454 734 454 404
455 735 455 404
456 737 456 404
457 738 457 405
458 740 458 405
459 742 459 406
460 743 460 406
461 745 461 407
462 746 462 407
463 748 463 408
464 750 464 408
465 751 465 409
466 753 466 409
467 754 467 410
468 756 468 410
469 758 469 411
470 759 470 411
471 761 471 412
472 762 472 412
473 764 473 413
475 766 475 413
476 767 476 414
477 769 477 414
478 770 478 415
479 772 479 415
480 774 480 416
481 775 481 416
482 777 482 417
483 778 483 417
484 780 484 418
485 782 485 419
486 783 486 419
487 785 487 420
488 786 488 420
489 788 489 421
490 790 490 421
491 791 491 422
492 793 492 422
493 794 493 423
494 796 494 423
495 798 495 424
496 799 496 424
497 801 497 425
498 802 498 425
499 804 499 426
500 806 500 427
501 807 501 427
502 809 502 428
503 810 503 428
504 812 504 429
505 813 505 429
506 815 506 430
507 817 507 431
508 818 508 431
509 820 509 432
510 821 510 432
511 823 511 433
512 825 512 433
513 826 513 434
514 828 514 435
515 829 515 435
516 831 516 436
518 833 518 436
519 834 519 437
520 836 520 437
521 837 521 438
522 839 522 439
523 840 523 439
524 842 524 440
525 844 525 440
526 845 526 441
527 847 527 442
528 848 528 442
529 850 529 443
530 852 530 444
531 853 531 444
532 855 532 445
533 856 533 445
534 858 534 446
535 859 535 446
536 861 536 447
537 863 537 448
538 864 538 448
539 866 539 449
540 867 540 449
541 869 541 450
542 871 542 451
543 872 543 451
544 874 544 452
545 875 545 453
546 877 546 453
547 878 547 454
548 880 548 455
549 882 549 455
550 883 550 456
551 885 551 457
552 886 552 457
553 888 553 458
554 889 554 458
555 891 555 459
556 893 556 460
557 894 557 460
558 896 558 461
559 897 559 462
561 899 561 462
562 900 562 463
563 902 563 464
564 904 564 465
565 905 565 465
566 907 566 466
567 908 567 466
568 910 568 467
569 911 569 468
570 913 570 468
571 915 571 469
572 916 572 470
573 918 573 471
574 919 574 471
575 921 575 472
576 922 576 472
577 924 577 473
578 926 578 474
579 927 579 475
580 929 580 475
581 930 581 476
582 932 582 477
583 933 583 477
584 935 584 478
585 936 585 479
586 938 586 479
587 940 587 480
588 941 588 481
589 943 589 482
590 944 590 482
591 946 591 483
592 947 592 484
593 949 593 485
594 951 594 485
595 952 595 486
596 954 596 487
597 955 597 487
598 957 598 488
599 958 599 489
600 960 600 490
601 961 601 490
602 963 602 491
604 965 604 492
605 966 605 492
606 968 606 493
607 969 607 494
608 971 608 495
609 972 609 495
610 974 610 496
611 975 611 497
612 977 612 498
613 979 613 499
614 980 614 499
615 982 615 500
616 983 616 501
617 985 617 502
618 986 618 502
619 988 619 503
620 989 620 504
621 991 621 505
622 993 622 506
623 994 623 506
624 996 624 507
625 997 625 508
626 999 626 509
627 1000 627 509
628 1002 628 510
629 1003 629 511
630 1005 630 512
631 1006 631 512
632 1008 632 513
633 1010 633 514
634 1011 634 515
635 1013 635 516
636 1014 636 516
637 1016 637 517
638 1017 638 518
639 1019 639 519
640 1020 640 519
641 1022 641 520
642 1023 642 521
643 1025 643 522
644 1027 644 523
645 1028 645 523
647 1030 647 524
648 1031 648 525
649 1033 649 526
650 1034 650 526
651 1036 651 528
652 1037 652 528
653 1039 653 529
654 1040 654 530
655 1042 655 531
656 1043 656 531
657 1045 657 532
658 1046 658 533
659 1048 659 534
660 1050 660 535
661 1051 661 536
662 1053 662 537
663 1054 663 537
664 1056 664 538
665 1057 665 539
666 1059 666 540
667 1060 667 540
668 1062 668 541
669 1063 669 542
670 1065 670 543
671 1066 671 544
672 1068 672 545
673 1069 673 545
674 1071 674 546
675 1073 675 548
676 1074 676 548
677 1076 677 549
678 1077 678 550
679 1079 679 551
680 1080 680 551
681 1082 681 553
682 1083 682 553
683 1085 683 554
684 1086 684 555
685 1088 685 556
686 1089 686 557
687 1091 687 558
688 1092 688 558
690 1094 690 559
691 1095 691 560
692 1097 692 561
693 1098 693 562
694 1100 694 563
695 1101 695 563
696 1103 696 565
697 1105 697 566
698 1106 698 566
699 1108 699 568
700 1109 700 568
701 1111 701 569
702 1112 702 570
703 1114 703 571
704 1115 704 572
705 1117 705 573
706 1118 706 573
707 1120 707 575
708 1121 708 575
709 1123 709 576
710 1124 710 577
711 1126 711 578
712 1127 712 579
713 1129 713 580
714 1130 714 581
715 1132 715 582
716 1133 716 582
717 1135 717 584
718 1136 718 584
719 1138 719 585
720 1139 720 586
721 1141 721 587
722 1142 722 588
723 1144 723 589
724 1145 724 590
725 1147 725 591
726 1148 726 592
727 1150 727 593
728 1151 728 593
729 1153 729 595
730 1154 730 595
731 1156 731 596
733 1157 733 597
734 1159 734 598
735 1160 735 599
736 1162 736 600
737 1163 737 601
738 1165 738 602
739 1166 739 603
740 1168 740 604
741 1169 741 605
742 1171 742 606
743 1172 743 607
744 1174 744 608
745 1175 745 608
746 1177 746 610
747 1178 747 610
748 1180 748 612
749 1181 749 612
750 1183 750 614
751 1184 751 614
752 1186 752 615
753 1187 753 616
754 1189 754 617
755 1190 755 618
756 1192 756 619
757 1193 757 620
758 1195 758 621
759 1196 759 622
760 1198 760 623
761 1199 761 624
762 1201 762 625
763 1202 763 626
764 1204 764 627
765 1205 765 628
766 1207 766 629
767 1208 767 630
768 1210 768 631
769 1211 769 632
770 1213 770 633
771 1214 771 634
772 1216 772 635
773 1217 773 636
774 1219 774 637
776 1220 776 638
777 1222 777 639
778 1223 778 640
779 1225 779 641
780 1226 780 642
781 1228 781 643
782 1229 782 644
783 1231 783 645
784 1232 784 646
785 1234 785 647
786 1235 786 648
787 1237 787 649
788 1238 788 650
789 1239 789 651
790 1241 790 652
791 1242 791 653
792 1244 792 654
793 1245 793 655
794 1247 794 656
795 1248 795 657
796 1250 796 658
797 1251 797 659
798 1253 798 660
799 1254 799 661
800 1256 800 663
801 1257 801 663
802 1259 802 665
803 1260 803 665
804 1262 804 667
805 1263 805 667
806 1265 806 669
807 1266 807 670
808 1267 808 670
809 1269 809 672
810 1270 810 672
811 1272 811 674
812 1273 812 675
813 1275 813 676
814 1276 814 677
815 1278 815 678
816 1279 816 679
817 1281 817 680
818 1282 818 681
820 1284 820 682
821 1285 821 683
822 1287 822 685
823 1288 823 685
824 1289 824 686
825 1291 825 688
826 1292 826 688
827 1294 827 690
828 1295 828 690
829 1297 829 692
830 1298 830 693
831 1300 831 694
832 1301 832 695
833 1303 833 696
834 1304 834 697
835 1306 835 699
836 1307 836 699
837 1308 837 700
838 1310 838 701
839 1311 839 702
840 1313 840 704
841 1314 841 704
842 1316 842 706
843 1317 843 707
844 1319 844 708
845 1320 845 709
846 1322 846 710
847 1323 847 711
848 1324 848 712
849 1326 849 713
850 1327 850 714
851 1329 851 716
852 1330 852 716
853 1332 853 718
854 1333 854 719
855 1335 855 720
856 1336 856 721
857 1337 857 722
858 1339 858 723
859 1340 859 724
860 1342 860 726
861 1343 861 726
863 1345 863 728
864 1346 864 729
865 1348 865 730
866 1349 866 731
867 1350 867 732
868 1352 868 733
869 1353 869 734
870 1355 870 736
871 1356 871 736
872 1358 872 738
873 1359 873 739
874 1360 874 740
875 1362 875 741
876 1363 876 742
877 1365 877 743
878 1366 878 744
879 1368 879 746
880 1369 880 747
881 1371 881 748
882 1372 882 749
883 1373 883 750
884 1375 884 751
885 1376 885 752
886 1378 886 754
887 1379 887 755
888 1381 888 756
889 1382 889 757
890 1383 890 758
891 1385 891 759
892 1386 892 760
893 1388 893 762
894 1389 894 763
895 1391 895 764
896 1392 896 765
897 1393 897 766
898 1395 898 767
899 1396 899 768
900 1398 900 770
901 1399 901 771
902 1401 902 772
903 1402 903 773
904 1403 904 774
906 1405 906 775
907 1406 907 776
908 1408 908 778
909 1409 909 779
910 1410 910 780
911 1412 911 781
912 1413 912 782
913 1415 913 784
914 1416 914 784
915 1418 915 786
916 1419 916 787
917 1420 917 788
918 1422 918 789
919 1423 919 790
920 1425 920 792
921 1426 921 793
922 1427 922 794
923 1429 923 795
924 1430 924 796
925 1432 925 798
926 1433 926 799
927 1435 927 800
928 1436 928 801
929 1437 929 802
930 1439 930 804
931 1440 931 805
932 1442 932 806
933 1443 933 807
934 1444 934 808
935 1446 935 810
936 1447 936 810
937 1449 937 812
938 1450 938 813
939 1451 939 814
940 1453 940 816
941 1454 941 816
942 1456 942 818
943 1457 943 819
944 1458 944 820
945 1460 945 822
946 1461 946 822
947 1463 947 824
949 1464 949 825
950 1465 950 826
951 1467 951 828
952 1468 952 828
953 1470 953 830
954 1471 954 831
955 1472 955 832
956 1474 956 834
957 1475 957 834
958 1477 958 836
959 1478 959 837
960 1479 960 838
961 1481 961 840
962 1482 962 841
963 1484 963 842
964 1485 964 843
965 1486 965 844
966 1488 966 846
967 1489 967 847
968 1490 968 848
969 1492 969 849
970 1493 970 850
971 1495 971 852
972 1496 972 853
973 1497 973 854
974 1499 974 856
975 1500 975 856
976 1502 976 858
977 1503 977 859
978 1504 978 860
979 1506 979 862
980 1507 980 863
981 1509 981 865
982 1510 982 865
983 1511 983 866
984 1513 984 868
985 1514 985 869
986 1515 986 870
987 1517 987 872
988 1518 988 873
989 1520 989 874
990 1521 990 875
992 1522 992 876
993 1524 993 878
994 1525 994 879
995 1526 995 880
996 1528 996 882
997 1529 997 883
998 1531 998 884
999 1532 999 885
1000 1533 1000 886
1001 1535 1001 888
1002 1536 1002 889
1003 1537 1003 890
1004 1539 1004 892
1005 1540 1005 893
1006 1541 1006 894
1007 1543 1007 895
1008 1544 1008 896
1009 1546 1009 898
1010 1547 1010 899
1011 1548 1011 900
1012 1550 1012 902
1013 1551 1013 903
1014 1552 1014 904
1015 1554 1015 906
1016 1555 1016 907
1017 1556 1017 908
1018 1558 1018 909
1019 1559 1019 910
1020 1561 1020 912
1021 1562 1021 913
1022 1563 1022 914
1023 1565 1023 916
1024 1566 1024 917
1025 1567 1025 918
1026 1569 1026 920
1027 1570 1027 921
1028 1571 1028 922
1029 1573 1029 924
1030 1574 1030 924
1031 1575 1031 925
1032 1577 1032 927
1033 1578 1033 928
1035 1580 1035 930
1036 1581 1036 931
1037 1582 1037 932
1038 1584 1038 934
1039 1585 1039 935
1040 1586 1040 936
1041 1588 1041 938
1042 1589 1042 939
1043 1590 1043 940
1044 1592 1044 942
1045 1593 1045 943
1046 1594 1046 944
1047 1596 1047 946
1048 1597 1048 946
1049 1598 1049 947
1050 1600 1050 949
1051 1601 1051 950
1052 1602 1052 951
1053 1604 1053 953
1054 1605 1054 954
1055 1606 1055 955
1056 1608 1056 957
1057 1609 1057 958
1058 1610 1058 959
1059 1612 1059 961
1060 1613 1060 962
1061 1614 1061 963
1062 1616 1062 965
1063 1617 1063 966
1064 1619 1064 968
1065 1620 1065 969
1066 1621 1066 970
1067 1623 1067 972
1068 1624 1068 973
1069 1625 1069 974
1070 1627 1070 976
1071 1628 1071 977
1072 1629 1072 978
1073 1630 1073 979
1074 1632 1074 981
1075 1633 1075 982
1076 1634 1076 983
1078 1636 1078 985
1079 1637 1079 986
1080 1638 1080 987
1081 1640 1081 989
1082 1641 1082 990
1083 1642 1083 991
1084 1644 1084 993
1085 1645 1085 994
1086 1646 1086 995
1087 1648 1087 997
1088 1649 1088 998
1089 1650 1089 999
1090 1652 1090 1001
1091 1653 1091 1002
1092 1654 1092 1003
1093 1656 1093 1005
1094 1657 1094 1006
1095 1658 1095 1007
1096 1660 1096 1009
1097 1661 1097 1010
1098 1662 1098 1011
1099 1664 1099 1013
1100 1665 1100 1014
1101 1666 1101 1015
1102 1667 1102 1016
1103 1669 1103 1018
1104 1670 1104 1019
1105 1671 1105 1020
1106 1673 1106 1022
1107 1674 1107 1023
1108 1675 1108 1024
1109 1677 1109 1026
1110 1678 1110 1027
1111 1679 1111 1028
1112 1681 1112 1030
1113 1682 1113 1031
1114 1683 1114 1032
1115 1684 1115 1033
1116 1686 1116 1036
1117 1687 1117 1037
1118 1688 1118 1038
1119 1690 1119 1040
1121 1691 1121 1041
1122 1692 1122 1042
1123 1694 1123 1044
1124 1695 1124 1045
1125 1696 1125 1046
1126 1698 1126 1048
1127 1699 1127 1049
1128 1700 1128 1050
1129 1701 1129 1051
1130 1703 1130 1053
1131 1704 1131 1054
1132 1705 1132 1055
1133 1707 1133 1057
1134 1708 1134 1058
1135 1709 1135 1060
1136 1710 1136 1061
1137 1712 1137 1063
1138 1713 1138 1064
1139 1714 1139 1065
1140 1716 1140 1067
1141 1717 1141 1068
1142 1718 1142 1069
1143 1720 1143 1071
1144 1721 1144 1072
1145 1722 1145 1073
1146 1723 1146 1074
1147 1725 1147 1076
1148 1726 1148 1078
1149 1727 1149 1079
1150 1729 1150 1081
1151 1730 1151 1082
1152 1731 1152 1083
1153 1732 1153 1084
1154 1734 1154 1086
1155 1735 1155 1087
1156 1736 1156 1088
1157 1737 1157 1089
1158 1739 1158 1091
1159 1740 1159 1093
1160 1741 1160 1094
1161 1743 1161 1096
1162 1744 1162 1097
1164 1745 1164 1098
1165 1746 1165 1099
1166 1748 1166 1101
1167 1749 1167 1102
1168 1750 1168 1103
1169 1752 1169 1106
1170 1753 1170 1107
1171 1754 1171 1108
1172 1755 1172 1109
1173 1757 1173 1111
1174 1758 1174 1112
1175 1759 1175 1113
1176 1760 1176 1114
1177 1762 1177 1116
1178 1763 1178 1118
1179 1764 1179 1119
1180 1766 1180 1121
1181 1767 1181 1122
1182 1768 1182 1123
1183 1769 1183 1124
1184 1771 1184 1126
1185 1772 1185 1127
1186 1773 1186 1129
1187 1774 1187 1130
1188 1776 1188 1132
1189 1777 1189 1133
1190 1778 1190 1134
1191 1779 1191 1135
1192 1781 1192 1137
1193 1782 1193 1138
1194 1783 1194 1140
1195 1784 1195 1141
1196 1786 1196 1143
1197 1787 1197 1144
1198 1788 1198 1145
1199 1789 1199 1146
1200 1791 1200 1149
1201 1792 1201 1150
1202 1793 1202 1151
1203 1794 1203 1152
1204 1796 1204 1154
1205 1797 1205 1155
1207 1798 1207 1156
1208 1799 1208 1157
1209 1801 1209 1160
1210 1802 1210 1161
1211 1803 1211 1162
1212 1804 1212 1163
1213 1806 1213 1165
1214 1807 1214 1166
1215 1808 1215 1168
1216 1809 1216 1169
1217 1811 1217 1171
1218 1812 1218 1172
1219 1813 1219 1173
1220 1814 1220 1174
1221 1816 1221 1177
1222 1817 1222 1178
1223 1818 1223 1179
1224 1819 1224 1180
1225 1821 1225 1182
1226 1822 1226 1184
1227 1823 1227 1185
1228 1824 1228 1186
1229 1826 1229 1188
1230 1827 1230 1189
1231 1828 1231 1190
1232 1829 1232 1192
1233 1831 1233 1194
1234 1832 1234 1195
1235 1833 1235 1196
1236 1834 1236 1197
1237 1835 1237 1198
1238 1837 1238 1201
1239 1838 1239 1202
1240 1839 1240 1203
1241 1840 1241 1204
1242 1842 1242 1206
1243 1843 1243 1208
1244 1844 1244 1209
1245 1845 1245 1210
1246 1847 1246 1212
1247 1848 1247 1213
1248 1849 1248 1215
1249 1850 1249 1216
1251 1851 1251 1217
1252 1853 1252 1219
1253 1854 1253 1220
1254 1855 1254 1222
1255 1856 1255 1223
1256 1858 1256 1225
1257 1859 1257 1226
1258 1860 1258 1227
1259 1861 1259 1229
1260 1862 1260 1230
1261 1864 1261 1232
1262 1865 1262 1233
1263 1866 1263 1234
1264 1867 1264 1236
1265 1868 1265 1237
1266 1870 1266 1239
1267 1871 1267 1240
1268 1872 1268 1242
1269 1873 1269 1243
1270 1875 1270 1245
1271 1876 1271 1246
1272 1877 1272 1247
1273 1878 1273 1249
1274 1879 1274 1250
1275 1881 1275 1252
1276 1882 1276 1253
1277 1883 1277 1255
1278 1884 1278 1256
1279 1885 1279 1257
1280 1887 1280 1259
1281 1888 1281 1261
1282 1889 1282 1262
1283 1890 1283 1263
1284 1891 1284 1264
1285 1893 1285 1267
1286 1894 1286 1268
1287 1895 1287 1269
1288 1896 1288 1270
1289 1897 1289 1271
1290 1899 1290 1274
1291 1900 1291 1275
1292 1901 1292 1276
1294 1902 1294 1277
1295 1903 1295 1279
1296 1905 1296 1281
1297 1906 1297 1282
1298 1907 1298 1283
1299 1908 1299 1285
1300 1909 1300 1286
1301 1911 1301 1288
1302 1912 1302 1289
1303 1913 1303 1291
1304 1914 1304 1292
1305 1915 1305 1293
1306 1917 1306 1295
1307 1918 1307 1297
1308 1919 1308 1298
1309 1920 1309 1299
1310 1921 1310 1300
1311 1922 1311 1302
1312 1924 1312 1304
1313 1925 1313 1305
1314 1926 1314 1306
1315 1927 1315 1308
1316 1928 1316 1309
1317 1930 1317 1311
1318 1931 1318 1313
1319 1932 1319 1314
1320 1933 1320 1315
1321 1934 1321 1316
1322 1935 1322 1317
1323 1937 1323 1320
1324 1938 1324 1321
1325 1939 1325 1322
1326 1940 1326 1324
1327 1941 1327 1325
1328 1943 1328 1327
1329 1944 1329 1329
1330 1945 1330 1330
1331 1946 1331 1331
1332 1947 1332 1332
1333 1948 1333 1333
1334 1950 1334 1336
1335 1951 1335 1337
1337 1952 1337 1338
1338 1953 1338 1340
1339 1954 1339 1341
1340 1955 1340 1342
1341 1957 1341 1345
1342 1958 1342 1346
1343 1959 1343 1347
1344 1960 1344 1348
1345 1961 1345 1350
1346 1962 1346 1351
1347 1964 1347 1353
1348 1965 1348 1355
1349 1966 1349 1356
1350 1967 1350 1357
1351 1968 1351 1358
1352 1969 1352 1360
1353 1970 1353 1361
1354 1972 1354 1363
1355 1973 1355 1365
1356 1974 1356 1366
1357 1975 1357 1367
1358 1976 1358 1369
1359 1977 1359 1370
1360 1979 1360 1372
1361 1980 1361 1374
1362 1981 1362 1375
1363 1982 1363 1376
1364 1983 1364 1377
1365 1984 1365 1379
1366 1985 1366 1380
1367 1987 1367 1382
1368 1988 1368 1384
1369 1989 1369 1385
1370 1990 1370 1386
1371 1991 1371 1388
1372 1992 1372 1389
1373 1994 1373 1391
1374 1995 1374 1393
1375 1996 1375 1394
1376 1997 1376 1395
1377 1998 1377 1396
1378 1999 1378 1398
1380 2000 1380 1399
1381 2002 1381 1402
1382 2003 1382 1403
1383 2004 1383 1404
1384 2005 1384 1405
1385 2006 1385 1407
1386 2007 1386 1408
1387 2008 1387 1409
1388 2010 1388 1412
1389 2011 1389 1413
1390 2012 1390 1414
1391 2013 1391 1416
1392 2014 1392 1417
1393 2015 1393 1418
1394 2016 1394 1420
1395 2017 1395 1421
1396 2019 1396 1423
1397 2020 1397 1425
1398 2021 1398 1426
1399 2022 1399 1427
1400 2023 1400 1429
1401 2024 1401 1430
1402 2025 1402 1431
1403 2026 1403 1433
1404 2028 1404 1435
1405 2029 1405 1436
1406 2030 1406 1438
1407 2031 1407 1439
1408 2032 1408 1440
1409 2033 1409 1442
1410 2034 1410 1443
1411 2035 1411 1444
1412 2037 1412 1447
1413 2038 1413 1448
1414 2039 1414 1450
1415 2040 1415 1451
1416 2041 1416 1452
1417 2042 1417 1453
1418 2043 1418 1455
1419 2044 1419 1456
1420 2046 1420 1459
1421 2047 1421 1460
1423 2048 1423 1461
1424 2049 1424 1463
1425 2050 1425 1464
1426 2051 1426 1465
1427 2052 1427 1467
1428 2053 1428 1468
1429 2054 1429 1469
1430 2056 1430 1472
1431 2057 1431 1473
1432 2058 1432 1475
1433 2059 1433 1476
1434 2060 1434 1477
1435 2061 1435 1479
1436 2062 1436 1480
1437 2063 1437 1481
1438 2064 1438 1483
1439 2065 1439 1484
1440 2067 1440 1487
1441 2068 1441 1488
1442 2069 1442 1489
1443 2070 1443 1491
1444 2071 1444 1492
1445 2072 1445 1493
1446 2073 1446 1495
1447 2074 1447 1496
1448 2075 1448 1497
1449 2076 1449 1499
1450 2078 1450 1501
1451 2079 1451 1503
1452 2080 1452 1504
1453 2081 1453 1505
1454 2082 1454 1507
1455 2083 1455 1508
1456 2084 1456 1509
1457 2085 1457 1511
1458 2086 1458 1512
1459 2087 1459 1513
1460 2089 1460 1516
1461 2090 1461 1517
1462 2091 1462 1519
1463 2092 1463 1520
1464 2093 1464 1521
1466 2094 1466 1523
1467 2095 1467 1524
1468 2096 1468 1525
1469 2097 1469 1527
1470 2098 1470 1528
1471 2099 1471 1530
1472 2100 1472 1531
1473 2102 1473 1534
1474 2103 1474 1535
1475 2104 1475 1536
1476 2105 1476 1538
1477 2106 1477 1539
1478 2107 1478 1540
1479 2108 1479 1542
1480 2109 1480 1543
1481 2110 1481 1545
1482 2111 1482 1546
1483 2112 1483 1547
1484 2113 1484 1549
1485 2114 1485 1550
1486 2116 1486 1553
1487 2117 1487 1554
1488 2118 1488 1555
1489 2119 1489 1557
1490 2120 1490 1558
1491 2121 1491 1560
1492 2122 1492 1561
1493 2123 1493 1562
1494 2124 1494 1564
1495 2125 1495 1565
1496 2126 1496 1566
1497 2127 1497 1568
1498 2128 1498 1569
1499 2129 1499 1571
1500 2130 1500 1572
1501 2132 1501 1575
1502 2133 1502 1576
1503 2134 1503 1578
1504 2135 1504 1579
1505 2136 1505 1580
1506 2137 1506 1582
1507 2138 1507 1583
1509 2139 1509 1584
1510 2140 1510 1586
1511 2141 1511 1587
1512 2142 1512 1589
1513 2143 1513 1590
1514 2144 1514 1591
1515 2145 1515 1593
1516 2146 1516 1594
1517 2147 1517 1596
1518 2148 1518 1597
1519 2149 1519 1598
1520 2151 1520 1601
1521 2152 1521 1603
1522 2153 1522 1604
1523 2154 1523 1605
1524 2155 1524 1607
1525 2156 1525 1608
1526 2157 1526 1610
1527 2158 1527 1611
1528 2159 1528 1612
1529 2160 1529 1614
1530 2161 1530 1615
1531 2162 1531 1617
1532 2163 1532 1618
1533 2164 1533 1619
1534 2165 1534 1621
1535 2166 1535 1622
1536 2167 1536 1624
1537 2168 1537 1625
1538 2169 1538 1626
1539 2170 1539 1628
1540 2171 1540 1629
1541 2172 1541 1631
1542 2173 1542 1632
1543 2175 1543 1635
1544 2176 1544 1636
1545 2177 1545 1638
1546 2178 1546 1639
1547 2179 1547 1641
1548 2180 1548 1642
1549 2181 1549 1643
1550 2182 1550 1645
1552 2183 1552 1646
1553 2184 1553 1648
1554 2185 1554 1649
1555 2186 1555 1651
1556 2187 1556 1652
1557 2188 1557 1653
1558 2189 1558 1655
1559 2190 1559 1656
1560 2191 1560 1658
1561 2192 1561 1659
1562 2193 1562 1661
1563 2194 1563 1662
1564 2195 1564 1663
1565 2196 1565 1665
1566 2197 1566 1666
1567 2198 1567 1668
1568 2199 1568 1669
1569 2200 1569 1671
1570 2201 1570 1672
1571 2202 1571 1673
1572 2203 1572 1675
1573 2204 1573 1676
1574 2205 1574 1678
1575 2206 1575 1679
1576 2207 1576 1681
1577 2208 1577 1682
1578 2209 1578 1684
1579 2210 1579 1685
1580 2211 1580 1686
1581 2212 1581 1688
1582 2213 1582 1689
1583 2214 1583 1691
1584 2215 1584 1692
1585 2216 1585 1694
1586 2217 1586 1695
1587 2218 1587 1697
1588 2219 1588 1698
1589 2220 1589 1699
1590 2221 1590 1701
1591 2222 1591 1702
1592 2223 1592 1704
1593 2224 1593 1705
1595 2225 1595 1707
1596 2226 1596 1708
1597 2227 1597 1710
1598 2228 1598 1711
1599 2229 1599 1713
1600 2230 1600 1714
1601 2231 1601 1715
1602 2232 1602 1717
1603 2233 1603 1718
1604 2234 1604 1720
1605 2235 1605 1721
1606 2236 1606 1723
1607 2237 1607 1724
1608 2238 1608 1726
1609 2239 1609 1727
1610 2240 1610 1729
1611 2241 1611 1730
1612 2242 1612 1732
1613 2243 1613 1733
1614 2244 1614 1735
1615 2245 1615 1736
1616 2246 1616 1737
1617 2247 1617 1739
1618 2248 1618 1740
1619 2249 1619 1742
1620 2250 1620 1743
1621 2251 1621 1745
1622 2252 1622 1746
1623 2253 1623 1748
1624 2254 1624 1749
1625 2255 1625 1751
1626 2256 1626 1752
1627 2257 1627 1754
1628 2258 1628 1755
1629 2259 1629 1757
1630 2260 1630 1758
1631 2261 1631 1760
1632 2262 1632 1761
1633 2263 1633 1763
1634 2264 1634 1764
1635 2265 1635 1766
1636 2266 1636 1767
1637 2267 1637 1769
1639 2268 1639 1770
1640 2269 1640 1772
1641 2270 1641 1773
1642 2271 1642 1775
1643 2272 1643 1776
1644 2273 1644 1778
1645 2274 1645 1779
1646 2275 1646 1780
1647 2276 1647 1782
1648 2277 1648 1783
1649 2278 1649 1785
1650 2279 1650 1786
1651 2279 1651 1786
1652 2280 1652 1788
1653 2281 1653 1789
1654 2282 1654 1791
1655 2283 1655 1792
1656 2284 1656 1794
1657 2285 1657 1795
1658 2286 1658 1797
1659 2287 1659 1798
1660 2288 1660 1800
1661 2289 1661 1801
1662 2290 1662 1803
1663 2291 1663 1805
1664 2292 1664 1806
1665 2293 1665 1808
1666 2294 1666 1809
1667 2295 1667 1811
1668 2296 1668 1812
1669 2297 1669 1814
1670 2298 1670 1815
1671 2299 1671 1817
1672 2300 1672 1818
1673 2301 1673 1820
1674 2302 1674 1821
1675 2302 1675 1821
1676 2303 1676 1823
1677 2304 1677 1824
1678 2305 1678 1826
1679 2306 1679 1827
1680 2307 1680 1829
1682 2308 1682 1830
1683 2309 1683 1832
1684 2310 1684 1833
1685 2311 1685 1835
1686 2312 1686 1836
1687 2313 1687 1838
1688 2314 1688 1839
1689 2315 1689 1841
1690 2316 1690 1842
1691 2317 1691 1844
1692 2318 1692 1845
1693 2318 1693 1845
1694 2319 1694 1847
1695 2320 1695 1849
1696 2321 1696 1850
1697 2322 1697 1852
1698 2323 1698 1853
1699 2324 1699 1855
1700 2325 1700 1856
1701 2326 1701 1858
1702 2327 1702 1859
1703 2328 1703 1861
1704 2329 1704 1862
1705 2330 1705 1864
1706 2331 1706 1865
1707 2332 1707 1867
1708 2332 1708 1867
1709 2333 1709 1868
1710 2334 1710 1870
1711 2335 1711 1872
1712 2336 1712 1873
1713 2337 1713 1875
1714 2338 1714 1876
1715 2339 1715 1878
1716 2340 1716 1879
1717 2341 1717 1881
1718 2342 1718 1882
1719 2343 1719 1884
1720 2344 1720 1885
1721 2344 1721 1885
1722 2345 1722 1887
1723 2346 1723 1889
1725 2347 1725 1890
1726 2348 1726 1892
1727 2349 1727 1893
1728 2350 1728 1895
1729 2351 1729 1896
1730 2352 1730 1898
1731 2353 1731 1899
1732 2354 1732 1901
1733 2355 1733 1903
1734 2355 1734 1903
1735 2356 1735 1904
1736 2357 1736 1906
1737 2358 1737 1907
1738 2359 1738 1909
1739 2360 1739 1910
1740 2361 1740 1912
1741 2362 1741 1913
1742 2363 1742 1915
1743 2364 1743 1917
1744 2365 1744 1918
1745 2365 1745 1918
1746 2366 1746 1920
1747 2367 1747 1921
1748 2368 1748 1923
1749 2369 1749 1924
1750 2370 1750 1926
1751 2371 1751 1928
1752 2372 1752 1929
1753 2373 1753 1931
1754 2374 1754 1932
1755 2374 1755 1932
1756 2375 1756 1934
1757 2376 1757 1935
1758 2377 1758 1937
1759 2378 1759 1939
1760 2379 1760 1940
1761 2380 1761 1942
1762 2381 1762 1943
1763 2382 1763 1945
1764 2382 1764 1945
1765 2383 1765 1946
1766 2384 1766 1948
1768 2385 1768 1950
1769 2386 1769 1951
1770 2387 1770 1953
1771 2388 1771 1954
1772 2389 1772 1956
1773 2390 1773 1958
1774 2390 1774 1958
1775 2391 1775 1959
1776 2392 1776 1961
1777 2393 1777 1962
1778 2394 1778 1964
1779 2395 1779 1965
1780 2396 1780 1967
1781 2397 1781 1969
1782 2398 1782 1970
1783 2398 1783 1970
1784 2399 1784 1972
1785 2400 1785 1973
1786 2401 1786 1975
1787 2402 1787 1977
1788 2403 1788 1978
1789 2404 1789 1980
1790 2405 1790 1981
1791 2405 1791 1981
1792 2406 1792 1983
1793 2407 1793 1985
1794 2408 1794 1986
1795 2409 1795 1988
1796 2410 1796 1989
1797 2411 1797 1991
1798 2412 1798 1993
1799 2412 1799 1993
1800 2413 1800 1994
1801 2414 1801 1996
1802 2415 1802 1997
1803 2416 1803 1999
1804 2417 1804 2001
1805 2418 1805 2002
1806 2418 1806 2002
1807 2419 1807 2004
1808 2420 1808 2005
1809 2421 1809 2007
1811 2422 1811 2009
1812 2423 1812 2010
1813 2424 1813 2012
1814 2424 1814 2012
1815 2425 1815 2013
1816 2426 1816 2015
1817 2427 1817 2017
1818 2428 1818 2018
1819 2429 1819 2020
1820 2430 1820 2022
1821 2430 1821 2022
1822 2431 1822 2023
1823 2432 1823 2025
1824 2433 1824 2026
1825 2434 1825 2028
1826 2435 1826 2030
1827 2436 1827 2031
1828 2436 1828 2031
1829 2437 1829 2033
1830 2438 1830 2034
1831 2439 1831 2036
1832 2440 1832 2038
1833 2441 1833 2039
1834 2442 1834 2041
1835 2442 1835 2041
1836 2443 1836 2043
1837 2444 1837 2044
1838 2445 1838 2046
1839 2446 1839 2047
1840 2447 1840 2049
1841 2447 1841 2049
1842 2448 1842 2051
1843 2449 1843 2052
1844 2450 1844 2054
1845 2451 1845 2056
1846 2452 1846 2057
1847 2452 1847 2057
1848 2453 1848 2059
1849 2454 1849 2061
1850 2455 1850 2062
1851 2456 1851 2064
1852 2457 1852 2065
1854 2458 1854 2067
1855 2458 1855 2067
1856 2459 1856 2069
1857 2460 1857 2070
1858 2461 1858 2072
1859 2462 1859 2074
1860 2462 1860 2074
1861 2463 1861 2075
1862 2464 1862 2077
1863 2465 1863 2079
1864 2466 1864 2080
1865 2467 1865 2082
1866 2467 1866 2082
1867 2468 1867 2083
1868 2469 1868 2085
1869 2470 1869 2087
1870 2471 1870 2088
1871 2472 1871 2090
1872 2472 1872 2090
1873 2473 1873 2092
1874 2474 1874 2093
1875 2475 1875 2095
1876 2476 1876 2097
1877 2477 1877 2098
1878 2477 1878 2098
1879 2478 1879 2100
1880 2479 1880 2102
1881 2480 1881 2103
1882 2481 1882 2105
1883 2481 1883 2105
1884 2482 1884 2107
1885 2483 1885 2108
1886 2484 1886 2110
1887 2485 1887 2112
1888 2485 1888 2112
1889 2486 1889 2113
1890 2487 1890 2115
1891 2488 1891 2117
1892 2489 1892 2118
1893 2490 1893 2120
1894 2490 1894 2120
1895 2491 1895 2122
1897 2492 1897 2123
1898 2493 1898 2125
1899 2494 1899 2126
1900 2494 1900 2126
1901 2495 1901 2128
1902 2496 1902 2130
1903 2497 1903 2131
1904 2498 1904 2133
1905 2498 1905 2133
1906 2499 1906 2135
1907 2500 1907 2137
1908 2501 1908 2138
1909 2502 1909 2140
1910 2502 1910 2140
1911 2503 1911 2142
1912 2504 1912 2143
1913 2505 1913 2145
1914 2506 1914 2147
1915 2506 1915 2147
1916 2507 1916 2148
1917 2508 1917 2150
1918 2509 1918 2152
1919 2510 1919 2153
1920 2510 1920 2153
1921 2511 1921 2155
1922 2512 1922 2157
1923 2513 1923 2158
1924 2514 1924 2160
1925 2514 1925 2160
1926 2515 1926 2162
1927 2516 1927 2163
1928 2517 1928 2165
1929 2517 1929 2165
1930 2518 1930 2167
1931 2519 1931 2168
1932 2520 1932 2170
1933 2521 1933 2172
1934 2521 1934 2172
1935 2522 1935 2173
1936 2523 1936 2175
1937 2524 1937 2177
1938 2525 1938 2178
1940 2525 1940 2178
1941 2526 1941 2180
1942 2527 1942 2182
1943 2528 1943 2184
1944 2528 1944 2184
1945 2529 1945 2185
1946 2530 1946 2187
1947 2531 1947 2189
1948 2532 1948 2190
1949 2532 1949 2190
1950 2533 1950 2192
1951 2534 1951 2194
1952 2535 1952 2195
1953 2535 1953 2195
1954 2536 1954 2197
1955 2537 1955 2199
1956 2538 1956 2201
1957 2539 1957 2202
1958 2539 1958 2202
1959 2540 1959 2204
1960 2541 1960 2206
1961 2542 1961 2207
1962 2542 1962 2207
1963 2543 1963 2209
1964 2544 1964 2211
1965 2545 1965 2212
1966 2545 1966 2212
1967 2546 1967 2214
1968 2547 1968 2216
1969 2548 1969 2218
1970 2548 1970 2218
1971 2549 1971 2219
1972 2550 1972 2221
1973 2551 1973 2223
1974 2552 1974 2224
1975 2552 1975 2224
1976 2553 1976 2226
1977 2554 1977 2228
1978 2555 1978 2230
1979 2555 1979 2230
1980 2556 1980 2231
1981 2557 1981 2233
1983 2558 1983 2235
1984 2558 1984 2235
1985 2559 1985 2236
1986 2560 1986 2238
1987 2561 1987 2240
1988 2561 1988 2240
1989 2562 1989 2242
1990 2563 1990 2243
1991 2564 1991 2245
1992 2564 1992 2245
1993 2565 1993 2247
1994 2566 1994 2248
1995 2567 1995 2250
1996 2567 1996 2250
1997 2568 1997 2252
1998 2569 1998 2254
1999 2570 1999 2255
2000 2570 2000 2255
2001 2571 2001 2257
2002 2572 2002 2259
2003 2573 2003 2260
2004 2573 2004 2260
2005 2574 2005 2262
2006 2575 2006 2264
2007 2576 2007 2266
2008 2576 2008 2266
2009 2577 2009 2267
2010 2578 2010 2269
2011 2578 2011 2269
2012 2579 2012 2271
2013 2580 2013 2273
2014 2581 2014 2274
2015 2581 2015 2274
2016 2582 2016 2276
2017 2583 2017 2278
2018 2584 2018 2280
2019 2584 2019 2280
2020 2585 2020 2281
2021 2586 2021 2283
2022 2587 2022 2285
2023 2587 2023 2285
2024 2588 2024 2286
2026 2589 2026 2288
2027 2589 2027 2288
2028 2590 2028 2290
2029 2591 2029 2292
2030 2592 2030 2293
2031 2592 2031 2293
2032 2593 2032 2295
2033 2594 2033 2297
2034 2595 2034 2299
2035 2595 2035 2299
2036 2596 2036 2300
2037 2597 2037 2302
2038 2597 2038 2302
2039 2598 2039 2304
2040 2599 2040 2306
2041 2600 2041 2307
2042 2600 2042 2307
2043 2601 2043 2309
2044 2602 2044 2311
2045 2602 2045 2311
2046 2603 2046 2313
2047 2604 2047 2314
2048 2605 2048 2316
2049 2605 2049 2316
2050 2606 2050 2318
2051 2607 2051 2320
2052 2608 2052 2321
2053 2608 2053 2321
2054 2609 2054 2323
2055 2610 2055 2325
2056 2610 2056 2325
2057 2611 2057 2327
2058 2612 2058 2328
2059 2612 2059 2328
2060 2613 2060 2330
2061 2614 2061 2332
2062 2615 2062 2334
2063 2615 2063 2334
2064 2616 2064 2335
2065 2617 2065 2337
2066 2617 2066 2337
2067 2618 2067 2339
2068 2619 2068 2341
2070 2620 2070 2343
2071 2620 2071 2343
2072 2621 2072 2344
2073 2622 2073 2346
2074 2622 2074 2346
2075 2623 2075 2348
2076 2624 2076 2350
2077 2624 2077 2350
2078 2625 2078 2351
2079 2626 2079 2353
2080 2627 2080 2355
2081 2627 2081 2355
2082 2628 2082 2357
2083 2629 2083 2358
2084 2629 2084 2358
2085 2630 2085 2360
2086 2631 2086 2362
2087 2631 2087 2362
2088 2632 2088 2364
2089 2633 2089 2366
2090 2634 2090 2367
2091 2634 2091 2367
2092 2635 2092 2369
2093 2636 2093 2371
2094 2636 2094 2371
2095 2637 2095 2373
2096 2638 2096 2374
2097 2638 2097 2374
2098 2639 2098 2376
2099 2640 2099 2378
2100 2640 2100 2378
2101 2641 2101 2380
2102 2642 2102 2382
2103 2642 2103 2382
2104 2643 2104 2383
2105 2644 2105 2385
2106 2645 2106 2387
2107 2645 2107 2387
2108 2646 2108 2389
2109 2647 2109 2390
2110 2647 2110 2390
2111 2648 2111 2392
2113 2649 2113 2394
2114 2649 2114 2394
2115 2650 2115 2396
2116 2651 2116 2398
2117 2651 2117 2398
2118 2652 2118 2399
2119 2653 2119 2401
2120 2653 2120 2401
2121 2654 2121 2403
2122 2655 2122 2405
2123 2655 2123 2405
2124 2656 2124 2407
2125 2657 2125 2408
2126 2657 2126 2408
2127 2658 2127 2410
2128 2659 2128 2412
2129 2659 2129 2412
2130 2660 2130 2414
2131 2661 2131 2415
2132 2661 2132 2415
2133 2662 2133 2417
2134 2663 2134 2419
2135 2663 2135 2419
2136 2664 2136 2421
2137 2665 2137 2423
2138 2665 2138 2423
2139 2666 2139 2424
2140 2667 2140 2426
2141 2667 2141 2426
2142 2668 2142 2428
2143 2669 2143 2430
2144 2669 2144 2430
2145 2670 2145 2432
2146 2671 2146 2433
2147 2671 2147 2433
2148 2672 2148 2435
2149 2673 2149 2437
2150 2673 2150 2437
2151 2674 2151 2439
2152 2675 2152 2441
2153 2675 2153 2441
2154 2676 2154 2443
2156 2677 2156 2444
2157 2677 2157 2444
2158 2678 2158 2446
2159 2679 2159 2448
2160 2679 2160 2448
2161 2680 2161 2450
2162 2681 2162 2452
2163 2681 2163 2452
2164 2682 2164 2453
2165 2683 2165 2455
2166 2683 2166 2455
2167 2684 2167 2457
2168 2684 2168 2457
2169 2685 2169 2459
2170 2686 2170 2461
2171 2686 2171 2461
2172 2687 2172 2462
2173 2688 2173 2464
2174 2688 2174 2464
2175 2689 2175 2466
2176 2690 2176 2468
2177 2690 2177 2468
2178 2691 2178 2470
2179 2692 2179 2472
2180 2692 2180 2472
2181 2693 2181 2473
2182 2693 2182 2473
2183 2694 2183 2475
2184 2695 2184 2477
2185 2695 2185 2477
2186 2696 2186 2479
2187 2697 2187 2481
2188 2697 2188 2481
2189 2698 2189 2482
2190 2699 2190 2484
2191 2699 2191 2484
2192 2700 2192 2486
2193 2701 2193 2488
2194 2701 2194 2488
2195 2702 2195 2490
2196 2702 2196 2490
2197 2703 2197 2492
2199 2704 2199 2493
2200 2704 2200 2493
2201 2705 2201 2495
2202 2706 2202 2497
2203 2706 2203 2497
2204 2707 2204 2499
2205 2707 2205 2499
2206 2708 2206 2501
2207 2709 2207 2503
2208 2709 2208 2503
2209 2710 2209 2504
2210 2711 2210 2506
2211 2711 2211 2506
2212 2712 2212 2508
2213 2712 2213 2508
2214 2713 2214 2510
2215 2714 2215 2512
2216 2714 2216 2512
2217 2715 2217 2514
2218 2716 2218 2515
2219 2716 2219 2515
2220 2717 2220 2517
2221 2717 2221 2517
2222 2718 2222 2519
2223 2719 2223 2521
2224 2719 2224 2521
2225 2720 2225 2523
2226 2721 2226 2525
2227 2721 2227 2525
2228 2722 2228 2526
2229 2722 2229 2526
2230 2723 2230 2528
2231 2724 2231 2530
2232 2724 2232 2530
2233 2725 2233 2532
2234 2725 2234 2532
2235 2726 2235 2534
2236 2727 2236 2536
2237 2727 2237 2536
2238 2728 2238 2538
2239 2729 2239 2539
2240 2729 2240 2539
2242 2730 2242 2541
2243 2730 2243 2541
2244 2731 2244 2543
2245 2732 2245 2545
2246 2732 2246 2545
2247 2733 2247 2547
2248 2733 2248 2547
2249 2734 2249 2549
2250 2735 2250 2550
2251 2735 2251 2550
2252 2736 2252 2552
2253 2736 2253 2552
2254 2737 2254 2554
2255 2738 2255 2556
2256 2738 2256 2556
2257 2739 2257 2558
2258 2739 2258 2558
2259 2740 2259 2560
2260 2741 2260 2562
2261 2741 2261 2562
2262 2742 2262 2563
2263 2742 2263 2563
2264 2743 2264 2565
2265 2744 2265 2567
2266 2744 2266 2567
2267 2745 2267 2569
2268 2745 2268 2569
2269 2746 2269 2571
2270 2747 2270 2573
2271 2747 2271 2573
2272 2748 2272 2575
2273 2748 2273 2575
2274 2749 2274 2577
2275 2750 2275 2578
2276 2750 2276 2578
2277 2751 2277 2580
2278 2751 2278 2580
2279 2752 2279 2582
2280 2753 2280 2584
2281 2753 2281 2584
2282 2754 2282 2586
2283 2754 2283 2586
2285 2755 2285 2588
2286 2756 2286 2590
2287 2756 2287 2590
2288 2757 2288 2591
2289 2757 2289 2591
2290 2758 2290 2593
2291 2758 2291 2593
2292 2759 2292 2595
2293 2760 2293 2597
2294 2760 2294 2597
2295 2761 2295 2599
2296 2761 2296 2599
2297 2762 2297 2601
2298 2763 2298 2603
2299 2763 2299 2603
2300 2764 2300 2605
2301 2764 2301 2605
2302 2765 2302 2606
2303 2765 2303 2606
2304 2766 2304 2608
2305 2767 2305 2610
2306 2767 2306 2610
2307 2768 2307 2612
2308 2768 2308 2612
2309 2769 2309 2614
2310 2769 2310 2614
2311 2770 2311 2616
2312 2771 2312 2618
2313 2771 2313 2618
2314 2772 2314 2620
2315 2772 2315 2620
2316 2773 2316 2621
2317 2773 2317 2621
2318 2774 2318 2623
2319 2775 2319 2625
2320 2775 2320 2625
2321 2776 2321 2627
2322 2776 2322 2627
2323 2777 2323 2629
2324 2777 2324 2629
2325 2778 2325 2631
2326 2779 2326 2633
2328 2779 2328 2633
2329 2780 2329 2635
2330 2780 2330 2635
2331 2781 2331 2637
2332 2781 2332 2637
2333 2782 2333 2638
2334 2783 2334 2640
2335 2783 2335 2640
2336 2784 2336 2642
2337 2784 2337 2642
2338 2785 2338 2644
2339 2785 2339 2644
2340 2786 2340 2646
2341 2787 2341 2648
2342 2787 2342 2648
2343 2788 2343 2650
2344 2788 2344 2650
2345 2789 2345 2652
2346 2789 2346 2652
2347 2790 2347 2654
2348 2790 2348 2654
2349 2791 2349 2655
2350 2792 2350 2657
2351 2792 2351 2657
2352 2793 2352 2659
2353 2793 2353 2659
2354 2794 2354 2661
2355 2794 2355 2661
2356 2795 2356 2663
2357 2795 2357 2663
2358 2796 2358 2665
2359 2797 2359 2667
2360 2797 2360 2667
2361 2798 2361 2669
2362 2798 2362 2669
2363 2799 2363 2671
2364 2799 2364 2671
2365 2800 2365 2673
2366 2800 2366 2673
2367 2801 2367 2675
2368 2801 2368 2675
2369 2802 2369 2676
2371 2803 2371 2678
2372 2803 2372 2678
2373 2804 2373 2680
2374 2804 2374 2680
2375 2805 2375 2682
2376 2805 2376 2682
2377 2806 2377 2684
2378 2806 2378 2684
2379 2807 2379 2686
2380 2808 2380 2688
2381 2808 2381 2688
2382 2809 2382 2690
2383 2809 2383 2690
2384 2810 2384 2692
2385 2810 2385 2692
2386 2811 2386 2694
2387 2811 2387 2694
2388 2812 2388 2696
2389 2812 2389 2696
2390 2813 2390 2697
2391 2813 2391 2697
2392 2814 2392 2699
2393 2815 2393 2701
2394 2815 2394 2701
2395 2816 2395 2703
2396 2816 2396 2703
2397 2817 2397 2705
2398 2817 2398 2705
2399 2818 2399 2707
2400 2818 2400 2707
2401 2819 2401 2709
2402 2819 2402 2709
2403 2820 2403 2711
2404 2820 2404 2711
2405 2821 2405 2713
2406 2821 2406 2713
2407 2822 2407 2715
2408 2823 2408 2717
2409 2823 2409 2717
2410 2824 2410 2719
2411 2824 2411 2719
2412 2825 2412 2720
2414 2825 2414 2720
2415 2826 2415 2722
2416 2826 2416 2722
2417 2827 2417 2724
2418 2827 2418 2724
2419 2828 2419 2726
2420 2828 2420 2726
2421 2829 2421 2728
2422 2829 2422 2728
2423 2830 2423 2730
2424 2830 2424 2730
2425 2831 2425 2732
2426 2831 2426 2732
2427 2832 2427 2734
2428 2833 2428 2736
2429 2833 2429 2736
2430 2834 2430 2738
2431 2834 2431 2738
2432 2835 2432 2740
2433 2835 2433 2740
2434 2836 2434 2742
2435 2836 2435 2742
2436 2837 2436 2744
2437 2837 2437 2744
2438 2838 2438 2746
2439 2838 2439 2746
2440 2839 2440 2747
2441 2839 2441 2747
2442 2840 2442 2749
2443 2840 2443 2749
2444 2841 2444 2751
2445 2841 2445 2751
2446 2842 2446 2753
2447 2842 2447 2753
2448 2843 2448 2755
2449 2843 2449 2755
2450 2844 2450 2757
2451 2844 2451 2757
2452 2845 2452 2759
2453 2845 2453 2759
2454 2846 2454 2761
2455 2846 2455 2761
2457 2847 2457 2763
2458 2847 2458 2763
2459 2848 2459 2765
2460 2849 2460 2767
2461 2849 2461 2767
2462 2850 2462 2769
2463 2850 2463 2769
2464 2851 2464 2771
2465 2851 2465 2771
2466 2852 2466 2773
2467 2852 2467 2773
2468 2853 2468 2775
2469 2853 2469 2775
2470 2854 2470 2777
2471 2854 2471 2777
2472 2855 2472 2778
2473 2855 2473 2778
2474 2856 2474 2780
2475 2856 2475 2780
2476 2857 2476 2782
2477 2857 2477 2782
2478 2858 2478 2784
2479 2858 2479 2784
2480 2859 2480 2786
2481 2859 2481 2786
2482 2860 2482 2788
2483 2860 2483 2788
2484 2861 2484 2790
2485 2861 2485 2790
2486 2862 2486 2792
2487 2862 2487 2792
2488 2863 2488 2794
2489 2863 2489 2794
2490 2864 2490 2796
2491 2864 2491 2796
2492 2865 2492 2798
2493 2865 2493 2798
2494 2866 2494 2800
2495 2866 2495 2800
2496 2867 2496 2802
2497 2867 2497 2802
2498 2868 2498 2804
2499 2868 2499 2804
2501 2869 2501 2806
2502 2869 2502 2806
2503 2870 2503 2808
2504 2870 2504 2808
2505 2870 2505 2808
2506 2871 2506 2810
2507 2871 2507 2810
2508 2872 2508 2812
2509 2872 2509 2812
2510 2873 2510 2814
2511 2873 2511 2814
2512 2874 2512 2816
2513 2874 2513 2816
2514 2875 2514 2818
2515 2875 2515 2818
2516 2876 2516 2820
2517 2876 2517 2820
2518 2877 2518 2822
2519 2877 2519 2822
2520 2878 2520 2823
2521 2878 2521 2823
2522 2879 2522 2825
2523 2879 2523 2825
2524 2880 2524 2827
2525 2880 2525 2827
2526 2881 2526 2829
2527 2881 2527 2829
2528 2882 2528 2831
2529 2882 2529 2831
2530 2883 2530 2833
2531 2883 2531 2833
2532 2884 2532 2835
2533 2884 2533 2835
2534 2885 2534 2837
2535 2885 2535 2837
2536 2886 2536 2839
2537 2886 2537 2839
2538 2886 2538 2839
2539 2887 2539 2841
2540 2887 2540 2841
2541 2888 2541 2843
2542 2888 2542 2843
2544 2889 2544 2845
2545 2889 2545 2845
2546 2890 2546 2847
2547 2890 2547 2847
2548 2891 2548 2849
2549 2891 2549 2849
2550 2892 2550 2851
2551 2892 2551 2851
2552 2893 2552 2853
2553 2893 2553 2853
2554 2894 2554 2855
2555 2894 2555 2855
2556 2895 2556 2857
2557 2895 2557 2857
2558 2895 2558 2857
2559 2896 2559 2859
2560 2896 2560 2859
2561 2897 2561 2861
2562 2897 2562 2861
2563 2898 2563 2863
2564 2898 2564 2863
2565 2899 2565 2865
2566 2899 2566 2865
2567 2900 2567 2867
2568 2900 2568 2867
2569 2901 2569 2869
2570 2901 2570 2869
2571 2902 2571 2871
2572 2902 2572 2871
2573 2902 2573 2871
2574 2903 2574 2873
2575 2903 2575 2873
2576 2904 2576 2875
2577 2904 2577 2875
2578 2905 2578 2877
2579 2905 2579 2877
2580 2906 2580 2879
2581 2906 2581 2879
2582 2907 2582 2881
2583 2907 2583 2881
2584 2908 2584 2883
2585 2908 2585 2883
2587 2909 2587 2885
2588 2909 2588 2885
2589 2909 2589 2885
2590 2910 2590 2887
2591 2910 2591 2887
2592 2911 2592 2889
2593 2911 2593 2889
2594 2912 2594 2891
2595 2912 2595 2891
2596 2913 2596 2893
2597 2913 2597 2893
2598 2914 2598 2895
2599 2914 2599 2895
2600 2914 2600 2895
2601 2915 2601 2897
2602 2915 2602 2897
2603 2916 2603 2899
2604 2916 2604 2899
2605 2917 2605 2901
2606 2917 2606 2901
2607 2918 2607 2903
2608 2918 2608 2903
2609 2919 2609 2905
2610 2919 2610 2905
2611 2919 2611 2905
2612 2920 2612 2907
2613 2920 2613 2907
2614 2921 2614 2909
2615 2921 2615 2909
2616 2922 2616 2911
2617 2922 2617 2911
2618 2923 2618 2913
2619 2923 2619 2913
2620 2924 2620 2915
2621 2924 2621 2915
2622 2924 2622 2915
2623 2925 2623 2917
2624 2925 2624 2917
2625 2926 2625 2919
2626 2926 2626 2919
2627 2927 2627 2921
2628 2927 2628 2921
2630 2928 2630 2923
2631 2928 2631 2923
2632 2928 2632 2923
2633 2929 2633 2925
2634 2929 2634 2925
2635 2930 2635 2927
2636 2930 2636 2927
2637 2931 2637 2929
2638 2931 2638 2929
2639 2932 2639 2931
2640 2932 2640 2931
2641 2932 2641 2931
2642 2933 2642 2933
2643 2933 2643 2933
2644 2934 2644 2935
2645 2934 2645 2935
2646 2935 2646 2937
2647 2935 2647 2937
2648 2936 2648 2939
2649 2936 2649 2939
2650 2936 2650 2939
2651 2937 2651 2941
2652 2937 2652 2941
2653 2938 2653 2943
2654 2938 2654 2943
2655 2939 2655 2945
2656 2939 2656 2945
2657 2939 2657 2945
2658 2940 2658 2947
2659 2940 2659 2947
2660 2941 2660 2949
2661 2941 2661 2949
2662 2942 2662 2951
2663 2942 2663 2951
2664 2943 2664 2953
2665 2943 2665 2953
2666 2943 2666 2953
2667 2944 2667 2955
2668 2944 2668 2955
2669 2945 2669 2957
2670 2945 2670 2957
2671 2946 2671 2959
2673 2946 2673 2959
2674 2946 2674 2959
2675 2947 2675 2961
2676 2947 2676 2961
2677 2948 2677 2963
2678 2948 2678 2963
2679 2949 2679 2965
2680 2949 2680 2965
2681 2949 2681 2965
2682 2950 2682 2967
2683 2950 2683 2967
2684 2951 2684 2969
2685 2951 2685 2969
2686 2952 2686 2971
2687 2952 2687 2971
2688 2952 2688 2971
2689 2953 2689 2973
2690 2953 2690 2973
2691 2954 2691 2975
2692 2954 2692 2975
2693 2955 2693 2977
2694 2955 2694 2977
2695 2955 2695 2977
2696 2956 2696 2979
2697 2956 2697 2979
2698 2957 2698 2981
2699 2957 2699 2981
2700 2958 2700 2983
2701 2958 2701 2983
2702 2958 2702 2983
2703 2959 2703 2985
2704 2959 2704 2985
2705 2960 2705 2987
2706 2960 2706 2987
2707 2961 2707 2989
2708 2961 2708 2989
2709 2961 2709 2989
2710 2962 2710 2991
2711 2962 2711 2991
2712 2963 2712 2993
2713 2963 2713 2993
2714 2964 2714 2995
2716 2964 2716 2995
2717 2964 2717 2995
2718 2965 2718 2997
2719 2965 2719 2997
2720 2966 2720 2999
2721 2966 2721 2999
2722 2966 2722 2999
2723 2967 2723 3001
2724 2967 2724 3001
2725 2968 2725 3003
2726 2968 2726 3003
2727 2969 2727 3006
2728 2969 2728 3006
2729 2969 2729 3006
2730 2970 2730 3008
2731 2970 2731 3008
2732 2971 2732 3010
2733 2971 2733 3010
2734 2971 2734 3010
2735 2972 2735 3012
2736 2972 2736 3012
2737 2973 2737 3014
2738 2973 2738 3014
2739 2974 2739 3016
2740 2974 2740 3016
2741 2974 2741 3016
2742 2975 2742 3018
2743 2975 2743 3018
2744 2976 2744 3020
2745 2976 2745 3020
2746 2976 2746 3020
2747 2977 2747 3022
2748 2977 2748 3022
2749 2978 2749 3024
2750 2978 2750 3024
2751 2978 2751 3024
2752 2979 2752 3026
2753 2979 2753 3026
2754 2980 2754 3028
2755 2980 2755 3028
2756 2981 2756 3030
2757 2981 2757 3030
2759 2981 2759 3030
2760 2982 2760 3032
2761 2982 2761 3032
2762 2983 2762 3034
2763 2983 2763 3034
2764 2983 2764 3034
2765 2984 2765 3036
2766 2984 2766 3036
2767 2985 2767 3038
2768 2985 2768 3038
2769 2985 2769 3038
2770 2986 2770 3040
2771 2986 2771 3040
2772 2987 2772 3042
2773 2987 2773 3042
2774 2987 2774 3042
2775 2988 2775 3044
2776 2988 2776 3044
2777 2989 2777 3046
2778 2989 2778 3046
2779 2990 2779 3048
2780 2990 2780 3048
2781 2990 2781 3048
2782 2991 2782 3050
2783 2991 2783 3050
2784 2992 2784 3053
2785 2992 2785 3053
2786 2992 2786 3053
2787 2993 2787 3055
2788 2993 2788 3055
2789 2994 2789 3057
2790 2994 2790 3057
2791 2994 2791 3057
2792 2995 2792 3059
2793 2995 2793 3059
2794 2996 2794 3061
2795 2996 2795 3061
2796 2996 2796 3061
2797 2997 2797 3063
2798 2997 2798 3063
2799 2998 2799 3065
2800 2998 2800 3065
2802 2998 2802 3065
2803 2999 2803 3067
2804 2999 2804 3067
2805 3000 2805 3069
2806 3000 2806 3069
2807 3000 2807 3069
2808 3001 2808 3071
2809 3001 2809 3071
2810 3002 2810 3073
2811 3002 2811 3073
2812 3002 2812 3073
2813 3003 2813 3075
2814 3003 2814 3075
2815 3004 2815 3077
2816 3004 2816 3077
2817 3004 2817 3077
2818 3005 2818 3079
2819 3005 2819 3079
2820 3006 2820 3081
2821 3006 2821 3081
2822 3006 2822 3081
2823 3007 2823 3083
2824 3007 2824 3083
2825 3008 2825 3086
2826 3008 2826 3086
2827 3008 2827 3086
2828 3009 2828 3088
2829 3009 2829 3088
2830 3009 2830 3088
2831 3010 2831 3090
2832 3010 2832 3090
2833 3011 2833 3092
2834 3011 2834 3092
2835 3011 2835 3092
2836 3012 2836 3094
2837 3012 2837 3094
2838 3013 2838 3096
2839 3013 2839 3096
2840 3013 2840 3096
2841 3014 2841 3098
2842 3014 2842 3098
2843 3015 2843 3100
2845 3015 2845 3100
2846 3015 2846 3100
2847 3016 2847 3102
2848 3016 2848 3102
2849 3017 2849 3104
2850 3017 2850 3104
2851 3017 2851 3104
2852 3018 2852 3106
2853 3018 2853 3106
2854 3018 2854 3106
2855 3019 2855 3108
2856 3019 2856 3108
2857 3020 2857 3110
2858 3020 2858 3110
2859 3020 2859 3110
2860 3021 2860 3112
2861 3021 2861 3112
2862 3022 2862 3115
2863 3022 2863 3115
2864 3022 2864 3115
2865 3023 2865 3117
2866 3023 2866 3117
2867 3024 2867 3119
2868 3024 2868 3119
2869 3024 2869 3119
2870 3025 2870 3121
2871 3025 2871 3121
2872 3025 2872 3121
2873 3026 2873 3123
2874 3026 2874 3123
2875 3027 2875 3125
2876 3027 2876 3125
2877 3027 2877 3125
2878 3028 2878 3127
2879 3028 2879 3127
2880 3029 2880 3129
2881 3029 2881 3129
2882 3029 2882 3129
2883 3030 2883 3131
2884 3030 2884 3131
2885 3030 2885 3131
2886 3031 2886 3133
2887 3031 2887 3133
2889 3032 2889 3135
2890 3032 2890 3135
2891 3032 2891 3135
2892 3033 2892 3137
2893 3033 2893 3137
2894 3034 2894 3139
2895 3034 2895 3139
2896 3034 2896 3139
2897 3035 2897 3142
2898 3035 2898 3142
2899 3035 2899 3142
2900 3036 2900 3144
2901 3036 2901 3144
2902 3037 2902 3146
2903 3037 2903 3146
2904 3037 2904 3146
2905 3038 2905 3148
2906 3038 2906 3148
2907 3038 2907 3148
2908 3039 2908 3150
2909 3039 2909 3150
2910 3040 2910 3152
2911 3040 2911 3152
2912 3040 2912 3152
2913 3041 2913 3154
2914 3041 2914 3154
2915 3042 2915 3156
2916 3042 2916 3156
2917 3042 2917 3156
2918 3043 2918 3158
2919 3043 2919 3158
2920 3043 2920 3158
2921 3044 2921 3160
2922 3044 2922 3160
2923 3045 2923 3162
2924 3045 2924 3162
2925 3045 2925 3162
2926 3046 2926 3165
2927 3046 2927 3165
2928 3046 2928 3165
2929 3047 2929 3167
2930 3047 2930 3167
2932 3048 2932 3169
2933 3048 2933 3169
2934 3048 2934 3169
2935 3049 2935 3171
2936 3049 2936 3171
2937 3049 2937 3171
2938 3050 2938 3173
2939 3050 2939 3173
2940 3051 2940 3175
2941 3051 2941 3175
2942 3051 2942 3175
2943 3052 2943 3177
2944 3052 2944 3177
2945 3052 2945 3177
2946 3053 2946 3179
2947 3053 2947 3179
2948 3054 2948 3181
2949 3054 2949 3181
2950 3054 2950 3181
2951 3055 2951 3183
2952 3055 2952 3183
2953 3055 2953 3183
2954 3056 2954 3186
2955 3056 2955 3186
2956 3057 2956 3188
2957 3057 2957 3188
2958 3057 2958 3188
2959 3058 2959 3190
2960 3058 2960 3190
2961 3058 2961 3190
2962 3059 2962 3192
2963 3059 2963 3192
2964 3060 2964 3194
2965 3060 2965 3194
2966 3060 2966 3194
2967 3061 2967 3196
2968 3061 2968 3196
2969 3061 2969 3196
2970 3062 2970 3198
2971 3062 2971 3198
2972 3063 2972 3200
2973 3063 2973 3200
2975 3063 2975 3200
2976 3064 2976 3202
2977 3064 2977 3202
2978 3064 2978 3202
2979 3065 2979 3205
2980 3065 2980 3205
2981 3065 2981 3205
2982 3066 2982 3207
2983 3066 2983 3207
2984 3067 2984 3209
2985 3067 2985 3209
2986 3067 2986 3209
2987 3068 2987 3211
2988 3068 2988 3211
2989 3068 2989 3211
2990 3069 2990 3213
2991 3069 2991 3213
2992 3070 2992 3215
2993 3070 2993 3215
2994 3070 2994 3215
2995 3071 2995 3217
2996 3071 2996 3217
2997 3071 2997 3217
2998 3072 2998 3219
2999 3072 2999 3219
3000 3073 3000 3221
3001 3073 3001 3221
3002 3073 3002 3221
3003 3074 3003 3224
3004 3074 3004 3224
3005 3074 3005 3224
3006 3075 3006 3226
3007 3075 3007 3226
3008 3075 3008 3226
3009 3076 3009 3228
3010 3076 3010 3228
3011 3077 3011 3230
3012 3077 3012 3230
3013 3077 3013 3230
3014 3078 3014 3232
3015 3078 3015 3232
3016 3078 3016 3232
3018 3079 3018 3234
3019 3079 3019 3234
3020 3080 3020 3236
3021 3080 3021 3236
3022 3080 3022 3236
3023 3081 3023 3238
3024 3081 3024 3238
3025 3081 3025 3238
3026 3082 3026 3241
3027 3082 3027 3241
3028 3082 3028 3241
3029 3083 3029 3243
3030 3083 3030 3243
3031 3084 3031 3245
3032 3084 3032 3245
3033 3084 3033 3245
3034 3085 3034 3247
3035 3085 3035 3247
3036 3085 3036 3247
3037 3086 3037 3249
3038 3086 3038 3249
3039 3086 3039 3249
3040 3087 3040 3251
3041 3087 3041 3251
3042 3088 3042 3253
3043 3088 3043 3253
3044 3088 3044 3253
3045 3089 3045 3255
3046 3089 3046 3255
3047 3089 3047 3255
3048 3090 3048 3258
3049 3090 3049 3258
3050 3091 3050 3260
3051 3091 3051 3260
3052 3091 3052 3260
3053 3092 3053 3262
3054 3092 3054 3262
3055 3092 3055 3262
3056 3093 3056 3264
3057 3093 3057 3264
3058 3093 3058 3264
3059 3094 3059 3266
3061 3094 3061 3266
3062 3095 3062 3268
3063 3095 3063 3268
3064 3095 3064 3268
3065 3096 3065 3270
3066 3096 3066 3270
3067 3096 3067 3270
3068 3097 3068 3272
3069 3097 3069 3272
3070 3097 3070 3272
3071 3098 3071 3275
3072 3098 3072 3275
3073 3099 3073 3277
3074 3099 3074 3277
3075 3099 3075 3277
3076 3100 3076 3279
3077 3100 3077 3279
3078 3100 3078 3279
3079 3101 3079 3281
3080 3101 3080 3281
3081 3101 3081 3281
3082 3102 3082 3283
3083 3102 3083 3283
3084 3103 3084 3285
3085 3103 3085 3285
3086 3103 3086 3285
3087 3104 3087 3287
3088 3104 3088 3287
3089 3104 3089 3287
3090 3105 3090 3290
3091 3105 3091 3290
3092 3105 3092 3290
3093 3106 3093 3292
3094 3106 3094 3292
3095 3107 3095 3294
3096 3107 3096 3294
3097 3107 3097 3294
3098 3108 3098 3296
3099 3108 3099 3296
3100 3108 3100 3296
3101 3109 3101 3298
3102 3109 3102 3298
3104 3109 3104 3298
3105 3110 3105 3300
3106 3110 3106 3300
3107 3111 3107 3302
3108 3111 3108 3302
3109 3111 3109 3302
3110 3112 3110 3305
3111 3112 3111 3305
3112 3112 3112 3305
3113 3113 3113 3307
3114 3113 3114 3307
3115 3113 3115 3307
3116 3114 3116 3309
3117 3114 3117 3309
3118 3114 3118 3309
3119 3115 3119 3311
3120 3115 3120 3311
3121 3116 3121 3313
3122 3116 3122 3313
3123 3116 3123 3313
3124 3117 3124 3315
3125 3117 3125 3315
3126 3117 3126 3315
3127 3118 3127 3318
3128 3118 3128 3318
3129 3118 3129 3318
3130 3119 3130 3320
3131 3119 3131 3320
3132 3120 3132 3322
3133 3120 3133 3322
3134 3120 3134 3322
3135 3121 3135 3324
3136 3121 3136 3324
3137 3121 3137 3324
3138 3122 3138 3326
3139 3122 3139 3326
3140 3122 3140 3326
3141 3123 3141 3328
3142 3123 3142 3328
3143 3124 3143 3330
3144 3124 3144 3330
3145 3124 3145 3330
3147 3125 3147 3333
3148 3125 3148 3333
3149 3125 3149 3333
3150 3126 3150 3335
3151 3126 3151 3335
3152 3126 3152 3335
3153 3127 3153 3337
3154 3127 3154 3337
3155 3128 3155 3339
3156 3128 3156 3339
3157 3128 3157 3339
3158 3129 3158 3341
3159 3129 3159 3341
3160 3129 3160 3341
3161 3130 3161 3343
3162 3130 3162 3343
3163 3130 3163 3343
3164 3131 3164 3346
3165 3131 3165 3346
3166 3132 3166 3348
3167 3132 3167 3348
3168 3132 3168 3348
3169 3133 3169 3350
3170 3133 3170 3350
3171 3133 3171 3350
3172 3134 3172 3352
3173 3134 3173 3352
3174 3134 3174 3352
3175 3135 3175 3354
3176 3135 3176 3354
3177 3136 3177 3356
3178 3136 3178 3356
3179 3136 3179 3356
3180 3137 3180 3359
3181 3137 3181 3359
3182 3137 3182 3359
3183 3138 3183 3361
3184 3138 3184 3361
3185 3138 3185 3361
3186 3139 3186 3363
3187 3139 3187 3363
3188 3140 3188 3365
3190 3140 3190 3365
3191 3140 3191 3365
3192 3141 3192 3367
3193 3141 3193 3367
3194 3141 3194 3367
3195 3142 3195 3369
3196 3142 3196 3369
3197 3142 3197 3369
3198 3143 3198 3372
3199 3143 3199 3372
3200 3144 3200 3374
3201 3144 3201 3374
3202 3144 3202 3374
3203 3145 3203 3376
3204 3145 3204 3376
3205 3145 3205 3376
3206 3146 3206 3378
3207 3146 3207 3378
3208 3146 3208 3378
3209 3147 3209 3380
3210 3147 3210 3380
3211 3148 3211 3382
3212 3148 3212 3382
3213 3148 3213 3382
3214 3149 3214 3385
3215 3149 3215 3385
3216 3149 3216 3385
3217 3150 3217 3387
3218 3150 3218 3387
3219 3150 3219 3387
3220 3151 3220 3389
3221 3151 3221 3389
3222 3152 3222 3391
3223 3152 3223 3391
3224 3152 3224 3391
3225 3153 3225 3393
3226 3153 3226 3393
3227 3153 3227 3393
3228 3154 3228 3395
3229 3154 3229 3395
3230 3154 3230 3395
3231 3155 3231 3398
3233 3155 3233 3398
3234 3156 3234 3400
3235 3156 3235 3400
3236 3156 3236 3400
3237 3157 3237 3402
3238 3157 3238 3402
3239 3157 3239 3402
3240 3158 3240 3404
3241 3158 3241 3404
3242 3158 3242 3404
3243 3159 3243 3406
3244 3159 3244 3406
3245 3160 3245 3409
3246 3160 3246 3409
3247 3160 3247 3409
3248 3161 3248 3411
3249 3161 3249 3411
3250 3161 3250 3411
3251 3162 3251 3413
3252 3162 3252 3413
3253 3162 3253 3413
3254 3163 3254 3415
3255 3163 3255 3415
3256 3164 3256 3417
3257 3164 3257 3417
3258 3164 3258 3417
3259 3165 3259 3420
3260 3165 3260 3420
3261 3165 3261 3420
3262 3166 3262 3422
3263 3166 3263 3422
3264 3167 3264 3424
3265 3167 3265 3424
3266 3167 3266 3424
3267 3168 3267 3426
3268 3168 3268 3426
3269 3168 3269 3426
3270 3169 3270 3428
3271 3169 3271 3428
3272 3169 3272 3428
3273 3170 3273 3430
3274 3170 3274 3430
3276 3171 3276 3433
3277 3171 3277 3433
3278 3171 3278 3433
3279 3172 3279 3435
3280 3172 3280 3435
3281 3172 3281 3435
3282 3173 3282 3437
3283 3173 3283 3437
3284 3174 3284 3439
3285 3174 3285 3439
3286 3174 3286 3439
3287 3175 3287 3441
3288 3175 3288 3441
3289 3175 3289 3441
3290 3176 3290 3444
3291 3176 3291 3444
3292 3176 3292 3444
3293 3177 3293 3446
3294 3177 3294 3446
3295 3178 3295 3448
3296 3178 3296 3448
3297 3178 3297 3448
3298 3179 3298 3450
3299 3179 3299 3450
3300 3179 3300 3450
3301 3180 3301 3452
3302 3180 3302 3452
3303 3181 3303 3455
3304 3181 3304 3455
3305 3181 3305 3455
3306 3182 3306 3457
3307 3182 3307 3457
3308 3182 3308 3457
3309 3183 3309 3459
3310 3183 3310 3459
3311 3184 3311 3461
3312 3184 3312 3461
3313 3184 3313 3461
3314 3185 3314 3463
3315 3185 3315 3463
3316 3185 3316 3463
3317 3186 3317 3466
3318 3186 3318 3466
3320 3186 3320 3466
3321 3187 3321 3468
3322 3187 3322 3468
3323 3188 3323 3470
3324 3188 3324 3470
3325 3188 3325 3470
3326 3189 3326 3472
3327 3189 3327 3472
3328 3189 3328 3472
3329 3190 3329 3474
3330 3190 3330 3474
3331 3191 3331 3477
3332 3191 3332 3477
3333 3191 3333 3477
3334 3192 3334 3479
3335 3192 3335 3479
3336 3192 3336 3479
3337 3193 3337 3481
3338 3193 3338 3481
3339 3194 3339 3483
3340 3194 3340 3483
3341 3194 3341 3483
3342 3195 3342 3486
3343 3195 3343 3486
3344 3195 3344 3486
3345 3196 3345 3488
3346 3196 3346 3488
3347 3197 3347 3490
3348 3197 3348 3490
3349 3197 3349 3490
3350 3198 3350 3492
3351 3198 3351 3492
3352 3198 3352 3492
3353 3199 3353 3494
3354 3199 3354 3494
3355 3200 3355 3497
3356 3200 3356 3497
3357 3200 3357 3497
3358 3201 3358 3499
3359 3201 3359 3499
3360 3202 3360 3501
3361 3202 3361 3501
3363 3202 3363 3501
3364 3203 3364 3503
3365 3203 3365 3503
3366 3203 3366 3503
3367 3204 3367 3505
3368 3204 3368 3505
3369 3205 3369 3508
3370 3205 3370 3508
3371 3205 3371 3508
3372 3206 3372 3510
3373 3206 3373 3510
3374 3206 3374 3510
3375 3207 3375 3512
3376 3207 3376 3512
3377 3208 3377 3514
3378 3208 3378 3514
3379 3208 3379 3514
3380 3209 3380 3517
3381 3209 3381 3517
3382 3209 3382 3517
3383 3210 3383 3519
3384 3210 3384 3519
3385 3211 3385 3521
3386 3211 3386 3521
3387 3211 3387 3521
3388 3212 3388 3523
3389 3212 3389 3523
3390 3213 3390 3525
3391 3213 3391 3525
3392 3213 3392 3525
3393 3214 3393 3528
3394 3214 3394 3528
3395 3214 3395 3528
3396 3215 3396 3530
3397 3215 3397 3530
3398 3216 3398 3532
3399 3216 3399 3532
3400 3216 3400 3532
3401 3217 3401 3534
3402 3217 3402 3534
3403 3218 3403 3537
3404 3218 3404 3537
3406 3218 3406 3537
3407 3219 3407 3539
3408 3219 3408 3539
3409 3219 3409 3539
3410 3220 3410 3541
3411 3220 3411 3541
3412 3221 3412 3543
3413 3221 3413 3543
3414 3221 3414 3543
3415 3222 3415 3546
3416 3222 3416 3546
3417 3223 3417 3548
3418 3223 3418 3548
3419 3223 3419 3548
3420 3224 3420 3550
3421 3224 3421 3550
3422 3224 3422 3550
3423 3225 3423 3552
3424 3225 3424 3552
3425 3226 3425 3554
3426 3226 3426 3554
3427 3226 3427 3554
3428 3227 3428 3557
3429 3227 3429 3557
3430 3228 3430 3559
3431 3228 3431 3559
3432 3228 3432 3559
3433 3229 3433 3561
3434 3229 3434 3561
3435 3230 3435 3563
3436 3230 3436 3563
3437 3230 3437 3563
3438 3231 3438 3566
3439 3231 3439 3566
3440 3231 3440 3566
3441 3232 3441 3568
3442 3232 3442 3568
3443 3233 3443 3570
3444 3233 3444 3570
3445 3233 3445 3570
3446 3234 3446 3572
3447 3234 3447 3572
3449 3235 3449 3575
3450 3235 3450 3575
3451 3235 3451 3575
3452 3236 3452 3577
3453 3236 3453 3577
3454 3237 3454 3579
3455 3237 3455 3579
3456 3237 3456 3579
3457 3238 3457 3581
3458 3238 3458 3581
3459 3239 3459 3584
3460 3239 3460 3584
3461 3239 3461 3584
3462 3240 3462 3586
3463 3240 3463 3586
3464 3241 3464 3588
3465 3241 3465 3588
3466 3241 3466 3588
3467 3242 3467 3590
3468 3242 3468 3590
3469 3243 3469 3593
3470 3243 3470 3593
3471 3243 3471 3593
3472 3244 3472 3595
3473 3244 3473 3595
3474 3245 3474 3597
3475 3245 3475 3597
3476 3245 3476 3597
3477 3246 3477 3599
3478 3246 3478 3599
3479 3247 3479 3602
3480 3247 3480 3602
3481 3247 3481 3602
3482 3248 3482 3604
3483 3248 3483 3604
3484 3249 3484 3606
3485 3249 3485 3606
3486 3249 3486 3606
3487 3250 3487 3608
3488 3250 3488 3608
3489 3251 3489 3611
3490 3251 3490 3611
3492 3251 3492 3611
3493 3252 3493 3613
3494 3252 3494 3613
3495 3253 3495 3615
3496 3253 3496 3615
3497 3253 3497 3615
3498 3254 3498 3617
3499 3254 3499 3617
3500 3255 3500 3620
3501 3255 3501 3620
3502 3255 3502 3620
3503 3256 3503 3622
3504 3256 3504 3622
3505 3257 3505 3624
3506 3257 3506 3624
3507 3257 3507 3624
3508 3258 3508 3626
3509 3258 3509 3626
3510 3259 3510 3629
3511 3259 3511 3629
3512 3259 3512 3629
3513 3260 3513 3631
3514 3260 3514 3631
3515 3261 3515 3633
3516 3261 3516 3633
3517 3261 3517 3633
3518 3262 3518 3635
3519 3262 3519 3635
3520 3263 3520 3638
3521 3263 3521 3638
3522 3264 3522 3640
3523 3264 3523 3640
3524 3264 3524 3640
3525 3265 3525 3642
3526 3265 3526 3642
3527 3266 3527 3645
3528 3266 3528 3645
3529 3266 3529 3645
3530 3267 3530 3647
3531 3267 3531 3647
3532 3268 3532 3649
3533 3268 3533 3649
3535 3268 3535 3649
3536 3269 3536 3651
3537 3269 3537 3651
3538 3270 3538 3654
3539 3270 3539 3654
3540 3271 3540 3656
3541 3271 3541 3656
3542 3271 3542 3656
3543 3272 3543 3658
3544 3272 3544 3658
3545 3273 3545 3660
3546 3273 3546 3660
3547 3273 3547 3660
3548 3274 3548 3663
3549 3274 3549 3663
3550 3275 3550 3665
3551 3275 3551 3665
3552 3275 3552 3665
3553 3276 3553 3667
3554 3276 3554 3667
3555 3277 3555 3670
3556 3277 3556 3670
3557 3278 3557 3672
3558 3278 3558 3672
3559 3278 3559 3672
3560 3279 3560 3674
3561 3279 3561 3674
3562 3280 3562 3676
3563 3280 3563 3676
3564 3281 3564 3679
3565 3281 3565 3679
3566 3281 3566 3679
3567 3282 3567 3681
3568 3282 3568 3681
3569 3283 3569 3683
3570 3283 3570 3683
3571 3283 3571 3683
3572 3284 3572 3685
3573 3284 3573 3685
3574 3285 3574 3688
3575 3285 3575 3688
3576 3286 3576 3690
3578 3286 3578 3690
3579 3286 3579 3690
3580 3287 3580 3692
3581 3287 3581 3692
3582 3288 3582 3695
3583 3288 3583 3695
3584 3289 3584 3697
3585 3289 3585 3697
3586 3289 3586 3697
3587 3290 3587 3699
3588 3290 3588 3699
3589 3291 3589 3701
3590 3291 3590 3701
3591 3292 3591 3704
3592 3292 3592 3704
3593 3292 3593 3704
3594 3293 3594 3706
3595 3293 3595 3706
3596 3294 3596 3708
3597 3294 3597 3708
3598 3295 3598 3711
3599 3295 3599 3711
3600 3295 3600 3711
3601 3296 3601 3713
3602 3296 3602 3713
3603 3297 3603 3715
3604 3297 3604 3715
3605 3298 3605 3718
3606 3298 3606 3718
3607 3298 3607 3718
3608 3299 3608 3720
3609 3299 3609 3720
3610 3300 3610 3722
3611 3300 3611 3722
3612 3301 3612 3724
3613 3301 3613 3724
3614 3301 3614 3724
3615 3302 3615 3727
3616 3302 3616 3727
3617 3303 3617 3729
3618 3303 3618 3729
3619 3304 3619 3731
3621 3304 3621 3731
3622 3304 3622 3731
3623 3305 3623 3734
3624 3305 3624 3734
3625 3306 3625 3736
3626 3306 3626 3736
3627 3307 3627 3738
3628 3307 3628 3738
3629 3308 3629 3740
3630 3308 3630 3740
3631 3308 3631 3740
3632 3309 3632 3743
3633 3309 3633 3743
3634 3310 3634 3745
3635 3310 3635 3745
3636 3311 3636 3747
3637 3311 3637 3747
3638 3312 3638 3750
3639 3312 3639 3750
3640 3312 3640 3750
3641 3313 3641 3752
3642 3313 3642 3752
3643 3314 3643 3754
3644 3314 3644 3754
3645 3315 3645 3757
3646 3315 3646 3757
3647 3315 3647 3757
3648 3316 3648 3759
3649 3316 3649 3759
3650 3317 3650 3761
3651 3317 3651 3761
3652 3318 3652 3764
3653 3318 3653 3764
3654 3319 3654 3766
3655 3319 3655 3766
3656 3320 3656 3768
3657 3320 3657 3768
3658 3320 3658 3768
3659 3321 3659 3770
3660 3321 3660 3770
3661 3322 3661 3773
3662 3322 3662 3773
3664 3323 3664 3775
3665 3323 3665 3775
3666 3324 3666 3777
3667 3324 3667 3777
3668 3324 3668 3777
3669 3325 3669 3780
3670 3325 3670 3780
3671 3326 3671 3782
3672 3326 3672 3782
3673 3327 3673 3784
3674 3327 3674 3784
3675 3328 3675 3787
3676 3328 3676 3787
3677 3329 3677 3789
3678 3329 3678 3789
3679 3329 3679 3789
3680 3330 3680 3791
3681 3330 3681 3791
3682 3331 3682 3794
3683 3331 3683 3794
3684 3332 3684 3796
3685 3332 3685 3796
3686 3333 3686 3798
3687 3333 3687 3798
3688 3334 3688 3801
3689 3334 3689 3801
3690 3334 3690 3801
3691 3335 3691 3803
3692 3335 3692 3803
3693 3336 3693 3805
3694 3336 3694 3805
3695 3337 3695 3808
3696 3337 3696 3808
3697 3338 3697 3810
3698 3338 3698 3810
3699 3339 3699 3812
3700 3339 3700 3812
3701 3340 3701 3814
3702 3340 3702 3814
3703 3340 3703 3814
3704 3341 3704 3817
3705 3341 3705 3817
3706 3342 3706 3819
3708 3342 3708 3819
3709 3343 3709 3821
3710 3343 3710 3821
3711 3344 3711 3824
3712 3344 3712 3824
3713 3345 3713 3826
3714 3345 3714 3826
3715 3346 3715 3828
3716 3346 3716 3828
3717 3347 3717 3831
3718 3347 3718 3831
3719 3347 3719 3831
3720 3348 3720 3833
3721 3348 3721 3833
3722 3349 3722 3835
3723 3349 3723 3835
3724 3350 3724 3838
3725 3350 3725 3838
3726 3351 3726 3840
3727 3351 3727 3840
3728 3352 3728 3842
3729 3352 3729 3842
3730 3353 3730 3845
3731 3353 3731 3845
3732 3354 3732 3847
3733 3354 3733 3847
3734 3355 3734 3849
3735 3355 3735 3849
3736 3355 3736 3849
3737 3356 3737 3852
3738 3356 3738 3852
3739 3357 3739 3854
3740 3357 3740 3854
3741 3358 3741 3856
3742 3358 3742 3856
3743 3359 3743 3859
3744 3359 3744 3859
3745 3360 3745 3861
3746 3360 3746 3861
3747 3361 3747 3863
3748 3361 3748 3863
3749 3362 3749 3866
3751 3362 3751 3866
3752 3363 3752 3868
3753 3363 3753 3868
3754 3364 3754 3871
3755 3364 3755 3871
3756 3365 3756 3873
3757 3365 3757 3873
3758 3366 3758 3875
3759 3366 3759 3875
3760 3366 3760 3875
3761 3367 3761 3878
3762 3367 3762 3878
3763 3368 3763 3880
3764 3368 3764 3880
3765 3369 3765 3882
3766 3369 3766 3882
3767 3370 3767 3885
3768 3370 3768 3885
3769 3371 3769 3887
3770 3371 3770 3887
3771 3372 3771 3889
3772 3372 3772 3889
3773 3373 3773 3892
3774 3373 3774 3892
3775 3374 3775 3894
3776 3374 3776 3894
3777 3375 3777 3896
3778 3375 3778 3896
3779 3376 3779 3899
3780 3376 3780 3899
3781 3377 3781 3901
3782 3377 3782 3901
3783 3378 3783 3903
3784 3378 3784 3903
3785 3379 3785 3906
3786 3379 3786 3906
3787 3380 3787 3908
3788 3380 3788 3908
3789 3381 3789 3910
3790 3381 3790 3910
3791 3382 3791 3913
3792 3382 3792 3913
3794 3383 3794 3915
3795 3383 3795 3915
3796 3384 3796 3918
3797 3384 3797 3918
3798 3385 3798 3920
3799 3385 3799 3920
3800 3386 3800 3922
3801 3386 3801 3922
3802 3387 3802 3925
3803 3387 3803 3925
3804 3388 3804 3927
3805 3388 3805 3927
3806 3389 3806 3929
3807 3389 3807 3929
3808 3390 3808 3932
3809 3390 3809 3932
3810 3391 3810 3934
3811 3391 3811 3934
3812 3392 3812 3936
3813 3392 3813 3936
3814 3393 3814 3939
3815 3393 3815 3939
3816 3394 3816 3941
3817 3394 3817 3941
3818 3395 3818 3944
3819 3395 3819 3944
3820 3396 3820 3946
3821 3396 3821 3946
3822 3397 3822 3948
3823 3397 3823 3948
3824 3398 3824 3951
3825 3398 3825 3951
3826 3399 3826 3953
3827 3399 3827 3953
3828 3400 3828 3955
3829 3400 3829 3955
3830 3401 3830 3958
3831 3401 3831 3958
3832 3402 3832 3960
3833 3402 3833 3960
3834 3403 3834 3963
3835 3403 3835 3963
3837 3404 3837 3965
3838 3404 3838 3965
3839 3405 3839 3967
3840 3405 3840 3967
3841 3406 3841 3970
3842 3406 3842 3970
3843 3407 3843 3972
3844 3408 3844 3974
3845 3408 3845 3974
3846 3409 3846 3977
3847 3409 3847 3977
3848 3410 3848 3979
3849 3410 3849 3979
3850 3411 3850 3982
3851 3411 3851 3982
3852 3412 3852 3984
3853 3412 3853 3984
3854 3413 3854 3986
3855 3413 3855 3986
3856 3414 3856 3989
3857 3414 3857 3989
3858 3415 3858 3991
3859 3415 3859 3991
3860 3416 3860 3993
3861 3416 3861 3993
3862 3417 3862 3996
3863 3417 3863 3996
3864 3418 3864 3998
3865 3418 3865 3998
3866 3419 3866 4001
3867 3420 3867 4003
3868 3420 3868 4003
3869 3421 3869 4005
3870 3421 3870 4005
3871 3422 3871 4008
3872 3422 3872 4008
3873 3423 3873 4010
3874 3423 3874 4010
3875 3424 3875 4013
3876 3424 3876 4013
3877 3425 3877 4015
3878 3425 3878 4015
3880 3426 3880 4017
3881 3426 3881 4017
3882 3427 3882 4020
3883 3427 3883 4020
3884 3428 3884 4022
3885 3429 3885 4025
3886 3429 3886 4025
3887 3430 3887 4027
3888 3430 3888 4027
3889 3431 3889 4029
3890 3431 3890 4029
3891 3432 3891 4032
3892 3432 3892 4032
3893 3433 3893 4034
3894 3433 3894 4034
3895 3434 3895 4036
3896 3434 3896 4036
3897 3435 3897 4039
3898 3436 3898 4041
3899 3436 3899 4041
3900 3437 3900 4044
3901 3437 3901 4044
3902 3438 3902 4046
3903 3438 3903 4046
3904 3439 3904 4049
3905 3439 3905 4049
3906 3440 3906 4051
3907 3440 3907 4051
3908 3441 3908 4053
3909 3442 3909 4056
3910 3442 3910 4056
3911 3443 3911 4058
3912 3443 3912 4058
3913 3444 3913 4061
3914 3444 3914 4061
3915 3445 3915 4063
3916 3445 3916 4063
3917 3446 3917 4065
3918 3446 3918 4065
3919 3447 3919 4068
3920 3448 3920 4070
3921 3448 3921 4070
3923 3449 3923 4073
3924 3449 3924 4073
3925 3450 3925 4075
3926 3450 3926 4075
3927 3451 3927 4077
3928 3451 3928 4077
3929 3452 3929 4080
3930 3453 3930 4082
3931 3453 3931 4082
3932 3454 3932 4085
3933 3454 3933 4085
3934 3455 3934 4087
3935 3455 3935 4087
3936 3456 3936 4089
3937 3456 3937 4089
3938 3457 3938 4092
3939 3458 3939 4094
3940 3458 3940 4094
3941 3459 3941 4097
3942 3459 3942 4097
3943 3460 3943 4099
3944 3460 3944 4099
3945 3461 3945 4102
3946 3462 3946 4104
3947 3462 3947 4104
3948 3463 3948 4106
3949 3463 3949 4106
3950 3464 3950 4109
3951 3464 3951 4109
3952 3465 3952 4111
3953 3465 3953 4111
3954 3466 3954 4114
3955 3467 3955 4116
3956 3467 3956 4116
3957 3468 3957 4118
3958 3468 3958 4118
3959 3469 3959 4121
3960 3469 3960 4121
3961 3470 3961 4123
3962 3471 3962 4126
3963 3471 3963 4126
3964 3472 3964 4128
3966 3472 3966 4128
3967 3473 3967 4131
3968 3473 3968 4131
3969 3474 3969 4133
3970 3475 3970 4135
3971 3475 3971 4135
3972 3476 3972 4138
3973 3476 3973 4138
3974 3477 3974 4140
3975 3477 3975 4140
3976 3478 3976 4143
3977 3479 3977 4145
3978 3479 3978 4145
3979 3480 3979 4148
3980 3480 3980 4148
3981 3481 3981 4150
3982 3482 3982 4153
3983 3482 3983 4153
3984 3483 3984 4155
3985 3483 3985 4155
3986 3484 3986 4157
3987 3484 3987 4157
3988 3485 3988 4160
3989 3486 3989 4162
3990 3486 3990 4162
3991 3487 3991 4165
3992 3487 3992 4165
3993 3488 3993 4167
3994 3489 3994 4170
3995 3489 3995 4170
3996 3490 3996 4172
3997 3490 3997 4172
3998 3491 3998 4174
3999 3491 3999 4174
4000 3492 4000 4177
4001 3493 4001 4179
4002 3493 4002 4179
4003 3494 4003 4182
4004 3494 4004 4182
4005 3495 4005 4184
4006 3496 4006 4187
4007 3496 4007 4187
4009 3497 4009 4189
4010 3497 4010 4189
4011 3498 4011 4192
4012 3499 4012 4194
