81 368
82 368
83 368
84 368
85 367
87 367
88 367
89 367
90 366
91 366
92 366
93 366
94 365
95 365
96 365
97 365
98 364
99 364
100 364
101 364
102 363
103 363
104 363
105 363
106 362
107 362
108 362
109 362
110 361
111 361
112 361
113 361
114 361
115 360
116 360
117 360
118 360
119 360
120 359
121 359
122 359
123 359
124 359
125 358
126 358
127 358
128 358
130 358
131 358
132 357
133 357
134 357
135 357
136 357
137 356
138 356
139 356
140 356
141 356
142 356
143 356
144 355
145 355
146 355
147 355
148 355
149 355
150 354
151 354
152 354
153 354
154 354
155 354
156 354
157 354
158 353
159 353
160 353
161 353
162 353
163 353
164 353
165 353
166 353
167 352
168 352
169 352
170 352
171 352
173 352
174 352
175 352
176 352
177 352
178 352
179 352
180 351
181 351
182 351
183 351
184 351
185 351
186 351
187 351
188 351
189 351
190 351
191 351
192 351
193 351
194 351
195 351
196 350
197 350
198 350
199 350
200 350
201 350
202 350
203 350
204 350
205 350
206 350
207 350
208 350
209 350
210 350
211 350
212 350
213 350
214 350
216 350
217 350
218 350
219 350
220 350
221 350
222 350
223 350
224 350
225 350
226 350
227 350
228 350
229 350
230 350
231 350
232 350
233 350
234 350
235 350
236 350
237 350
238 350
239 351
240 351
241 351
242 351
243 351
244 351
245 351
246 351
247 351
248 351
249 351
250 351
251 351
252 351
253 351
254 351
255 351
256 352
257 352
259 352
260 352
261 352
262 352
263 352
264 352
265 352
266 352
267 352
268 353
269 353
270 353
271 353
272 353
273 353
274 353
275 353
276 353
277 354
278 354
279 354
280 354
281 354
282 354
283 354
284 354
285 355
286 355
287 355
288 355
289 355
290 355
291 355
292 356
293 356
294 356
295 356
296 356
297 356
298 357
299 357
300 357
302 357
303 357
304 357
305 358
306 358
307 358
308 358
309 358
310 359
311 359
312 359
313 359
314 359
315 359
316 360
317 360
318 360
319 360
320 360
321 361
322 361
323 361
324 361
325 362
326 362
327 362
328 362
329 362
330 363
331 363
332 363
333 363
334 364
335 364
336 364
337 364
338 364
339 365
340 365
341 365
342 366
343 366
345 366
346 366
347 367
348 367
349 367
350 367
351 368
352 368
353 368
354 368
355 369
356 369
357 369
358 369
359 370
360 370
361 370
362 371
363 371
364 371
365 372
366 372
367 372
368 372
369 373
370 373
371 373
372 374
373 374
374 374
375 375
376 375
377 375
378 375
379 376
380 376
381 376
382 377
383 377
384 377
385 378
386 378
388 379
389 379
390 379
391 380
392 380
393 380
394 380
395 381
396 381
397 382
398 382
399 382
400 383
401 383
402 383
403 384
404 384
405 384
406 385
407 385
408 386
409 386
410 386
411 387
412 387
413 387
414 388
415 388
416 389
417 389
418 389
419 390
420 390
421 391
422 391
423 391
424 392
425 392
426 393
427 393
428 393
429 394
430 394
432 395
433 395
434 395
435 396
436 397
437 397
438 397
439 398
440 398
441 399
442 399
443 399
444 400
445 400
446 401
447 401
448 402
449 402
450 403
451 403
452 403
453 404
454 405
455 405
456 405
457 406
458 406
459 407
460 407
461 408
462 408
463 409
464 409
465 410
466 410
467 410
468 411
469 412
470 412
471 413
472 413
473 414
475 414
476 414
477 415
478 415
479 416
480 417
481 417
482 418
483 418
484 419
485 419
486 420
487 420
488 421
489 421
490 422
491 422
492 423
493 423
494 424
495 425
496 425
497 426
498 426
499 427
500 427
501 428
502 428
503 429
504 429
505 430
506 430
507 431
508 431
509 432
510 432
511 433
512 434
513 434
514 435
515 435
516 436
518 437
519 437
520 438
521 438
522 439
523 439
524 440
525 441
526 441
527 442
528 442
529 443
530 444
531 444
532 445
533 445
534 446
535 446
536 447
537 448
538 448
539 449
540 450
541 450
542 451
543 452
544 452
545 453
546 453
547 454
548 455
549 455
550 456
551 457
552 457
553 458
554 458
555 459
556 460
557 460
558 461
559 462
561 462
562 463
563 464
564 464
565 465
566 466
567 466
568 467
569 467
570 468
571 469
572 470
573 470
574 471
575 472
576 472
577 473
578 474
579 474
580 475
581 476
582 476
583 477
584 478
585 478
586 479
587 480
588 480
589 481
590 482
591 483
592 483
593 484
594 485
595 485
596 486
597 487
598 488
599 488
600 489
601 489
602 490
604 491
605 492
606 493
607 493
608 494
609 495
610 496
611 496
612 497
613 498
614 498
615 499
616 500
617 501
618 501
619 502
620 503
621 504
622 505
623 505
624 506
625 507
626 508
627 508
628 509
629 509
630 510
631 511
632 512
633 513
634 513
635 514
636 515
637 516
638 516
639 517
640 518
641 519
642 519
643 520
644 522
645 522
647 523
648 524
649 525
650 525
651 526
652 527
653 528
654 528
655 529
656 530
657 531
658 531
659 532
660 533
661 534
662 535
663 536
664 537
665 537
666 538
667 539
668 540
669 540
670 541
671 542
672 543
673 544
674 545
675 546
676 546
677 547
678 548
679 549
680 550
681 551
682 551
683 552
684 553
685 554
686 555
687 556
688 556
690 557
691 558
692 559
693 560
694 561
695 561
696 563
697 564
698 564
699 565
700 566
701 567
702 568
703 569
704 569
705 571
706 571
707 572
708 573
709 574
710 575
711 576
712 576
713 578
714 578
715 579
716 580
717 581
718 582
719 583
720 583
721 585
722 585
723 586
724 587
725 588
726 589
727 590
728 591
729 592
730 592
731 594
733 594
734 596
735 596
736 597
737 598
738 599
739 600
740 601
741 602
742 603
743 604
744 605
745 605
746 607
747 607
748 609
749 609
750 610
751 611
752 612
753 613
754 614
755 615
756 616
757 617
758 618
759 619
760 620
761 621
762 622
763 622
764 624
765 624
766 626
767 626
768 628
769 628
770 630
771 630
772 632
773 632
774 634
776 634
777 636
778 636
779 637
780 638
781 639
782 640
783 641
784 642
785 643
786 644
787 645
788 646
789 647
790 648
791 649
792 650
793 651
794 652
795 653
796 654
797 655
798 656
799 657
800 658
801 659
802 660
803 661
804 662
805 663
806 665
807 665
808 666
809 667
810 668
811 669
812 670
813 671
814 672
815 674
816 674
817 676
818 676
820 678
821 679
822 680
823 681
824 681
825 683
826 683
827 685
828 686
829 687
830 688
831 689
832 690
833 691
834 692
835 694
836 694
837 695
838 696
839 697
840 699
841 699
842 701
843 702
844 703
845 704
846 705
847 706
848 707
849 708
850 709
851 710
852 711
853 713
854 713
855 715
856 716
857 716
858 718
859 719
860 720
861 721
863 722
864 723
865 725
866 725
867 726
868 728
869 728
870 730
871 731
872 732
873 733
874 734
875 735
876 736
877 737
878 738
879 740
880 741
881 742
882 743
883 744
884 745
885 746
886 748
887 748
888 750
889 751
890 751
891 753
892 754
893 755
894 756
895 758
896 758
897 759
898 761
899 762
900 763
901 764
902 766
903 766
904 767
906 769
907 770
908 771
909 772
910 773
911 774
912 775
913 777
914 778
915 779
916 780
917 781
918 782
919 783
920 785
921 786
922 787
923 788
924 789
925 791
926 791
927 793
928 794
929 795
930 796
931 797
932 799
933 800
934 800
935 802
936 803
937 805
938 805
939 806
940 808
941 809
942 810
943 811
944 812
945 814
946 815
947 816
949 817
950 818
951 820
952 821
953 822
954 823
955 824
956 826
957 826
958 828
959 829
960 830
961 832
962 832
963 834
964 835
965 836
966 838
967 838
968 839
969 841
970 842
971 844
972 845
973 845
974 847
975 848
976 850
977 851
978 851
979 853
980 854
981 856
982 857
983 858
984 859
985 860
986 861
987 863
988 864
989 866
990 866
992 867
993 869
994 870
995 871
996 873
997 874
998 875
999 876
1000 877
1001 879
1002 880
1003 881
1004 883
1005 883
1006 884
1007 886
1008 887
1009 889
1010 890
1011 891
1012 892
1013 893
1014 894
1015 896
1016 897
1017 898
1018 900
1019 901
1020 902
1021 903
1022 904
1023 906
1024 907
1025 908
1026 910
1027 911
1028 912
1029 914
1030 914
1031 915
1032 917
1033 918
1035 920
1036 921
1037 922
1038 924
1039 925
1040 926
1041 928
1042 928
1043 929
1044 931
1045 932
1046 933
1047 935
1048 936
1049 937
1050 939
1051 940
1052 941
1053 943
1054 944
1055 944
1056 946
1057 947
1058 948
1059 950
1060 951
1061 952
1062 954
1063 955
1064 957
1065 958
1066 959
1067 961
1068 962
1069 963
1070 965
1071 966
1072 967
1073 968
1074 969
1075 970
1076 971
1078 973
1079 974
1080 975
1081 977
1082 978
1083 979
1084 981
1085 982
1086 983
1087 985
1088 986
1089 987
1090 989
1091 990
1092 991
1093 993
1094 994
1095 995
1096 997
1097 998
1098 999
1099 1001
1100 1002
1101 1003
1102 1004
1103 1006
1104 1007
1105 1008
1106 1010
1107 1011
1108 1012
1109 1014
1110 1015
1111 1016
1112 1018
1113 1019
1114 1020
1115 1021
1116 1023
1117 1024
1118 1025
1119 1027
1121 1028
1122 1029
1123 1031
1124 1032
1125 1033
1126 1035
1127 1036
1128 1037
1129 1038
1130 1040
1131 1041
1132 1042
1133 1044
1134 1045
1135 1046
1136 1047
1137 1050
1138 1051
1139 1052
1140 1054
1141 1055
1142 1056
1143 1058
1144 1059
1145 1060
1146 1061
1147 1063
1148 1064
1149 1065
1150 1067
1151 1068
1152 1069
1153 1070
1154 1072
1155 1073
1156 1074
1157 1076
1158 1078
1159 1079
1160 1080
1161 1082
1162 1083
1164 1084
1165 1085
1166 1087
1167 1088
1168 1089
1169 1091
1170 1092
1171 1093
1172 1095
1173 1097
1174 1098
1175 1099
1176 1100
1177 1102
1178 1103
1179 1104
1180 1106
1181 1107
1182 1108
1183 1110
1184 1112
1185 1113
1186 1114
1187 1115
1188 1117
1189 1118
1190 1119
1191 1120
1192 1122
1193 1124
1194 1125
1195 1126
1196 1128
1197 1129
1198 1130
1199 1131
1200 1133
1201 1134
1202 1136
1203 1137
1204 1139
1205 1140
1207 1141
1208 1142
1209 1144
1210 1145
1211 1146
1212 1148
1213 1150
1214 1151
1215 1152
1216 1153
1217 1155
1218 1156
1219 1158
1220 1159
1221 1161
1222 1162
1223 1163
1224 1164
1225 1166
1226 1168
1227 1169
1228 1170
1229 1172
1230 1173
1231 1174
1232 1175
1233 1178
1234 1179
1235 1180
1236 1181
1237 1182
1238 1184
1239 1185
1240 1187
1241 1188
1242 1190
1243 1191
1244 1192
1245 1193
1246 1196
1247 1197
1248 1198
1249 1199
1251 1200
1252 1202
1253 1204
1254 1205
1255 1206
1256 1208
1257 1209
1258 1210
1259 1212
1260 1213
1261 1215
1262 1216
1263 1217
1264 1218
1265 1220
1266 1222
1267 1223
1268 1224
1269 1225
1270 1228
1271 1229
1272 1230
1273 1231
1274 1232
1275 1235
1276 1236
1277 1237
1278 1238
1279 1239
1280 1242
1281 1243
1282 1244
1283 1245
1284 1246
1285 1249
1286 1250
1287 1251
1288 1252
1289 1253
1290 1256
1291 1257
1292 1258
1294 1259
1295 1260
1296 1263
1297 1264
1298 1265
1299 1266
1300 1267
1301 1270
1302 1271
1303 1272
1304 1273
1305 1274
1306 1277
1307 1278
1308 1279
1309 1280
1310 1282
1311 1283
1312 1285
1313 1286
1314 1288
1315 1289
1316 1290
1317 1292
1318 1294
1319 1295
1320 1296
1321 1297
1322 1298
1323 1301
1324 1302
1325 1303
1326 1304
1327 1306
1328 1308
1329 1309
1330 1310
1331 1312
1332 1313
1333 1314
1334 1316
1335 1318
1337 1319
1338 1320
1339 1321
1340 1323
1341 1325
1342 1326
1343 1327
1344 1329
1345 1330
1346 1331
1347 1333
1348 1335
1349 1336
1350 1337
1351 1338
1352 1340
1353 1341
1354 1343
1355 1345
1356 1346
1357 1347
1358 1348
1359 1349
1360 1352
1361 1353
1362 1354
1363 1356
1364 1357
1365 1358
1366 1359
1367 1362
1368 1363
1369 1364
1370 1366
1371 1367
1372 1368
1373 1371
1374 1372
1375 1373
1376 1374
1377 1376
1378 1377
1380 1378
1381 1381
1382 1382
1383 1383
1384 1384
1385 1386
1386 1387
1387 1388
1388 1391
1389 1392
1390 1393
1391 1394
1392 1396
1393 1397
1394 1398
1395 1399
1396 1402
1397 1403
1398 1404
1399 1406
1400 1407
1401 1408
1402 1409
1403 1411
1404 1413
1405 1415
1406 1416
1407 1417
1408 1418
1409 1420
1410 1421
1411 1422
1412 1425
1413 1426
1414 1427
1415 1429
1416 1430
1417 1431
1418 1432
1419 1434
1420 1436
1421 1438
1423 1439
1424 1440
1425 1441
1426 1443
1427 1444
1428 1445
1429 1447
1430 1449
1431 1450
1432 1452
1433 1453
1434 1454
1435 1456
1436 1457
1437 1458
1438 1460
1439 1461
1440 1463
1441 1465
1442 1466
1443 1467
1444 1469
1445 1470
1446 1471
1447 1473
1448 1474
1449 1475
1450 1478
1451 1479
1452 1480
1453 1482
1454 1483
1455 1484
1456 1486
1457 1487
1458 1488
1459 1490
1460 1492
1461 1494
1462 1495
1463 1496
1464 1498
1466 1499
1467 1500
1468 1502
1469 1503
1470 1504
1471 1505
1472 1507
1473 1509
1474 1511
1475 1512
1476 1513
1477 1515
1478 1516
1479 1517
1480 1519
1481 1520
1482 1521
1483 1523
1484 1524
1485 1525
1486 1528
1487 1529
1488 1531
1489 1532
1490 1533
1491 1535
1492 1536
1493 1537
1494 1539
1495 1540
1496 1542
1497 1543
1498 1544
1499 1546
1500 1547
1501 1550
1502 1551
1503 1552
1504 1554
1505 1555
1506 1556
1507 1558
1509 1559
1510 1560
1511 1562
1512 1563
1513 1565
1514 1566
1515 1567
1516 1569
1517 1570
1518 1571
1519 1573
1520 1575
1521 1577
1522 1578
1523 1580
1524 1581
1525 1582
1526 1584
1527 1585
1528 1586
1529 1588
1530 1589
1531 1590
1532 1592
1533 1593
1534 1595
1535 1596
1536 1597
1537 1599
1538 1600
1539 1601
1540 1603
1541 1604
1542 1606
1543 1608
1544 1610
1545 1611
1546 1613
1547 1614
1548 1615
1549 1617
1550 1618
1552 1619
1553 1621
1554 1622
1555 1624
1556 1625
1557 1626
1558 1628
1559 1629
1560 1631
1561 1632
1562 1633
1563 1635
1564 1636
1565 1638
1566 1639
1567 1640
1568 1642
1569 1643
1570 1645
1571 1646
1572 1647
1573 1649
1574 1650
1575 1652
1576 1653
1577 1654
1578 1656
1579 1657
1580 1659
1581 1660
1582 1661
1583 1663
1584 1664
1585 1666
1586 1667
1587 1669
1588 1670
1589 1671
1590 1673
1591 1674
1592 1676
1593 1677
1595 1678
1596 1680
1597 1681
1598 1683
1599 1684
1600 1686
1601 1687
1602 1688
1603 1690
1604 1691
1605 1693
1606 1694
1607 1696
1608 1697
1609 1698
1610 1700
1611 1701
1612 1703
1613 1704
1614 1706
1615 1707
1616 1708
1617 1710
1618 1711
1619 1713
1620 1714
1621 1716
1622 1717
1623 1719
1624 1720
1625 1721
1626 1723
1627 1724
1628 1726
1629 1727
1630 1729
1631 1730
1632 1732
1633 1733
1634 1734
1635 1736
1636 1737
1637 1739
1639 1740
1640 1742
1641 1743
1642 1745
1643 1746
1644 1748
1645 1749
1646 1750
1647 1752
1648 1753
1649 1755
1650 1756
1651 1756
1652 1758
1653 1759
1654 1761
1655 1762
1656 1764
1657 1765
1658 1767
1659 1768
1660 1770
1661 1771
1662 1772
1663 1774
1664 1775
1665 1777
1666 1778
1667 1780
1668 1781
1669 1783
1670 1784
1671 1786
1672 1787
1673 1789
1674 1790
1675 1790
1676 1792
1677 1793
1678 1795
1679 1796
1680 1798
1682 1799
1683 1801
1684 1802
1685 1804
1686 1805
1687 1806
1688 1808
1689 1809
1690 1811
1691 1812
1692 1814
1693 1814
1694 1815
1695 1817
1696 1818
1697 1820
1698 1821
1699 1823
1700 1824
1701 1826
1702 1827
1703 1829
1704 1830
1705 1832
1706 1833
1707 1835
1708 1835
1709 1836
1710 1838
1711 1839
1712 1841
1713 1842
1714 1844
1715 1845
1716 1847
1717 1848
1718 1850
1719 1851
1720 1853
1721 1853
1722 1854
1723 1856
1725 1858
1726 1859
1727 1861
1728 1862
1729 1864
1730 1865
1731 1867
1732 1868
1733 1870
1734 1870
1735 1871
1736 1873
1737 1874
1738 1876
1739 1877
1740 1879
1741 1880
1742 1882
1743 1883
1744 1885
1745 1885
1746 1886
1747 1888
1748 1889
1749 1891
1750 1893
1751 1894
1752 1896
1753 1897
1754 1899
1755 1899
1756 1900
1757 1902
1758 1903
1759 1905
1760 1906
1761 1908
1762 1909
1763 1911
1764 1911
1765 1912
1766 1914
1768 1916
1769 1917
1770 1919
1771 1920
1772 1922
1773 1923
1774 1923
1775 1925
1776 1926
1777 1928
1778 1929
1779 1931
1780 1933
1781 1934
1782 1936
1783 1936
1784 1937
1785 1939
1786 1940
1787 1942
1788 1943
1789 1945
1790 1947
1791 1947
1792 1948
1793 1950
1794 1951
1795 1953
1796 1954
1797 1956
1798 1958
1799 1958
1800 1959
1801 1961
1802 1962
1803 1964
1804 1965
1805 1967
1806 1967
1807 1968
1808 1970
1809 1972
1811 1973
1812 1975
1813 1976
1814 1976
1815 1978
1816 1979
1817 1981
1818 1983
1819 1984
1820 1986
1821 1986
1822 1987
1823 1989
1824 1990
1825 1992
1826 1994
1827 1995
1828 1995
1829 1997
1830 1998
1831 2000
1832 2002
1833 2003
1834 2005
1835 2005
1836 2006
1837 2008
1838 2009
1839 2011
1840 2013
1841 2013
1842 2014
1843 2016
1844 2017
1845 2019
1846 2021
1847 2021
1848 2022
1849 2024
1850 2025
1851 2027
1852 2029
1854 2030
1855 2030
1856 2032
1857 2033
1858 2035
1859 2037
1860 2037
1861 2038
1862 2040
1863 2041
1864 2043
1865 2045
1866 2045
1867 2046
1868 2048
1869 2049
1870 2051
1871 2053
1872 2053
1873 2054
1874 2056
1875 2057
1876 2059
1877 2061
1878 2061
1879 2062
1880 2064
1881 2066
1882 2067
1883 2067
1884 2069
1885 2070
1886 2072
1887 2074
1888 2074
1889 2075
1890 2077
1891 2078
1892 2080
1893 2082
1894 2082
1895 2083
1897 2085
1898 2087
1899 2088
1900 2088
1901 2090
1902 2091
1903 2093
1904 2095
1905 2095
1906 2096
1907 2098
1908 2100
1909 2101
1910 2101
1911 2103
1912 2105
1913 2106
1914 2108
1915 2108
1916 2109
1917 2111
1918 2113
1919 2114
1920 2114
1921 2116
1922 2118
1923 2119
1924 2121
1925 2121
1926 2123
1927 2124
1928 2126
1929 2126
1930 2127
1931 2129
1932 2131
1933 2132
1934 2132
1935 2134
1936 2136
1937 2137
1938 2139
1940 2139
1941 2141
1942 2142
1943 2144
1944 2144
1945 2146
1946 2147
1947 2149
1948 2151
1949 2151
1950 2152
1951 2154
1952 2156
1953 2156
1954 2157
1955 2159
1956 2160
1957 2162
1958 2162
1959 2164
1960 2165
1961 2167
1962 2167
1963 2169
1964 2170
1965 2172
1966 2172
1967 2174
1968 2175
1969 2177
1970 2177
1971 2179
1972 2180
1973 2182
1974 2184
1975 2184
1976 2185
1977 2187
1978 2189
1979 2189
1980 2190
1981 2192
1983 2194
1984 2194
1985 2195
1986 2197
1987 2199
1988 2199
1989 2201
1990 2202
1991 2204
1992 2204
1993 2206
1994 2207
1995 2209
1996 2209
1997 2211
1998 2212
1999 2214
2000 2214
2001 2216
2002 2217
2003 2219
2004 2219
2005 2221
2006 2222
2007 2224
2008 2224
2009 2226
2010 2227
2011 2227
2012 2229
2013 2231
2014 2233
2015 2233
2016 2234
2017 2236
2018 2238
2019 2238
2020 2239
2021 2241
2022 2243
2023 2243
2024 2244
2026 2246
2027 2246
2028 2248
2029 2249
2030 2251
2031 2251
2032 2253
2033 2255
2034 2256
2035 2256
2036 2258
2037 2260
2038 2260
2039 2261
2040 2263
2041 2265
2042 2265
2043 2267
2044 2268
2045 2268
2046 2270
2047 2272
2048 2273
2049 2273
2050 2275
2051 2277
2052 2278
2053 2278
2054 2280
2055 2282
2056 2282
2057 2284
2058 2285
2059 2285
2060 2287
2061 2289
2062 2290
2063 2290
2064 2292
2065 2294
2066 2294
2067 2296
2068 2297
2070 2299
2071 2299
2072 2301
2073 2303
2074 2303
2075 2304
2076 2306
2077 2306
2078 2308
2079 2309
2080 2311
2081 2311
2082 2313
2083 2315
2084 2315
2085 2316
2086 2318
2087 2318
2088 2320
2089 2322
2090 2323
2091 2323
2092 2325
2093 2327
2094 2327
2095 2328
2096 2330
2097 2330
2098 2332
2099 2334
2100 2334
2101 2335
2102 2337
2103 2337
2104 2339
2105 2341
2106 2342
2107 2342
2108 2344
2109 2346
2110 2346
2111 2348
2113 2349
2114 2349
2115 2351
2116 2353
2117 2353
2118 2355
2119 2356
2120 2356
2121 2358
2122 2360
2123 2360
2124 2362
2125 2363
2126 2363
2127 2365
2128 2367
2129 2367
2130 2369
2131 2370
2132 2370
2133 2372
2134 2374
2135 2374
2136 2376
2137 2377
2138 2377
2139 2379
2140 2381
2141 2381
2142 2383
2143 2384
2144 2384
2145 2386
2146 2388
2147 2388
2148 2390
2149 2391
2150 2391
2151 2393
2152 2395
2153 2395
2154 2397
2156 2398
2157 2398
2158 2400
2159 2402
2160 2402
2161 2404
2162 2405
2163 2405
2164 2407
2165 2409
2166 2409
2167 2411
2168 2411
2169 2413
2170 2414
2171 2414
2172 2416
2173 2418
2174 2418
2175 2420
2176 2421
2177 2421
2178 2423
2179 2425
2180 2425
2181 2427
2182 2427
2183 2429
2184 2430
2185 2430
2186 2432
2187 2434
2188 2434
2189 2436
2190 2437
2191 2437
2192 2439
2193 2441
2194 2441
2195 2443
2196 2443
2197 2445
2199 2446
2200 2446
2201 2448
2202 2450
2203 2450
2204 2452
2205 2452
2206 2453
2207 2455
2208 2455
2209 2457
2210 2459
2211 2459
2212 2461
2213 2461
2214 2462
2215 2464
2216 2464
2217 2466
2218 2468
2219 2468
2220 2470
2221 2470
2222 2471
2223 2473
2224 2473
2225 2475
2226 2477
2227 2477
2228 2479
2229 2479
2230 2480
2231 2482
2232 2482
2233 2484
2234 2484
2235 2486
2236 2488
2237 2488
2238 2489
2239 2491
2240 2491
2242 2493
2243 2493
2244 2495
2245 2497
2246 2497
2247 2498
2248 2498
2249 2500
2250 2502
2251 2502
2252 2504
2253 2504
2254 2506
2255 2507
2256 2507
2257 2509
2258 2509
2259 2511
2260 2513
2261 2513
2262 2515
2263 2515
2264 2517
2265 2518
2266 2518
2267 2520
2268 2520
2269 2522
2270 2524
2271 2524
2272 2526
2273 2526
2274 2527
2275 2529
2276 2529
2277 2531
2278 2531
2279 2533
2280 2535
2281 2535
2282 2537
2283 2537
2285 2538
2286 2540
2287 2540
2288 2542
2289 2542
2290 2544
2291 2544
2292 2546
2293 2547
2294 2547
2295 2549
2296 2549
2297 2551
2298 2553
2299 2553
2300 2555
2301 2555
2302 2557
2303 2557
2304 2558
2305 2560
2306 2560
2307 2562
2308 2562
2309 2564
2310 2564
2311 2566
2312 2568
2313 2568
2314 2569
2315 2569
2316 2571
2317 2571
2318 2573
2319 2575
2320 2575
2321 2577
2322 2577
2323 2579
2324 2579
2325 2581
2326 2582
2328 2582
2329 2584
2330 2584
2331 2586
2332 2586
2333 2588
2334 2590
2335 2590
2336 2592
2337 2592
2338 2593
2339 2593
2340 2595
2341 2597
2342 2597
2343 2599
2344 2599
2345 2601
2346 2601
2347 2603
2348 2603
2349 2605
2350 2606
2351 2606
2352 2608
2353 2608
2354 2610
2355 2610
2356 2612
2357 2612
2358 2614
2359 2616
2360 2616
2361 2617
2362 2617
2363 2619
2364 2619
2365 2621
2366 2621
2367 2623
2368 2623
2369 2625
2371 2627
2372 2627
2373 2629
2374 2629
2375 2630
2376 2630
2377 2632
2378 2632
2379 2634
2380 2636
2381 2636
2382 2638
2383 2638
2384 2640
2385 2640
2386 2642
2387 2642
2388 2644
2389 2644
2390 2645
2391 2645
2392 2647
2393 2649
2394 2649
2395 2651
2396 2651
2397 2653
2398 2653
2399 2655
2400 2655
2401 2657
2402 2657
2403 2659
2404 2659
2405 2660
2406 2660
2407 2662
2408 2664
2409 2664
2410 2666
2411 2666
2412 2668
2414 2668
2415 2670
2416 2670
2417 2672
2418 2672
2419 2674
2420 2674
2421 2675
2422 2675
2423 2677
2424 2677
2425 2679
2426 2679
2427 2681
2428 2683
2429 2683
2430 2685
2431 2685
2432 2687
2433 2687
2434 2689
2435 2689
2436 2690
2437 2690
2438 2692
2439 2692
2440 2694
2441 2694
2442 2696
2443 2696
2444 2698
2445 2698
2446 2700
2447 2700
2448 2702
2449 2702
2450 2704
2451 2704
2452 2706
2453 2706
2454 2707
2455 2707
2457 2709
2458 2709
2459 2711
2460 2713
2461 2713
2462 2715
2463 2715
2464 2717
2465 2717
2466 2719
2467 2719
2468 2721
2469 2721
2470 2723
2471 2723
2472 2725
2473 2725
2474 2726
2475 2726
2476 2728
2477 2728
2478 2730
2479 2730
2480 2732
2481 2732
2482 2734
2483 2734
2484 2736
2485 2736
2486 2738
2487 2738
2488 2740
2489 2740
2490 2742
2491 2742
2492 2744
2493 2744
2494 2745
2495 2745
2496 2747
2497 2747
2498 2749
2499 2749
2501 2751
2502 2751
2503 2753
2504 2753
2505 2753
2506 2755
2507 2755
2508 2757
2509 2757
2510 2759
2511 2759
2512 2761
2513 2761
2514 2763
2515 2763
2516 2765
2517 2765
2518 2767
2519 2767
2520 2768
2521 2768
2522 2770
2523 2770
2524 2772
2525 2772
2526 2774
2527 2774
2528 2776
2529 2776
2530 2778
2531 2778
2532 2780
2533 2780
2534 2782
2535 2782
2536 2784
2537 2784
2538 2784
2539 2786
2540 2786
2541 2788
2542 2788
2544 2790
2545 2790
2546 2791
2547 2791
2548 2793
2549 2793
2550 2795
2551 2795
2552 2797
2553 2797
2554 2799
2555 2799
2556 2801
2557 2801
2558 2801
2559 2803
2560 2803
2561 2805
2562 2805
2563 2807
2564 2807
2565 2809
2566 2809
2567 2811
2568 2811
2569 2813
2570 2813
2571 2815
2572 2815
2573 2815
2574 2817
2575 2817
2576 2819
2577 2819
2578 2820
2579 2820
2580 2822
2581 2822
2582 2824
2583 2824
2584 2826
2585 2826
2587 2828
2588 2828
2589 2828
2590 2830
2591 2830
2592 2832
2593 2832
2594 2834
2595 2834
2596 2836
2597 2836
2598 2838
2599 2838
2600 2838
2601 2840
2602 2840
2603 2842
2604 2842
2605 2844
2606 2844
2607 2846
2608 2846
2609 2848
2610 2848
2611 2848
2612 2850
2613 2850
2614 2852
2615 2852
2616 2854
2617 2854
2618 2855
2619 2855
2620 2857
2621 2857
2622 2857
2623 2859
2624 2859
2625 2861
2626 2861
2627 2863
2628 2863
2630 2865
2631 2865
2632 2865
2633 2867
2634 2867
2635 2869
2636 2869
2637 2871
2638 2871
2639 2873
2640 2873
2641 2873
2642 2875
2643 2875
2644 2877
2645 2877
2646 2879
2647 2879
2648 2881
2649 2881
2650 2881
2651 2883
2652 2883
2653 2885
2654 2885
2655 2887
2656 2887
2657 2887
2658 2889
2659 2889
2660 2891
2661 2891
2662 2893
2663 2893
2664 2895
2665 2895
2666 2895
2667 2897
2668 2897
2669 2899
2670 2899
2671 2901
2673 2901
2674 2901
2675 2903
2676 2903
2677 2905
2678 2905
2679 2906
2680 2906
2681 2906
2682 2908
2683 2908
2684 2910
2685 2910
2686 2912
2687 2912
2688 2912
2689 2914
2690 2914
2691 2916
2692 2916
2693 2918
2694 2918
2695 2918
2696 2920
2697 2920
2698 2922
2699 2922
2700 2924
2701 2924
2702 2924
2703 2926
2704 2926
2705 2928
2706 2928
2707 2930
2708 2930
2709 2930
2710 2932
2711 2932
2712 2934
2713 2934
2714 2936
2716 2936
2717 2936
2718 2938
2719 2938
2720 2940
2721 2940
2722 2940
2723 2942
2724 2942
2725 2944
2726 2944
2727 2946
2728 2946
2729 2946
2730 2948
2731 2948
2732 2950
2733 2950
2734 2950
2735 2952
2736 2952
2737 2954
2738 2954
2739 2956
2740 2956
2741 2956
2742 2958
2743 2958
2744 2960
2745 2960
2746 2960
2747 2962
2748 2962
2749 2964
2750 2964
2751 2964
2752 2966
2753 2966
2754 2968
2755 2968
2756 2970
2757 2970
2759 2970
2760 2972
2761 2972
2762 2974
2763 2974
2764 2974
2765 2976
2766 2976
2767 2978
2768 2978
2769 2978
2770 2980
2771 2980
2772 2982
2773 2982
2774 2982
2775 2984
2776 2984
2777 2986
2778 2986
2779 2988
2780 2988
2781 2988
2782 2990
2783 2990
2784 2992
2785 2992
2786 2992
2787 2994
2788 2994
2789 2996
2790 2996
2791 2996
2792 2998
2793 2998
2794 3000
2795 3000
2796 3000
2797 3002
2798 3002
2799 3004
2800 3004
2802 3004
2803 3006
2804 3006
2805 3008
2806 3008
2807 3008
2808 3010
2809 3010
2810 3012
2811 3012
2812 3012
2813 3014
2814 3014
2815 3016
2816 3016
2817 3016
2818 3018
2819 3018
2820 3020
2821 3020
2822 3020
2823 3022
2824 3022
2825 3024
2826 3024
2827 3024
2828 3026
2829 3026
2830 3026
2831 3028
2832 3028
2833 3030
2834 3030
2835 3030
2836 3032
2837 3032
2838 3034
2839 3034
2840 3034
2841 3036
2842 3036
2843 3038
2845 3038
2846 3038
2847 3040
2848 3040
2849 3042
2850 3042
2851 3042
2852 3044
2853 3044
2854 3044
2855 3046
2856 3046
2857 3048
2858 3048
2859 3048
2860 3050
2861 3050
2862 3052
2863 3052
2864 3052
2865 3054
2866 3054
2867 3056
2868 3056
2869 3056
2870 3058
2871 3058
2872 3058
2873 3061
2874 3061
2875 3063
2876 3063
2877 3063
2878 3065
2879 3065
2880 3067
2881 3067
2882 3067
2883 3069
2884 3069
2885 3069
2886 3071
2887 3071
2889 3073
2890 3073
2891 3073
2892 3075
2893 3075
2894 3077
2895 3077
2896 3077
2897 3079
2898 3079
2899 3079
2900 3081
2901 3081
2902 3083
2903 3083
2904 3083
2905 3085
2906 3085
2907 3085
2908 3087
2909 3087
2910 3089
2911 3089
2912 3089
2913 3091
2914 3091
2915 3093
2916 3093
2917 3093
2918 3095
2919 3095
2920 3095
2921 3097
2922 3097
2923 3099
2924 3099
2925 3099
2926 3101
2927 3101
2928 3101
2929 3103
2930 3103
2932 3105
2933 3105
2934 3105
2935 3107
2936 3107
2937 3107
2938 3109
2939 3109
2940 3111
2941 3111
2942 3111
2943 3114
2944 3114
2945 3114
2946 3116
2947 3116
2948 3118
2949 3118
2950 3118
2951 3120
2952 3120
2953 3120
2954 3122
2955 3122
2956 3124
2957 3124
2958 3124
2959 3126
2960 3126
2961 3126
2962 3128
2963 3128
2964 3130
2965 3130
2966 3130
2967 3132
2968 3132
2969 3132
2970 3134
2971 3134
2972 3136
2973 3136
2975 3136
2976 3138
2977 3138
2978 3138
2979 3140
2980 3140
2981 3140
2982 3142
2983 3142
2984 3144
2985 3144
2986 3144
2987 3146
2988 3146
2989 3146
2990 3148
2991 3148
2992 3151
2993 3151
2994 3151
2995 3153
2996 3153
2997 3153
2998 3155
2999 3155
3000 3157
3001 3157
3002 3157
3003 3159
3004 3159
3005 3159
3006 3161
3007 3161
3008 3161
3009 3163
3010 3163
3011 3165
3012 3165
3013 3165
3014 3167
3015 3167
3016 3167
3018 3169
3019 3169
3020 3171
3021 3171
3022 3171
3023 3173
3024 3173
3025 3173
3026 3175
3027 3175
3028 3175
3029 3177
3030 3177
3031 3180
3032 3180
3033 3180
3034 3182
3035 3182
3036 3182
3037 3184
3038 3184
3039 3184
3040 3186
3041 3186
3042 3188
3043 3188
3044 3188
3045 3190
3046 3190
3047 3190
3048 3192
3049 3192
3050 3194
3051 3194
3052 3194
3053 3196
3054 3196
3055 3196
3056 3198
3057 3198
3058 3198
3059 3200
3061 3200
3062 3202
3063 3202
3064 3202
3065 3204
3066 3204
3067 3204
3068 3207
3069 3207
3070 3207
3071 3209
3072 3209
3073 3211
3074 3211
3075 3211
3076 3213
3077 3213
3078 3213
3079 3215
3080 3215
3081 3215
3082 3217
3083 3217
3084 3219
3085 3219
3086 3219
3087 3221
3088 3221
3089 3221
3090 3223
3091 3223
3092 3223
3093 3225
3094 3225
3095 3227
3096 3227
3097 3227
3098 3230
3099 3230
3100 3230
3101 3232
3102 3232
3104 3232
3105 3234
3106 3234
3107 3236
3108 3236
3109 3236
3110 3238
3111 3238
3112 3238
3113 3240
3114 3240
3115 3240
3116 3242
3117 3242
3118 3242
3119 3244
3120 3244
3121 3246
3122 3246
3123 3246
3124 3248
3125 3248
3126 3248
3127 3250
3128 3250
3129 3250
3130 3253
3131 3253
3132 3255
3133 3255
3134 3255
3135 3257
3136 3257
3137 3257
3138 3259
3139 3259
3140 3259
3141 3261
3142 3261
3143 3263
3144 3263
3145 3263
3147 3265
3148 3265
3149 3265
3150 3267
3151 3267
3152 3267
3153 3269
3154 3269
3155 3272
3156 3272
3157 3272
3158 3274
3159 3274
3160 3274
3161 3276
3162 3276
3163 3276
3164 3278
3165 3278
3166 3280
3167 3280
3168 3280
3169 3282
3170 3282
3171 3282
3172 3284
3173 3284
3174 3284
3175 3286
3176 3286
3177 3288
3178 3288
3179 3288
3180 3291
3181 3291
3182 3291
3183 3293
3184 3293
3185 3293
3186 3295
3187 3295
3188 3297
3190 3297
3191 3297
3192 3299
3193 3299
3194 3299
3195 3301
3196 3301
3197 3301
3198 3303
3199 3303
3200 3305
3201 3305
3202 3305
3203 3307
3204 3307
3205 3307
3206 3310
3207 3310
3208 3310
3209 3312
3210 3312
3211 3314
3212 3314
3213 3314
3214 3316
3215 3316
3216 3316
3217 3318
3218 3318
3219 3318
3220 3320
3221 3320
3222 3322
3223 3322
3224 3322
3225 3324
3226 3324
3227 3324
3228 3327
3229 3327
3230 3327
3231 3329
3233 3329
3234 3331
3235 3331
3236 3331
3237 3333
3238 3333
3239 3333
3240 3335
3241 3335
3242 3335
3243 3337
3244 3337
3245 3339
3246 3339
3247 3339
3248 3341
3249 3341
3250 3341
3251 3344
3252 3344
3253 3344
3254 3346
3255 3346
3256 3348
3257 3348
3258 3348
3259 3350
3260 3350
3261 3350
3262 3352
3263 3352
3264 3354
3265 3354
3266 3354
3267 3356
3268 3356
3269 3356
3270 3359
3271 3359
3272 3359
3273 3361
3274 3361
3276 3363
3277 3363
3278 3363
3279 3365
3280 3365
3281 3365
3282 3367
3283 3367
3284 3369
3285 3369
3286 3369
3287 3371
3288 3371
3289 3371
3290 3374
3291 3374
3292 3374
3293 3376
3294 3376
3295 3378
3296 3378
3297 3378
3298 3380
3299 3380
3300 3380
3301 3382
3302 3382
3303 3384
3304 3384
3305 3384
3306 3386
3307 3386
3308 3386
3309 3389
3310 3389
3311 3391
3312 3391
3313 3391
3314 3393
3315 3393
3316 3393
3317 3395
3318 3395
3320 3395
3321 3397
3322 3397
3323 3399
3324 3399
3325 3399
3326 3401
3327 3401
3328 3401
3329 3404
3330 3404
3331 3406
3332 3406
3333 3406
3334 3408
3335 3408
3336 3408
3337 3410
3338 3410
3339 3412
3340 3412
3341 3412
3342 3414
3343 3414
3344 3414
3345 3417
3346 3417
3347 3419
3348 3419
3349 3419
3350 3421
3351 3421
3352 3421
3353 3423
3354 3423
3355 3425
3356 3425
3357 3425
3358 3427
3359 3427
3360 3430
3361 3430
3363 3430
3364 3432
3365 3432
3366 3432
3367 3434
3368 3434
3369 3436
3370 3436
3371 3436
3372 3438
3373 3438
3374 3438
3375 3440
3376 3440
3377 3443
3378 3443
3379 3443
3380 3445
3381 3445
3382 3445
3383 3447
3384 3447
3385 3449
3386 3449
3387 3449
3388 3451
3389 3451
3390 3453
3391 3453
3392 3453
3393 3456
3394 3456
3395 3456
3396 3458
3397 3458
3398 3460
3399 3460
3400 3460
3401 3462
3402 3462
3403 3464
3404 3464
3406 3464
3407 3466
3408 3466
3409 3466
3410 3469
3411 3469
3412 3471
3413 3471
3414 3471
3415 3473
3416 3473
3417 3475
3418 3475
3419 3475
3420 3477
3421 3477
3422 3477
3423 3479
3424 3479
3425 3482
3426 3482
3427 3482
3428 3484
3429 3484
3430 3486
3431 3486
3432 3486
3433 3488
3434 3488
3435 3490
3436 3490
3437 3490
3438 3493
3439 3493
3440 3493
3441 3495
3442 3495
3443 3497
3444 3497
3445 3497
3446 3499
3447 3499
3449 3501
3450 3501
3451 3501
3452 3504
3453 3504
3454 3506
3455 3506
3456 3506
3457 3508
3458 3508
3459 3510
3460 3510
3461 3510
3462 3512
3463 3512
3464 3514
3465 3514
3466 3514
3467 3517
3468 3517
3469 3519
3470 3519
3471 3519
3472 3521
3473 3521
3474 3523
3475 3523
3476 3523
3477 3525
3478 3525
3479 3528
3480 3528
3481 3528
3482 3530
3483 3530
3484 3532
3485 3532
3486 3532
3487 3534
3488 3534
3489 3536
3490 3536
3492 3536
3493 3539
3494 3539
3495 3541
3496 3541
3497 3541
3498 3543
3499 3543
3500 3545
3501 3545
3502 3545
3503 3547
3504 3547
3505 3550
3506 3550
3507 3550
3508 3552
3509 3552
3510 3554
3511 3554
3512 3554
3513 3556
3514 3556
3515 3558
3516 3558
3517 3558
3518 3561
3519 3561
3520 3563
3521 3563
3522 3565
3523 3565
3524 3565
3525 3567
3526 3567
3527 3570
3528 3570
3529 3570
3530 3572
3531 3572
3532 3574
3533 3574
3535 3574
3536 3576
3537 3576
3538 3578
3539 3578
3540 3581
3541 3581
3542 3581
3543 3583
3544 3583
3545 3585
3546 3585
3547 3585
3548 3587
3549 3587
3550 3589
3551 3589
3552 3589
3553 3592
3554 3592
3555 3594
3556 3594
3557 3596
3558 3596
3559 3596
3560 3598
3561 3598
3562 3601
3563 3601
3564 3603
3565 3603
3566 3603
3567 3605
3568 3605
3569 3607
3570 3607
3571 3607
3572 3609
3573 3609
3574 3612
3575 3612
3576 3614
3578 3614
3579 3614
3580 3616
3581 3616
3582 3618
3583 3618
3584 3621
3585 3621
3586 3621
3587 3623
3588 3623
3589 3625
3590 3625
3591 3627
3592 3627
3593 3627
3594 3630
3595 3630
3596 3632
3597 3632
3598 3634
3599 3634
3600 3634
3601 3636
3602 3636
3603 3638
3604 3638
3605 3641
3606 3641
3607 3641
3608 3643
3609 3643
3610 3645
3611 3645
3612 3647
3613 3647
3614 3647
3615 3650
3616 3650
3617 3652
3618 3652
3619 3654
3621 3654
3622 3654
3623 3656
3624 3656
3625 3659
3626 3659
3627 3661
3628 3661
3629 3663
3630 3663
3631 3663
3632 3665
3633 3665
3634 3668
3635 3668
3636 3670
3637 3670
3638 3672
3639 3672
3640 3672
3641 3674
3642 3674
3643 3677
3644 3677
3645 3679
3646 3679
3647 3679
3648 3681
3649 3681
3650 3683
3651 3683
3652 3686
3653 3686
3654 3688
3655 3688
3656 3690
3657 3690
3658 3690
3659 3692
3660 3692
3661 3695
3662 3695
3664 3697
3665 3697
3666 3699
3667 3699
3668 3699
3669 3701
3670 3701
3671 3704
3672 3704
3673 3706
3674 3706
3675 3708
3676 3708
3677 3710
3678 3710
3679 3710
3680 3713
3681 3713
3682 3715
3683 3715
3684 3717
3685 3717
3686 3719
3687 3719
3688 3722
3689 3722
3690 3722
3691 3724
3692 3724
3693 3726
3694 3726
3695 3729
3696 3729
3697 3731
3698 3731
3699 3733
3700 3733
3701 3735
3702 3735
3703 3735
3704 3738
3705 3738
3706 3740
3708 3740
3709 3742
3710 3742
3711 3744
3712 3744
3713 3747
3714 3747
3715 3749
3716 3749
3717 3751
3718 3751
3719 3751
3720 3753
3721 3753
3722 3756
3723 3756
3724 3758
3725 3758
3726 3760
3727 3760
3728 3763
3729 3763
3730 3765
3731 3765
3732 3767
3733 3767
3734 3769
3735 3769
3736 3769
3737 3772
3738 3772
3739 3774
3740 3774
3741 3776
3742 3776
3743 3779
3744 3779
3745 3781
3746 3781
3747 3783
3748 3783
3749 3785
3751 3785
3752 3788
3753 3788
3754 3790
3755 3790
3756 3792
3757 3792
3758 3795
3759 3795
3760 3795
3761 3797
3762 3797
3763 3799
3764 3799
3765 3801
3766 3801
3767 3804
3768 3804
3769 3806
3770 3806
3771 3808
3772 3808
3773 3811
3774 3811
3775 3813
3776 3813
3777 3815
3778 3815
3779 3817
3780 3817
3781 3820
3782 3820
3783 3822
3784 3822
3785 3824
3786 3824
3787 3827
3788 3827
3789 3829
3790 3829
3791 3831
3792 3831
3794 3834
3795 3834
3796 3836
3797 3836
3798 3838
3799 3838
3800 3840
3801 3840
3802 3843
3803 3843
3804 3845
3805 3845
3806 3847
3807 3847
3808 3850
3809 3850
3810 3852
3811 3852
3812 3854
3813 3854
3814 3857
3815 3857
3816 3859
3817 3859
3818 3861
3819 3861
3820 3864
3821 3864
3822 3866
3823 3866
3824 3868
3825 3868
3826 3870
3827 3870
3828 3873
3829 3873
3830 3875
3831 3875
3832 3877
3833 3877
3834 3880
3835 3880
3837 3882
3838 3882
3839 3884
3840 3884
3841 3887
3842 3887
3843 3889
3844 3891
3845 3891
3846 3894
3847 3894
3848 3896
3849 3896
3850 3898
3851 3898
3852 3901
3853 3901
3854 3903
3855 3903
3856 3905
3857 3905
3858 3908
3859 3908
3860 3910
3861 3910
3862 3912
3863 3912
3864 3915
3865 3915
3866 3917
3867 3919
3868 3919
3869 3922
3870 3922
3871 3924
3872 3924
3873 3926
3874 3926
3875 3929
3876 3929
3877 3931
3878 3931
3880 3933
3881 3933
3882 3936
3883 3936
3884 3938
3885 3940
3886 3940
3887 3943
3888 3943
3889 3945
3890 3945
3891 3947
3892 3947
3893 3950
3894 3950
3895 3952
3896 3952
3897 3954
3898 3957
3899 3957
3900 3959
3901 3959
3902 3961
3903 3961
3904 3964
3905 3964
3906 3966
3907 3966
3908 3968
3909 3971
3910 3971
3911 3973
3912 3973
3913 3975
3914 3975
3915 3978
3916 3978
3917 3980
3918 3980
3919 3982
3920 3985
3921 3985
3923 3987
3924 3987
3925 3989
3926 3989
3927 3992
3928 3992
3929 3994
3930 3997
3931 3997
3932 3999
3933 3999
3934 4001
3935 4001
3936 4004
3937 4004
3938 4006
3939 4008
3940 4008
3941 4011
3942 4011
3943 4013
3944 4013
3945 4015
3946 4018
3947 4018
3948 4020
3949 4020
3950 4022
3951 4022
3952 4025
3953 4025
3954 4027
3955 4030
3956 4030
3957 4032
3958 4032
3959 4034
3960 4034
3961 4037
3962 4039
3963 4039
3964 4041
3966 4041
3967 4044
3968 4044
3969 4046
3970 4048
3971 4048
3972 4051
3973 4051
3974 4053
3975 4053
3976 4056
3977 4058
3978 4058
3979 4060
3980 4060
3981 4063
3982 4065
3983 4065
3984 4067
3985 4067
3986 4070
3987 4070
3988 4072
3989 4075
3990 4075
3991 4077
3992 4077
3993 4079
3994 4082
3995 4082
3996 4084
3997 4084
3998 4087
3999 4087
4000 4089
4001 4091
4002 4091
4003 4094
4004 4094
4005 4096
4006 4098
4007 4098
4009 4101
4010 4101
4011 4103
4012 4106
