81 135 81 368
82 136 82 368
83 138 83 368
84 140 84 368
85 141 85 367
87 143 87 367
88 145 88 367
89 146 89 367
90 148 90 366
91 150 91 366
92 152 92 366
93 153 93 366
94 155 94 365
95 157 95 365
96 158 96 365
97 160 97 365
98 162 98 364
99 163 99 364
100 165 100 364
101 167 101 364
102 168 102 363
103 170 103 363
104 172 104 363
105 173 105 363
106 175 106 362
107 177 107 362
108 178 108 362
109 180 109 362
110 182 110 361
111 183 111 361
112 185 112 361
113 187 113 361
114 188 114 361
115 190 115 360
116 192 116 360
117 193 117 360
118 195 118 360
119 197 119 360
120 198 120 359
121 200 121 359
122 202 122 359
123 203 123 359
124 205 124 359
125 207 125 358
126 208 126 358
127 210 127 358
128 212 128 358
130 213 130 358
131 215 131 358
132 217 132 357
133 218 133 357
134 220 134 357
135 222 135 357
136 223 136 357
137 225 137 356
138 227 138 356
139 228 139 356
140 230 140 356
141 232 141 356
142 233 142 356
143 235 143 356
144 237 144 355
145 238 145 355
146 240 146 355
147 242 147 355
148 243 148 355
149 245 149 355
150 247 150 354
151 248 151 354
152 250 152 354
153 252 153 354
154 253 154 354
155 255 155 354
156 257 156 354
157 258 157 354
158 260 158 353
159 262 159 353
160 263 160 353
161 265 161 353
162 267 162 353
163 268 163 353
164 270 164 353
165 271 165 353
166 273 166 353
167 275 167 352
168 276 168 352
169 278 169 352
170 280 170 352
171 281 171 352
173 283 173 352
174 285 174 352
175 286 175 352
176 288 176 352
177 290 177 352
178 291 178 352
179 293 179 352
180 295 180 351
181 296 181 351
182 298 182 351
183 300 183 351
184 301 184 351
185 303 185 351
186 305 186 351
187 306 187 351
188 308 188 351
189 310 189 351
190 311 190 351
191 313 191 351
192 315 192 351
193 316 193 351
194 318 194 351
195 320 195 351
196 321 196 350
197 323 197 350
198 325 198 350
199 326 199 350
200 328 200 350
201 330 201 350
202 331 202 350
203 333 203 350
204 335 204 350
205 336 205 350
206 338 206 350
207 340 207 350
208 341 208 350
209 343 209 350
210 345 210 350
211 346 211 350
212 348 212 350
213 350 213 350
214 351 214 350
216 353 216 350
217 354 217 350
218 356 218 350
219 358 219 350
220 359 220 350
221 361 221 350
222 363 222 350
223 364 223 350
224 366 224 350
225 368 225 350
226 369 226 350
227 371 227 350
228 373 228 350
229 374 229 350
230 376 230 350
231 378 231 350
232 379 232 350
233 381 233 350
234 383 234 350
235 384 235 350
236 386 236 350
237 388 237 350
238 389 238 350
239 391 239 351
240 393 240 351
241 394 241 351
242 396 242 351
243 398 243 351
244 399 244 351
245 401 245 351
246 402 246 351
247 404 247 351
248 406 248 351
249 407 249 351
250 409 250 351
251 411 251 351
252 412 252 351
253 414 253 351
254 416 254 351
255 417 255 351
256 419 256 352
257 421 257 352
259 422 259 352
260 424 260 352
261 426 261 352
262 427 262 352
263 429 263 352
264 431 264 352
265 432 265 352
266 434 266 352
267 435 267 352
268 437 268 353
269 439 269 353
270 440 270 353
271 442 271 353
272 444 272 353
273 445 273 353
274 447 274 353
275 449 275 353
276 450 276 353
277 452 277 354
278 454 278 354
279 455 279 354
280 457 280 354
281 459 281 354
282 460 282 354
283 462 283 354
284 463 284 354
285 465 285 355
286 467 286 355
287 468 287 355
288 470 288 355
289 472 289 355
290 473 290 355
291 475 291 355
292 477 292 356
293 478 293 356
294 480 294 356
295 482 295 356
296 483 296 356
297 485 297 356
298 487 298 357
299 488 299 357
300 490 300 357
302 491 302 357
303 493 303 357
304 495 304 357
305 496 305 358
306 498 306 358
307 500 307 358
308 501 308 358
309 503 309 358
310 505 310 359
311 506 311 359
312 508 312 359
313 509 313 359
314 511 314 359
315 513 315 359
316 514 316 360
317 516 317 360
318 518 318 360
319 519 319 360
320 521 320 360
321 523 321 361
322 524 322 361
323 526 323 361
324 528 324 361
325 529 325 362
326 531 326 362
327 532 327 362
328 534 328 362
329 536 329 362
330 537 330 363
331 539 331 363
332 541 332 363
333 542 333 363
334 544 334 364
335 546 335 364
336 547 336 364
337 549 337 364
338 550 338 364
339 552 339 365
340 554 340 365
341 555 341 365
342 557 342 366
343 559 343 366
345 560 345 366
346 562 346 366
347 564 347 367
348 565 348 367
349 567 349 367
350 568 350 367
351 570 351 368
352 572 352 368
353 573 353 368
354 575 354 368
355 577 355 369
356 578 356 369
357 580 357 369
358 581 358 369
359 583 359 370
360 585 360 370
361 586 361 370
362 588 362 371
363 590 363 371
364 591 364 371
365 593 365 372
366 594 366 372
367 596 367 372
368 598 368 372
369 599 369 373
370 601 370 373
371 603 371 373
372 604 372 374
373 606 373 374
374 608 374 374
375 609 375 375
376 611 376 375
377 612 377 375
378 614 378 375
379 616 379 376
380 617 380 376
381 619 381 376
382 621 382 377
383 622 383 377
384 624 384 377
385 625 385 378
386 627 386 378
388 629 388 379
389 630 389 379
390 632 390 379
391 634 391 380
392 635 392 380
393 637 393 380
394 638 394 380
395 640 395 381
396 642 396 381
397 643 397 382
398 645 398 382
399 646 399 382
400 648 400 383
401 650 401 383
402 651 402 383
403 653 403 384
404 655 404 384
405 656 405 384
406 658 406 385
407 659 407 385
408 661 408 386
409 663 409 386
410 664 410 386
411 666 411 387
412 668 412 387
413 669 413 387
414 671 414 388
415 672 415 388
416 674 416 389
417 676 417 389
418 677 418 389
419 679 419 390
420 680 420 390
421 682 421 391
422 684 422 391
423 685 423 391
424 687 424 392
425 689 425 392
426 690 426 393
427 692 427 393
428 693 428 393
429 695 429 394
430 697 430 394
432 698 432 395
433 700 433 395
434 701 434 395
435 703 435 396
436 705 436 397
437 706 437 397
438 708 438 397
439 709 439 398
440 711 440 398
441 713 441 399
442 714 442 399
443 716 443 399
444 718 444 400
445 719 445 400
446 721 446 401
447 722 447 401
448 724 448 402
449 726 449 402
450 727 450 403
451 729 451 403
452 730 452 403
453 732 453 404
454 734 454 405
455 735 455 405
456 737 456 405
457 738 457 406
458 740 458 406
459 742 459 407
460 743 460 407
461 745 461 408
462 746 462 408
463 748 463 409
464 750 464 409
465 751 465 410
466 753 466 410
467 754 467 410
468 756 468 411
469 758 469 412
470 759 470 412
471 761 471 413
472 762 472 413
473 764 473 414
475 766 475 414
476 767 476 414
477 769 477 415
478 770 478 415
479 772 479 416
480 774 480 417
481 775 481 417
482 777 482 418
483 778 483 418
484 780 484 419
485 782 485 419
486 783 486 420
487 785 487 420
488 786 488 421
489 788 489 421
490 790 490 422
491 791 491 422
492 793 492 423
493 794 493 423
494 796 494 424
495 798 495 425
496 799 496 425
497 801 497 426
498 802 498 426
499 804 499 427
500 806 500 427
501 807 501 428
502 809 502 428
503 810 503 429
504 812 504 429
505 813 505 430
506 815 506 430
507 817 507 431
508 818 508 431
509 820 509 432
510 821 510 432
511 823 511 433
512 825 512 434
513 826 513 434
514 828 514 435
515 829 515 435
516 831 516 436
518 833 518 437
519 834 519 437
520 836 520 438
521 837 521 438
522 839 522 439
523 840 523 439
524 842 524 440
525 844 525 441
526 845 526 441
527 847 527 442
528 848 528 442
529 850 529 443
530 852 530 444
531 853 531 444
532 855 532 445
533 856 533 445
534 858 534 446
535 859 535 446
536 861 536 447
537 863 537 448
538 864 538 448
539 866 539 449
540 867 540 450
541 869 541 450
542 871 542 451
543 872 543 452
544 874 544 452
545 875 545 453
546 877 546 453
547 878 547 454
548 880 548 455
549 882 549 455
550 883 550 456
551 885 551 457
552 886 552 457
553 888 553 458
554 889 554 458
555 891 555 459
556 893 556 460
557 894 557 460
558 896 558 461
559 897 559 462
561 899 561 462
562 900 562 463
563 902 563 464
564 904 564 464
565 905 565 465
566 907 566 466
567 908 567 466
568 910 568 467
569 911 569 467
570 913 570 468
571 915 571 469
572 916 572 470
573 918 573 470
574 919 574 471
575 921 575 472
576 922 576 472
577 924 577 473
578 926 578 474
579 927 579 474
580 929 580 475
581 930 581 476
582 932 582 476
583 933 583 477
584 935 584 478
585 936 585 478
586 938 586 479
587 940 587 480
588 941 588 480
589 943 589 481
590 944 590 482
591 946 591 483
592 947 592 483
593 949 593 484
594 951 594 485
595 952 595 485
596 954 596 486
597 955 597 487
598 957 598 488
599 958 599 488
600 960 600 489
601 961 601 489
602 963 602 490
604 965 604 491
605 966 605 492
606 968 606 493
607 969 607 493
608 971 608 494
609 972 609 495
610 974 610 496
611 975 611 496
612 977 612 497
613 979 613 498
614 980 614 498
615 982 615 499
616 983 616 500
617 985 617 501
618 986 618 501
619 988 619 502
620 989 620 503
621 991 621 504
622 993 622 505
623 994 623 505
624 996 624 506
625 997 625 507
626 999 626 508
627 1000 627 508
628 1002 628 509
629 1003 629 509
630 1005 630 510
631 1006 631 511
632 1008 632 512
633 1010 633 513
634 1011 634 513
635 1013 635 514
636 1014 636 515
637 1016 637 516
638 1017 638 516
639 1019 639 517
640 1020 640 518
641 1022 641 519
642 1023 642 519
643 1025 643 520
644 1027 644 522
645 1028 645 522
647 1030 647 523
648 1031 648 524
649 1033 649 525
650 1034 650 525
651 1036 651 526
652 1037 652 527
653 1039 653 528
654 1040 654 528
655 1042 655 529
656 1043 656 530
657 1045 657 531
658 1046 658 531
659 1048 659 532
660 1050 660 533
661 1051 661 534
662 1053 662 535
663 1054 663 536
664 1056 664 537
665 1057 665 537
666 1059 666 538
667 1060 667 539
668 1062 668 540
669 1063 669 540
670 1065 670 541
671 1066 671 542
672 1068 672 543
673 1069 673 544
674 1071 674 545
675 1073 675 546
676 1074 676 546
677 1076 677 547
678 1077 678 548
679 1079 679 549
680 1080 680 550
681 1082 681 551
682 1083 682 551
683 1085 683 552
684 1086 684 553
685 1088 685 554
686 1089 686 555
687 1091 687 556
688 1092 688 556
690 1094 690 557
691 1095 691 558
692 1097 692 559
693 1098 693 560
694 1100 694 561
695 1101 695 561
696 1103 696 563
697 1105 697 564
698 1106 698 564
699 1108 699 565
700 1109 700 566
701 1111 701 567
702 1112 702 568
703 1114 703 569
704 1115 704 569
705 1117 705 571
706 1118 706 571
707 1120 707 572
708 1121 708 573
709 1123 709 574
710 1124 710 575
711 1126 711 576
712 1127 712 576
713 1129 713 578
714 1130 714 578
715 1132 715 579
716 1133 716 580
717 1135 717 581
718 1136 718 582
719 1138 719 583
720 1139 720 583
721 1141 721 585
722 1142 722 585
723 1144 723 586
724 1145 724 587
725 1147 725 588
726 1148 726 589
727 1150 727 590
728 1151 728 591
729 1153 729 592
730 1154 730 592
731 1156 731 594
733 1157 733 594
734 1159 734 596
735 1160 735 596
736 1162 736 597
737 1163 737 598
738 1165 738 599
739 1166 739 600
740 1168 740 601
741 1169 741 602
742 1171 742 603
743 1172 743 604
744 1174 744 605
745 1175 745 605
746 1177 746 607
747 1178 747 607
748 1180 748 609
749 1181 749 609
750 1183 750 610
751 1184 751 611
752 1186 752 612
753 1187 753 613
754 1189 754 614
755 1190 755 615
756 1192 756 616
757 1193 757 617
758 1195 758 618
759 1196 759 619
760 1198 760 620
761 1199 761 621
762 1201 762 622
763 1202 763 622
764 1204 764 624
765 1205 765 624
766 1207 766 626
767 1208 767 626
768 1210 768 628
769 1211 769 628
770 1213 770 630
771 1214 771 630
772 1216 772 632
773 1217 773 632
774 1219 774 634
776 1220 776 634
777 1222 777 636
778 1223 778 636
779 1225 779 637
780 1226 780 638
781 1228 781 639
782 1229 782 640
783 1231 783 641
784 1232 784 642
785 1234 785 643
786 1235 786 644
787 1237 787 645
788 1238 788 646
789 1239 789 647
790 1241 790 648
791 1242 791 649
792 1244 792 650
793 1245 793 651
794 1247 794 652
795 1248 795 653
796 1250 796 654
797 1251 797 655
798 1253 798 656
799 1254 799 657
800 1256 800 658
801 1257 801 659
802 1259 802 660
803 1260 803 661
804 1262 804 662
805 1263 805 663
806 1265 806 665
807 1266 807 665
808 1267 808 666
809 1269 809 667
810 1270 810 668
811 1272 811 669
812 1273 812 670
813 1275 813 671
814 1276 814 672
815 1278 815 674
816 1279 816 674
817 1281 817 676
818 1282 818 676
820 1284 820 678
821 1285 821 679
822 1287 822 680
823 1288 823 681
824 1289 824 681
825 1291 825 683
826 1292 826 683
827 1294 827 685
828 1295 828 686
829 1297 829 687
830 1298 830 688
831 1300 831 689
832 1301 832 690
833 1303 833 691
834 1304 834 692
835 1306 835 694
836 1307 836 694
837 1308 837 695
838 1310 838 696
839 1311 839 697
840 1313 840 699
841 1314 841 699
842 1316 842 701
843 1317 843 702
844 1319 844 703
845 1320 845 704
846 1322 846 705
847 1323 847 706
848 1324 848 707
849 1326 849 708
850 1327 850 709
851 1329 851 710
852 1330 852 711
853 1332 853 713
854 1333 854 713
855 1335 855 715
856 1336 856 716
857 1337 857 716
858 1339 858 718
859 1340 859 719
860 1342 860 720
861 1343 861 721
863 1345 863 722
864 1346 864 723
865 1348 865 725
866 1349 866 725
867 1350 867 726
868 1352 868 728
869 1353 869 728
870 1355 870 730
871 1356 871 731
872 1358 872 732
873 1359 873 733
874 1360 874 734
875 1362 875 735
876 1363 876 736
877 1365 877 737
878 1366 878 738
879 1368 879 740
880 1369 880 741
881 1371 881 742
882 1372 882 743
883 1373 883 744
884 1375 884 745
885 1376 885 746
886 1378 886 748
887 1379 887 748
888 1381 888 750
889 1382 889 751
890 1383 890 751
891 1385 891 753
892 1386 892 754
893 1388 893 755
894 1389 894 756
895 1391 895 758
896 1392 896 758
897 1393 897 759
898 1395 898 761
899 1396 899 762
900 1398 900 763
901 1399 901 764
902 1401 902 766
903 1402 903 766
904 1403 904 767
906 1405 906 769
907 1406 907 770
908 1408 908 771
909 1409 909 772
910 1410 910 773
911 1412 911 774
912 1413 912 775
913 1415 913 777
914 1416 914 778
915 1418 915 779
916 1419 916 780
917 1420 917 781
918 1422 918 782
919 1423 919 783
920 1425 920 785
921 1426 921 786
922 1427 922 787
923 1429 923 788
924 1430 924 789
925 1432 925 791
926 1433 926 791
927 1435 927 793
928 1436 928 794
929 1437 929 795
930 1439 930 796
931 1440 931 797
932 1442 932 799
933 1443 933 800
934 1444 934 800
935 1446 935 802
936 1447 936 803
937 1449 937 805
938 1450 938 805
939 1451 939 806
940 1453 940 808
941 1454 941 809
942 1456 942 810
943 1457 943 811
944 1458 944 812
945 1460 945 814
946 1461 946 815
947 1463 947 816
949 1464 949 817
950 1465 950 818
951 1467 951 820
952 1468 952 821
953 1470 953 822
954 1471 954 823
955 1472 955 824
956 1474 956 826
957 1475 957 826
958 1477 958 828
959 1478 959 829
960 1479 960 830
961 1481 961 832
962 1482 962 832
963 1484 963 834
964 1485 964 835
965 1486 965 836
966 1488 966 838
967 1489 967 838
968 1490 968 839
969 1492 969 841
970 1493 970 842
971 1495 971 844
972 1496 972 845
973 1497 973 845
974 1499 974 847
975 1500 975 848
976 1502 976 850
977 1503 977 851
978 1504 978 851
979 1506 979 853
980 1507 980 854
981 1509 981 856
982 1510 982 857
983 1511 983 858
984 1513 984 859
985 1514 985 860
986 1515 986 861
987 1517 987 863
988 1518 988 864
989 1520 989 866
990 1521 990 866
992 1522 992 867
993 1524 993 869
994 1525 994 870
995 1526 995 871
996 1528 996 873
997 1529 997 874
998 1531 998 875
999 1532 999 876
1000 1533 1000 877
1001 1535 1001 879
1002 1536 1002 880
1003 1537 1003 881
1004 1539 1004 883
1005 1540 1005 883
1006 1541 1006 884
1007 1543 1007 886
1008 1544 1008 887
1009 1546 1009 889
1010 1547 1010 890
1011 1548 1011 891
1012 1550 1012 892
1013 1551 1013 893
1014 1552 1014 894
1015 1554 1015 896
1016 1555 1016 897
1017 1556 1017 898
1018 1558 1018 900
1019 1559 1019 901
1020 1561 1020 902
1021 1562 1021 903
1022 1563 1022 904
1023 1565 1023 906
1024 1566 1024 907
1025 1567 1025 908
1026 1569 1026 910
1027 1570 1027 911
1028 1571 1028 912
1029 1573 1029 914
1030 1574 1030 914
1031 1575 1031 915
1032 1577 1032 917
1033 1578 1033 918
1035 1580 1035 920
1036 1581 1036 921
1037 1582 1037 922
1038 1584 1038 924
1039 1585 1039 925
1040 1586 1040 926
1041 1588 1041 928
1042 1589 1042 928
1043 1590 1043 929
1044 1592 1044 931
1045 1593 1045 932
1046 1594 1046 933
1047 1596 1047 935
1048 1597 1048 936
1049 1598 1049 937
1050 1600 1050 939
1051 1601 1051 940
1052 1602 1052 941
1053 1604 1053 943
1054 1605 1054 944
1055 1606 1055 944
1056 1608 1056 946
1057 1609 1057 947
1058 1610 1058 948
1059 1612 1059 950
1060 1613 1060 951
1061 1614 1061 952
1062 1616 1062 954
1063 1617 1063 955
1064 1619 1064 957
1065 1620 1065 958
1066 1621 1066 959
1067 1623 1067 961
1068 1624 1068 962
1069 1625 1069 963
1070 1627 1070 965
1071 1628 1071 966
1072 1629 1072 967
1073 1630 1073 968
1074 1632 1074 969
1075 1633 1075 970
1076 1634 1076 971
1078 1636 1078 973
1079 1637 1079 974
1080 1638 1080 975
1081 1640 1081 977
1082 1641 1082 978
1083 1642 1083 979
1084 1644 1084 981
1085 1645 1085 982
1086 1646 1086 983
1087 1648 1087 985
1088 1649 1088 986
1089 1650 1089 987
1090 1652 1090 989
1091 1653 1091 990
1092 1654 1092 991
1093 1656 1093 993
1094 1657 1094 994
1095 1658 1095 995
1096 1660 1096 997
1097 1661 1097 998
1098 1662 1098 999
1099 1664 1099 1001
1100 1665 1100 1002
1101 1666 1101 1003
1102 1667 1102 1004
1103 1669 1103 1006
1104 1670 1104 1007
1105 1671 1105 1008
1106 1673 1106 1010
1107 1674 1107 1011
1108 1675 1108 1012
1109 1677 1109 1014
1110 1678 1110 1015
1111 1679 1111 1016
1112 1681 1112 1018
1113 1682 1113 1019
1114 1683 1114 1020
1115 1684 1115 1021
1116 1686 1116 1023
1117 1687 1117 1024
1118 1688 1118 1025
1119 1690 1119 1027
1121 1691 1121 1028
1122 1692 1122 1029
1123 1694 1123 1031
1124 1695 1124 1032
1125 1696 1125 1033
1126 1698 1126 1035
1127 1699 1127 1036
1128 1700 1128 1037
1129 1701 1129 1038
1130 1703 1130 1040
1131 1704 1131 1041
1132 1705 1132 1042
1133 1707 1133 1044
1134 1708 1134 1045
1135 1709 1135 1046
1136 1710 1136 1047
1137 1712 1137 1050
1138 1713 1138 1051
1139 1714 1139 1052
1140 1716 1140 1054
1141 1717 1141 1055
1142 1718 1142 1056
1143 1720 1143 1058
1144 1721 1144 1059
1145 1722 1145 1060
1146 1723 1146 1061
1147 1725 1147 1063
1148 1726 1148 1064
1149 1727 1149 1065
1150 1729 1150 1067
1151 1730 1151 1068
1152 1731 1152 1069
1153 1732 1153 1070
1154 1734 1154 1072
1155 1735 1155 1073
1156 1736 1156 1074
1157 1737 1157 1076
1158 1739 1158 1078
1159 1740 1159 1079
1160 1741 1160 1080
1161 1743 1161 1082
1162 1744 1162 1083
1164 1745 1164 1084
1165 1746 1165 1085
1166 1748 1166 1087
1167 1749 1167 1088
1168 1750 1168 1089
1169 1752 1169 1091
1170 1753 1170 1092
1171 1754 1171 1093
1172 1755 1172 1095
1173 1757 1173 1097
1174 1758 1174 1098
1175 1759 1175 1099
1176 1760 1176 1100
1177 1762 1177 1102
1178 1763 1178 1103
1179 1764 1179 1104
1180 1766 1180 1106
1181 1767 1181 1107
1182 1768 1182 1108
1183 1769 1183 1110
1184 1771 1184 1112
1185 1772 1185 1113
1186 1773 1186 1114
1187 1774 1187 1115
1188 1776 1188 1117
1189 1777 1189 1118
1190 1778 1190 1119
1191 1779 1191 1120
1192 1781 1192 1122
1193 1782 1193 1124
1194 1783 1194 1125
1195 1784 1195 1126
1196 1786 1196 1128
1197 1787 1197 1129
1198 1788 1198 1130
1199 1789 1199 1131
1200 1791 1200 1133
1201 1792 1201 1134
1202 1793 1202 1136
1203 1794 1203 1137
1204 1796 1204 1139
1205 1797 1205 1140
1207 1798 1207 1141
1208 1799 1208 1142
1209 1801 1209 1144
1210 1802 1210 1145
1211 1803 1211 1146
1212 1804 1212 1148
1213 1806 1213 1150
1214 1807 1214 1151
1215 1808 1215 1152
1216 1809 1216 1153
1217 1811 1217 1155
1218 1812 1218 1156
1219 1813 1219 1158
1220 1814 1220 1159
1221 1816 1221 1161
1222 1817 1222 1162
1223 1818 1223 1163
1224 1819 1224 1164
1225 1821 1225 1166
1226 1822 1226 1168
1227 1823 1227 1169
1228 1824 1228 1170
1229 1826 1229 1172
1230 1827 1230 1173
1231 1828 1231 1174
1232 1829 1232 1175
1233 1831 1233 1178
1234 1832 1234 1179
1235 1833 1235 1180
1236 1834 1236 1181
1237 1835 1237 1182
1238 1837 1238 1184
1239 1838 1239 1185
1240 1839 1240 1187
1241 1840 1241 1188
1242 1842 1242 1190
1243 1843 1243 1191
1244 1844 1244 1192
1245 1845 1245 1193
1246 1847 1246 1196
1247 1848 1247 1197
1248 1849 1248 1198
1249 1850 1249 1199
1251 1851 1251 1200
1252 1853 1252 1202
1253 1854 1253 1204
1254 1855 1254 1205
1255 1856 1255 1206
1256 1858 1256 1208
1257 1859 1257 1209
1258 1860 1258 1210
1259 1861 1259 1212
1260 1862 1260 1213
1261 1864 1261 1215
1262 1865 1262 1216
1263 1866 1263 1217
1264 1867 1264 1218
1265 1868 1265 1220
1266 1870 1266 1222
1267 1871 1267 1223
1268 1872 1268 1224
1269 1873 1269 1225
1270 1875 1270 1228
1271 1876 1271 1229
1272 1877 1272 1230
1273 1878 1273 1231
1274 1879 1274 1232
1275 1881 1275 1235
1276 1882 1276 1236
1277 1883 1277 1237
1278 1884 1278 1238
1279 1885 1279 1239
1280 1887 1280 1242
1281 1888 1281 1243
1282 1889 1282 1244
1283 1890 1283 1245
1284 1891 1284 1246
1285 1893 1285 1249
1286 1894 1286 1250
1287 1895 1287 1251
1288 1896 1288 1252
1289 1897 1289 1253
1290 1899 1290 1256
1291 1900 1291 1257
1292 1901 1292 1258
1294 1902 1294 1259
1295 1903 1295 1260
1296 1905 1296 1263
1297 1906 1297 1264
1298 1907 1298 1265
1299 1908 1299 1266
1300 1909 1300 1267
1301 1911 1301 1270
1302 1912 1302 1271
1303 1913 1303 1272
1304 1914 1304 1273
1305 1915 1305 1274
1306 1917 1306 1277
1307 1918 1307 1278
1308 1919 1308 1279
1309 1920 1309 1280
1310 1921 1310 1282
1311 1922 1311 1283
1312 1924 1312 1285
1313 1925 1313 1286
1314 1926 1314 1288
1315 1927 1315 1289
1316 1928 1316 1290
1317 1930 1317 1292
1318 1931 1318 1294
1319 1932 1319 1295
1320 1933 1320 1296
1321 1934 1321 1297
1322 1935 1322 1298
1323 1937 1323 1301
1324 1938 1324 1302
1325 1939 1325 1303
1326 1940 1326 1304
1327 1941 1327 1306
1328 1943 1328 1308
1329 1944 1329 1309
1330 1945 1330 1310
1331 1946 1331 1312
1332 1947 1332 1313
1333 1948 1333 1314
1334 1950 1334 1316
1335 1951 1335 1318
1337 1952 1337 1319
1338 1953 1338 1320
1339 1954 1339 1321
1340 1955 1340 1323
1341 1957 1341 1325
1342 1958 1342 1326
1343 1959 1343 1327
1344 1960 1344 1329
1345 1961 1345 1330
1346 1962 1346 1331
1347 1964 1347 1333
1348 1965 1348 1335
1349 1966 1349 1336
1350 1967 1350 1337
1351 1968 1351 1338
1352 1969 1352 1340
1353 1970 1353 1341
1354 1972 1354 1343
1355 1973 1355 1345
1356 1974 1356 1346
1357 1975 1357 1347
1358 1976 1358 1348
1359 1977 1359 1349
1360 1979 1360 1352
1361 1980 1361 1353
1362 1981 1362 1354
1363 1982 1363 1356
1364 1983 1364 1357
1365 1984 1365 1358
1366 1985 1366 1359
1367 1987 1367 1362
1368 1988 1368 1363
1369 1989 1369 1364
1370 1990 1370 1366
1371 1991 1371 1367
1372 1992 1372 1368
1373 1994 1373 1371
1374 1995 1374 1372
1375 1996 1375 1373
1376 1997 1376 1374
1377 1998 1377 1376
1378 1999 1378 1377
1380 2000 1380 1378
1381 2002 1381 1381
1382 2003 1382 1382
1383 2004 1383 1383
1384 2005 1384 1384
1385 2006 1385 1386
1386 2007 1386 1387
1387 2008 1387 1388
1388 2010 1388 1391
1389 2011 1389 1392
1390 2012 1390 1393
1391 2013 1391 1394
1392 2014 1392 1396
1393 2015 1393 1397
1394 2016 1394 1398
1395 2017 1395 1399
1396 2019 1396 1402
1397 2020 1397 1403
1398 2021 1398 1404
1399 2022 1399 1406
1400 2023 1400 1407
1401 2024 1401 1408
1402 2025 1402 1409
1403 2026 1403 1411
1404 2028 1404 1413
1405 2029 1405 1415
1406 2030 1406 1416
1407 2031 1407 1417
1408 2032 1408 1418
1409 2033 1409 1420
1410 2034 1410 1421
1411 2035 1411 1422
1412 2037 1412 1425
1413 2038 1413 1426
1414 2039 1414 1427
1415 2040 1415 1429
1416 2041 1416 1430
1417 2042 1417 1431
1418 2043 1418 1432
1419 2044 1419 1434
1420 2046 1420 1436
1421 2047 1421 1438
1423 2048 1423 1439
1424 2049 1424 1440
1425 2050 1425 1441
1426 2051 1426 1443
1427 2052 1427 1444
1428 2053 1428 1445
1429 2054 1429 1447
1430 2056 1430 1449
1431 2057 1431 1450
1432 2058 1432 1452
1433 2059 1433 1453
1434 2060 1434 1454
1435 2061 1435 1456
1436 2062 1436 1457
1437 2063 1437 1458
1438 2064 1438 1460
1439 2065 1439 1461
1440 2067 1440 1463
1441 2068 1441 1465
1442 2069 1442 1466
1443 2070 1443 1467
1444 2071 1444 1469
1445 2072 1445 1470
1446 2073 1446 1471
1447 2074 1447 1473
1448 2075 1448 1474
1449 2076 1449 1475
1450 2078 1450 1478
1451 2079 1451 1479
1452 2080 1452 1480
1453 2081 1453 1482
1454 2082 1454 1483
1455 2083 1455 1484
1456 2084 1456 1486
1457 2085 1457 1487
1458 2086 1458 1488
1459 2087 1459 1490
1460 2089 1460 1492
1461 2090 1461 1494
1462 2091 1462 1495
1463 2092 1463 1496
1464 2093 1464 1498
1466 2094 1466 1499
1467 2095 1467 1500
1468 2096 1468 1502
1469 2097 1469 1503
1470 2098 1470 1504
1471 2099 1471 1505
1472 2100 1472 1507
1473 2102 1473 1509
1474 2103 1474 1511
1475 2104 1475 1512
1476 2105 1476 1513
1477 2106 1477 1515
1478 2107 1478 1516
1479 2108 1479 1517
1480 2109 1480 1519
1481 2110 1481 1520
1482 2111 1482 1521
1483 2112 1483 1523
1484 2113 1484 1524
1485 2114 1485 1525
1486 2116 1486 1528
1487 2117 1487 1529
1488 2118 1488 1531
1489 2119 1489 1532
1490 2120 1490 1533
1491 2121 1491 1535
1492 2122 1492 1536
1493 2123 1493 1537
1494 2124 1494 1539
1495 2125 1495 1540
1496 2126 1496 1542
1497 2127 1497 1543
1498 2128 1498 1544
1499 2129 1499 1546
1500 2130 1500 1547
1501 2132 1501 1550
1502 2133 1502 1551
1503 2134 1503 1552
1504 2135 1504 1554
1505 2136 1505 1555
1506 2137 1506 1556
1507 2138 1507 1558
1509 2139 1509 1559
1510 2140 1510 1560
1511 2141 1511 1562
1512 2142 1512 1563
1513 2143 1513 1565
1514 2144 1514 1566
1515 2145 1515 1567
1516 2146 1516 1569
1517 2147 1517 1570
1518 2148 1518 1571
1519 2149 1519 1573
1520 2151 1520 1575
1521 2152 1521 1577
1522 2153 1522 1578
1523 2154 1523 1580
1524 2155 1524 1581
1525 2156 1525 1582
1526 2157 1526 1584
1527 2158 1527 1585
1528 2159 1528 1586
1529 2160 1529 1588
1530 2161 1530 1589
1531 2162 1531 1590
1532 2163 1532 1592
1533 2164 1533 1593
1534 2165 1534 1595
1535 2166 1535 1596
1536 2167 1536 1597
1537 2168 1537 1599
1538 2169 1538 1600
1539 2170 1539 1601
1540 2171 1540 1603
1541 2172 1541 1604
1542 2173 1542 1606
1543 2175 1543 1608
1544 2176 1544 1610
1545 2177 1545 1611
1546 2178 1546 1613
1547 2179 1547 1614
1548 2180 1548 1615
1549 2181 1549 1617
1550 2182 1550 1618
1552 2183 1552 1619
1553 2184 1553 1621
1554 2185 1554 1622
1555 2186 1555 1624
1556 2187 1556 1625
1557 2188 1557 1626
1558 2189 1558 1628
1559 2190 1559 1629
1560 2191 1560 1631
1561 2192 1561 1632
1562 2193 1562 1633
1563 2194 1563 1635
1564 2195 1564 1636
1565 2196 1565 1638
1566 2197 1566 1639
1567 2198 1567 1640
1568 2199 1568 1642
1569 2200 1569 1643
1570 2201 1570 1645
1571 2202 1571 1646
1572 2203 1572 1647
1573 2204 1573 1649
1574 2205 1574 1650
1575 2206 1575 1652
1576 2207 1576 1653
1577 2208 1577 1654
1578 2209 1578 1656
1579 2210 1579 1657
1580 2211 1580 1659
1581 2212 1581 1660
1582 2213 1582 1661
1583 2214 1583 1663
1584 2215 1584 1664
1585 2216 1585 1666
1586 2217 1586 1667
1587 2218 1587 1669
1588 2219 1588 1670
1589 2220 1589 1671
1590 2221 1590 1673
1591 2222 1591 1674
1592 2223 1592 1676
1593 2224 1593 1677
1595 2225 1595 1678
1596 2226 1596 1680
1597 2227 1597 1681
1598 2228 1598 1683
1599 2229 1599 1684
1600 2230 1600 1686
1601 2231 1601 1687
1602 2232 1602 1688
1603 2233 1603 1690
1604 2234 1604 1691
1605 2235 1605 1693
1606 2236 1606 1694
1607 2237 1607 1696
1608 2238 1608 1697
1609 2239 1609 1698
1610 2240 1610 1700
1611 2241 1611 1701
1612 2242 1612 1703
1613 2243 1613 1704
1614 2244 1614 1706
1615 2245 1615 1707
1616 2246 1616 1708
1617 2247 1617 1710
1618 2248 1618 1711
1619 2249 1619 1713
1620 2250 1620 1714
1621 2251 1621 1716
1622 2252 1622 1717
1623 2253 1623 1719
1624 2254 1624 1720
1625 2255 1625 1721
1626 2256 1626 1723
1627 2257 1627 1724
1628 2258 1628 1726
1629 2259 1629 1727
1630 2260 1630 1729
1631 2261 1631 1730
1632 2262 1632 1732
1633 2263 1633 1733
1634 2264 1634 1734
1635 2265 1635 1736
1636 2266 1636 1737
1637 2267 1637 1739
1639 2268 1639 1740
1640 2269 1640 1742
1641 2270 1641 1743
1642 2271 1642 1745
1643 2272 1643 1746
1644 2273 1644 1748
1645 2274 1645 1749
1646 2275 1646 1750
1647 2276 1647 1752
1648 2277 1648 1753
1649 2278 1649 1755
1650 2279 1650 1756
1651 2279 1651 1756
1652 2280 1652 1758
1653 2281 1653 1759
1654 2282 1654 1761
1655 2283 1655 1762
1656 2284 1656 1764
1657 2285 1657 1765
1658 2286 1658 1767
1659 2287 1659 1768
1660 2288 1660 1770
1661 2289 1661 1771
1662 2290 1662 1772
1663 2291 1663 1774
1664 2292 1664 1775
1665 2293 1665 1777
1666 2294 1666 1778
1667 2295 1667 1780
1668 2296 1668 1781
1669 2297 1669 1783
1670 2298 1670 1784
1671 2299 1671 1786
1672 2300 1672 1787
1673 2301 1673 1789
1674 2302 1674 1790
1675 2302 1675 1790
1676 2303 1676 1792
1677 2304 1677 1793
1678 2305 1678 1795
1679 2306 1679 1796
1680 2307 1680 1798
1682 2308 1682 1799
1683 2309 1683 1801
1684 2310 1684 1802
1685 2311 1685 1804
1686 2312 1686 1805
1687 2313 1687 1806
1688 2314 1688 1808
1689 2315 1689 1809
1690 2316 1690 1811
1691 2317 1691 1812
1692 2318 1692 1814
1693 2318 1693 1814
1694 2319 1694 1815
1695 2320 1695 1817
1696 2321 1696 1818
1697 2322 1697 1820
1698 2323 1698 1821
1699 2324 1699 1823
1700 2325 1700 1824
1701 2326 1701 1826
1702 2327 1702 1827
1703 2328 1703 1829
1704 2329 1704 1830
1705 2330 1705 1832
1706 2331 1706 1833
1707 2332 1707 1835
1708 2332 1708 1835
1709 2333 1709 1836
1710 2334 1710 1838
1711 2335 1711 1839
1712 2336 1712 1841
1713 2337 1713 1842
1714 2338 1714 1844
1715 2339 1715 1845
1716 2340 1716 1847
1717 2341 1717 1848
1718 2342 1718 1850
1719 2343 1719 1851
1720 2344 1720 1853
1721 2344 1721 1853
1722 2345 1722 1854
1723 2346 1723 1856
1725 2347 1725 1858
1726 2348 1726 1859
1727 2349 1727 1861
1728 2350 1728 1862
1729 2351 1729 1864
1730 2352 1730 1865
1731 2353 1731 1867
1732 2354 1732 1868
1733 2355 1733 1870
1734 2355 1734 1870
1735 2356 1735 1871
1736 2357 1736 1873
1737 2358 1737 1874
1738 2359 1738 1876
1739 2360 1739 1877
1740 2361 1740 1879
1741 2362 1741 1880
1742 2363 1742 1882
1743 2364 1743 1883
1744 2365 1744 1885
1745 2365 1745 1885
1746 2366 1746 1886
1747 2367 1747 1888
1748 2368 1748 1889
1749 2369 1749 1891
1750 2370 1750 1893
1751 2371 1751 1894
1752 2372 1752 1896
1753 2373 1753 1897
1754 2374 1754 1899
1755 2374 1755 1899
1756 2375 1756 1900
1757 2376 1757 1902
1758 2377 1758 1903
1759 2378 1759 1905
1760 2379 1760 1906
1761 2380 1761 1908
1762 2381 1762 1909
1763 2382 1763 1911
1764 2382 1764 1911
1765 2383 1765 1912
1766 2384 1766 1914
1768 2385 1768 1916
1769 2386 1769 1917
1770 2387 1770 1919
1771 2388 1771 1920
1772 2389 1772 1922
1773 2390 1773 1923
1774 2390 1774 1923
1775 2391 1775 1925
1776 2392 1776 1926
1777 2393 1777 1928
1778 2394 1778 1929
1779 2395 1779 1931
1780 2396 1780 1933
1781 2397 1781 1934
1782 2398 1782 1936
1783 2398 1783 1936
1784 2399 1784 1937
1785 2400 1785 1939
1786 2401 1786 1940
1787 2402 1787 1942
1788 2403 1788 1943
1789 2404 1789 1945
1790 2405 1790 1947
1791 2405 1791 1947
1792 2406 1792 1948
1793 2407 1793 1950
1794 2408 1794 1951
1795 2409 1795 1953
1796 2410 1796 1954
1797 2411 1797 1956
1798 2412 1798 1958
1799 2412 1799 1958
1800 2413 1800 1959
1801 2414 1801 1961
1802 2415 1802 1962
1803 2416 1803 1964
1804 2417 1804 1965
1805 2418 1805 1967
1806 2418 1806 1967
1807 2419 1807 1968
1808 2420 1808 1970
1809 2421 1809 1972
1811 2422 1811 1973
1812 2423 1812 1975
1813 2424 1813 1976
1814 2424 1814 1976
1815 2425 1815 1978
1816 2426 1816 1979
1817 2427 1817 1981
1818 2428 1818 1983
1819 2429 1819 1984
1820 2430 1820 1986
1821 2430 1821 1986
1822 2431 1822 1987
1823 2432 1823 1989
1824 2433 1824 1990
1825 2434 1825 1992
1826 2435 1826 1994
1827 2436 1827 1995
1828 2436 1828 1995
1829 2437 1829 1997
1830 2438 1830 1998
1831 2439 1831 2000
1832 2440 1832 2002
1833 2441 1833 2003
1834 2442 1834 2005
1835 2442 1835 2005
1836 2443 1836 2006
1837 2444 1837 2008
1838 2445 1838 2009
1839 2446 1839 2011
1840 2447 1840 2013
1841 2447 1841 2013
1842 2448 1842 2014
1843 2449 1843 2016
1844 2450 1844 2017
1845 2451 1845 2019
1846 2452 1846 2021
1847 2452 1847 2021
1848 2453 1848 2022
1849 2454 1849 2024
1850 2455 1850 2025
1851 2456 1851 2027
1852 2457 1852 2029
1854 2458 1854 2030
1855 2458 1855 2030
1856 2459 1856 2032
1857 2460 1857 2033
1858 2461 1858 2035
1859 2462 1859 2037
1860 2462 1860 2037
1861 2463 1861 2038
1862 2464 1862 2040
1863 2465 1863 2041
1864 2466 1864 2043
1865 2467 1865 2045
1866 2467 1866 2045
1867 2468 1867 2046
1868 2469 1868 2048
1869 2470 1869 2049
1870 2471 1870 2051
1871 2472 1871 2053
1872 2472 1872 2053
1873 2473 1873 2054
1874 2474 1874 2056
1875 2475 1875 2057
1876 2476 1876 2059
1877 2477 1877 2061
1878 2477 1878 2061
1879 2478 1879 2062
1880 2479 1880 2064
1881 2480 1881 2066
1882 2481 1882 2067
1883 2481 1883 2067
1884 2482 1884 2069
1885 2483 1885 2070
1886 2484 1886 2072
1887 2485 1887 2074
1888 2485 1888 2074
1889 2486 1889 2075
1890 2487 1890 2077
1891 2488 1891 2078
1892 2489 1892 2080
1893 2490 1893 2082
1894 2490 1894 2082
1895 2491 1895 2083
1897 2492 1897 2085
1898 2493 1898 2087
1899 2494 1899 2088
1900 2494 1900 2088
1901 2495 1901 2090
1902 2496 1902 2091
1903 2497 1903 2093
1904 2498 1904 2095
1905 2498 1905 2095
1906 2499 1906 2096
1907 2500 1907 2098
1908 2501 1908 2100
1909 2502 1909 2101
1910 2502 1910 2101
1911 2503 1911 2103
1912 2504 1912 2105
1913 2505 1913 2106
1914 2506 1914 2108
1915 2506 1915 2108
1916 2507 1916 2109
1917 2508 1917 2111
1918 2509 1918 2113
1919 2510 1919 2114
1920 2510 1920 2114
1921 2511 1921 2116
1922 2512 1922 2118
1923 2513 1923 2119
1924 2514 1924 2121
1925 2514 1925 2121
1926 2515 1926 2123
1927 2516 1927 2124
1928 2517 1928 2126
1929 2517 1929 2126
1930 2518 1930 2127
1931 2519 1931 2129
1932 2520 1932 2131
1933 2521 1933 2132
1934 2521 1934 2132
1935 2522 1935 2134
1936 2523 1936 2136
1937 2524 1937 2137
1938 2525 1938 2139
1940 2525 1940 2139
1941 2526 1941 2141
1942 2527 1942 2142
1943 2528 1943 2144
1944 2528 1944 2144
1945 2529 1945 2146
1946 2530 1946 2147
1947 2531 1947 2149
1948 2532 1948 2151
1949 2532 1949 2151
1950 2533 1950 2152
1951 2534 1951 2154
1952 2535 1952 2156
1953 2535 1953 2156
1954 2536 1954 2157
1955 2537 1955 2159
1956 2538 1956 2160
1957 2539 1957 2162
1958 2539 1958 2162
1959 2540 1959 2164
1960 2541 1960 2165
1961 2542 1961 2167
1962 2542 1962 2167
1963 2543 1963 2169
1964 2544 1964 2170
1965 2545 1965 2172
1966 2545 1966 2172
1967 2546 1967 2174
1968 2547 1968 2175
1969 2548 1969 2177
1970 2548 1970 2177
1971 2549 1971 2179
1972 2550 1972 2180
1973 2551 1973 2182
1974 2552 1974 2184
1975 2552 1975 2184
1976 2553 1976 2185
1977 2554 1977 2187
1978 2555 1978 2189
1979 2555 1979 2189
1980 2556 1980 2190
1981 2557 1981 2192
1983 2558 1983 2194
1984 2558 1984 2194
1985 2559 1985 2195
1986 2560 1986 2197
1987 2561 1987 2199
1988 2561 1988 2199
1989 2562 1989 2201
1990 2563 1990 2202
1991 2564 1991 2204
1992 2564 1992 2204
1993 2565 1993 2206
1994 2566 1994 2207
1995 2567 1995 2209
1996 2567 1996 2209
1997 2568 1997 2211
1998 2569 1998 2212
1999 2570 1999 2214
2000 2570 2000 2214
2001 2571 2001 2216
2002 2572 2002 2217
2003 2573 2003 2219
2004 2573 2004 2219
2005 2574 2005 2221
2006 2575 2006 2222
2007 2576 2007 2224
2008 2576 2008 2224
2009 2577 2009 2226
2010 2578 2010 2227
2011 2578 2011 2227
2012 2579 2012 2229
2013 2580 2013 2231
2014 2581 2014 2233
2015 2581 2015 2233
2016 2582 2016 2234
2017 2583 2017 2236
2018 2584 2018 2238
2019 2584 2019 2238
2020 2585 2020 2239
2021 2586 2021 2241
2022 2587 2022 2243
2023 2587 2023 2243
2024 2588 2024 2244
2026 2589 2026 2246
2027 2589 2027 2246
2028 2590 2028 2248
2029 2591 2029 2249
2030 2592 2030 2251
2031 2592 2031 2251
2032 2593 2032 2253
2033 2594 2033 2255
2034 2595 2034 2256
2035 2595 2035 2256
2036 2596 2036 2258
2037 2597 2037 2260
2038 2597 2038 2260
2039 2598 2039 2261
2040 2599 2040 2263
2041 2600 2041 2265
2042 2600 2042 2265
2043 2601 2043 2267
2044 2602 2044 2268
2045 2602 2045 2268
2046 2603 2046 2270
2047 2604 2047 2272
2048 2605 2048 2273
2049 2605 2049 2273
2050 2606 2050 2275
2051 2607 2051 2277
2052 2608 2052 2278
2053 2608 2053 2278
2054 2609 2054 2280
2055 2610 2055 2282
2056 2610 2056 2282
2057 2611 2057 2284
2058 2612 2058 2285
2059 2612 2059 2285
2060 2613 2060 2287
2061 2614 2061 2289
2062 2615 2062 2290
2063 2615 2063 2290
2064 2616 2064 2292
2065 2617 2065 2294
2066 2617 2066 2294
2067 2618 2067 2296
2068 2619 2068 2297
2070 2620 2070 2299
2071 2620 2071 2299
2072 2621 2072 2301
2073 2622 2073 2303
2074 2622 2074 2303
2075 2623 2075 2304
2076 2624 2076 2306
2077 2624 2077 2306
2078 2625 2078 2308
2079 2626 2079 2309
2080 2627 2080 2311
2081 2627 2081 2311
2082 2628 2082 2313
2083 2629 2083 2315
2084 2629 2084 2315
2085 2630 2085 2316
2086 2631 2086 2318
2087 2631 2087 2318
2088 2632 2088 2320
2089 2633 2089 2322
2090 2634 2090 2323
2091 2634 2091 2323
2092 2635 2092 2325
2093 2636 2093 2327
2094 2636 2094 2327
2095 2637 2095 2328
2096 2638 2096 2330
2097 2638 2097 2330
2098 2639 2098 2332
2099 2640 2099 2334
2100 2640 2100 2334
2101 2641 2101 2335
2102 2642 2102 2337
2103 2642 2103 2337
2104 2643 2104 2339
2105 2644 2105 2341
2106 2645 2106 2342
2107 2645 2107 2342
2108 2646 2108 2344
2109 2647 2109 2346
2110 2647 2110 2346
2111 2648 2111 2348
2113 2649 2113 2349
2114 2649 2114 2349
2115 2650 2115 2351
2116 2651 2116 2353
2117 2651 2117 2353
2118 2652 2118 2355
2119 2653 2119 2356
2120 2653 2120 2356
2121 2654 2121 2358
2122 2655 2122 2360
2123 2655 2123 2360
2124 2656 2124 2362
2125 2657 2125 2363
2126 2657 2126 2363
2127 2658 2127 2365
2128 2659 2128 2367
2129 2659 2129 2367
2130 2660 2130 2369
2131 2661 2131 2370
2132 2661 2132 2370
2133 2662 2133 2372
2134 2663 2134 2374
2135 2663 2135 2374
2136 2664 2136 2376
2137 2665 2137 2377
2138 2665 2138 2377
2139 2666 2139 2379
2140 2667 2140 2381
2141 2667 2141 2381
2142 2668 2142 2383
2143 2669 2143 2384
2144 2669 2144 2384
2145 2670 2145 2386
2146 2671 2146 2388
2147 2671 2147 2388
2148 2672 2148 2390
2149 2673 2149 2391
2150 2673 2150 2391
2151 2674 2151 2393
2152 2675 2152 2395
2153 2675 2153 2395
2154 2676 2154 2397
2156 2677 2156 2398
2157 2677 2157 2398
2158 2678 2158 2400
2159 2679 2159 2402
2160 2679 2160 2402
2161 2680 2161 2404
2162 2681 2162 2405
2163 2681 2163 2405
2164 2682 2164 2407
2165 2683 2165 2409
2166 2683 2166 2409
2167 2684 2167 2411
2168 2684 2168 2411
2169 2685 2169 2413
2170 2686 2170 2414
2171 2686 2171 2414
2172 2687 2172 2416
2173 2688 2173 2418
2174 2688 2174 2418
2175 2689 2175 2420
2176 2690 2176 2421
2177 2690 2177 2421
2178 2691 2178 2423
2179 2692 2179 2425
2180 2692 2180 2425
2181 2693 2181 2427
2182 2693 2182 2427
2183 2694 2183 2429
2184 2695 2184 2430
2185 2695 2185 2430
2186 2696 2186 2432
2187 2697 2187 2434
2188 2697 2188 2434
2189 2698 2189 2436
2190 2699 2190 2437
2191 2699 2191 2437
2192 2700 2192 2439
2193 2701 2193 2441
2194 2701 2194 2441
2195 2702 2195 2443
2196 2702 2196 2443
2197 2703 2197 2445
2199 2704 2199 2446
2200 2704 2200 2446
2201 2705 2201 2448
2202 2706 2202 2450
2203 2706 2203 2450
2204 2707 2204 2452
2205 2707 2205 2452
2206 2708 2206 2453
2207 2709 2207 2455
2208 2709 2208 2455
2209 2710 2209 2457
2210 2711 2210 2459
2211 2711 2211 2459
2212 2712 2212 2461
2213 2712 2213 2461
2214 2713 2214 2462
2215 2714 2215 2464
2216 2714 2216 2464
2217 2715 2217 2466
2218 2716 2218 2468
2219 2716 2219 2468
2220 2717 2220 2470
2221 2717 2221 2470
2222 2718 2222 2471
2223 2719 2223 2473
2224 2719 2224 2473
2225 2720 2225 2475
2226 2721 2226 2477
2227 2721 2227 2477
2228 2722 2228 2479
2229 2722 2229 2479
2230 2723 2230 2480
2231 2724 2231 2482
2232 2724 2232 2482
2233 2725 2233 2484
2234 2725 2234 2484
2235 2726 2235 2486
2236 2727 2236 2488
2237 2727 2237 2488
2238 2728 2238 2489
2239 2729 2239 2491
2240 2729 2240 2491
2242 2730 2242 2493
2243 2730 2243 2493
2244 2731 2244 2495
2245 2732 2245 2497
2246 2732 2246 2497
2247 2733 2247 2498
2248 2733 2248 2498
2249 2734 2249 2500
2250 2735 2250 2502
2251 2735 2251 2502
2252 2736 2252 2504
2253 2736 2253 2504
2254 2737 2254 2506
2255 2738 2255 2507
2256 2738 2256 2507
2257 2739 2257 2509
2258 2739 2258 2509
2259 2740 2259 2511
2260 2741 2260 2513
2261 2741 2261 2513
2262 2742 2262 2515
2263 2742 2263 2515
2264 2743 2264 2517
2265 2744 2265 2518
2266 2744 2266 2518
2267 2745 2267 2520
2268 2745 2268 2520
2269 2746 2269 2522
2270 2747 2270 2524
2271 2747 2271 2524
2272 2748 2272 2526
2273 2748 2273 2526
2274 2749 2274 2527
2275 2750 2275 2529
2276 2750 2276 2529
2277 2751 2277 2531
2278 2751 2278 2531
2279 2752 2279 2533
2280 2753 2280 2535
2281 2753 2281 2535
2282 2754 2282 2537
2283 2754 2283 2537
2285 2755 2285 2538
2286 2756 2286 2540
2287 2756 2287 2540
2288 2757 2288 2542
2289 2757 2289 2542
2290 2758 2290 2544
2291 2758 2291 2544
2292 2759 2292 2546
2293 2760 2293 2547
2294 2760 2294 2547
2295 2761 2295 2549
2296 2761 2296 2549
2297 2762 2297 2551
2298 2763 2298 2553
2299 2763 2299 2553
2300 2764 2300 2555
2301 2764 2301 2555
2302 2765 2302 2557
2303 2765 2303 2557
2304 2766 2304 2558
2305 2767 2305 2560
2306 2767 2306 2560
2307 2768 2307 2562
2308 2768 2308 2562
2309 2769 2309 2564
2310 2769 2310 2564
2311 2770 2311 2566
2312 2771 2312 2568
2313 2771 2313 2568
2314 2772 2314 2569
2315 2772 2315 2569
2316 2773 2316 2571
2317 2773 2317 2571
2318 2774 2318 2573
2319 2775 2319 2575
2320 2775 2320 2575
2321 2776 2321 2577
2322 2776 2322 2577
2323 2777 2323 2579
2324 2777 2324 2579
2325 2778 2325 2581
2326 2779 2326 2582
2328 2779 2328 2582
2329 2780 2329 2584
2330 2780 2330 2584
2331 2781 2331 2586
2332 2781 2332 2586
2333 2782 2333 2588
2334 2783 2334 2590
2335 2783 2335 2590
2336 2784 2336 2592
2337 2784 2337 2592
2338 2785 2338 2593
2339 2785 2339 2593
2340 2786 2340 2595
2341 2787 2341 2597
2342 2787 2342 2597
2343 2788 2343 2599
2344 2788 2344 2599
2345 2789 2345 2601
2346 2789 2346 2601
2347 2790 2347 2603
2348 2790 2348 2603
2349 2791 2349 2605
2350 2792 2350 2606
2351 2792 2351 2606
2352 2793 2352 2608
2353 2793 2353 2608
2354 2794 2354 2610
2355 2794 2355 2610
2356 2795 2356 2612
2357 2795 2357 2612
2358 2796 2358 2614
2359 2797 2359 2616
2360 2797 2360 2616
2361 2798 2361 2617
2362 2798 2362 2617
2363 2799 2363 2619
2364 2799 2364 2619
2365 2800 2365 2621
2366 2800 2366 2621
2367 2801 2367 2623
2368 2801 2368 2623
2369 2802 2369 2625
2371 2803 2371 2627
2372 2803 2372 2627
2373 2804 2373 2629
2374 2804 2374 2629
2375 2805 2375 2630
2376 2805 2376 2630
2377 2806 2377 2632
2378 2806 2378 2632
2379 2807 2379 2634
2380 2808 2380 2636
2381 2808 2381 2636
2382 2809 2382 2638
2383 2809 2383 2638
2384 2810 2384 2640
2385 2810 2385 2640
2386 2811 2386 2642
2387 2811 2387 2642
2388 2812 2388 2644
2389 2812 2389 2644
2390 2813 2390 2645
2391 2813 2391 2645
2392 2814 2392 2647
2393 2815 2393 2649
2394 2815 2394 2649
2395 2816 2395 2651
2396 2816 2396 2651
2397 2817 2397 2653
2398 2817 2398 2653
2399 2818 2399 2655
2400 2818 2400 2655
2401 2819 2401 2657
2402 2819 2402 2657
2403 2820 2403 2659
2404 2820 2404 2659
2405 2821 2405 2660
2406 2821 2406 2660
2407 2822 2407 2662
2408 2823 2408 2664
2409 2823 2409 2664
2410 2824 2410 2666
2411 2824 2411 2666
2412 2825 2412 2668
2414 2825 2414 2668
2415 2826 2415 2670
2416 2826 2416 2670
2417 2827 2417 2672
2418 2827 2418 2672
2419 2828 2419 2674
2420 2828 2420 2674
2421 2829 2421 2675
2422 2829 2422 2675
2423 2830 2423 2677
2424 2830 2424 2677
2425 2831 2425 2679
2426 2831 2426 2679
2427 2832 2427 2681
2428 2833 2428 2683
2429 2833 2429 2683
2430 2834 2430 2685
2431 2834 2431 2685
2432 2835 2432 2687
2433 2835 2433 2687
2434 2836 2434 2689
2435 2836 2435 2689
2436 2837 2436 2690
2437 2837 2437 2690
2438 2838 2438 2692
2439 2838 2439 2692
2440 2839 2440 2694
2441 2839 2441 2694
2442 2840 2442 2696
2443 2840 2443 2696
2444 2841 2444 2698
2445 2841 2445 2698
2446 2842 2446 2700
2447 2842 2447 2700
2448 2843 2448 2702
2449 2843 2449 2702
2450 2844 2450 2704
2451 2844 2451 2704
2452 2845 2452 2706
2453 2845 2453 2706
2454 2846 2454 2707
2455 2846 2455 2707
2457 2847 2457 2709
2458 2847 2458 2709
2459 2848 2459 2711
2460 2849 2460 2713
2461 2849 2461 2713
2462 2850 2462 2715
2463 2850 2463 2715
2464 2851 2464 2717
2465 2851 2465 2717
2466 2852 2466 2719
2467 2852 2467 2719
2468 2853 2468 2721
2469 2853 2469 2721
2470 2854 2470 2723
2471 2854 2471 2723
2472 2855 2472 2725
2473 2855 2473 2725
2474 2856 2474 2726
2475 2856 2475 2726
2476 2857 2476 2728
2477 2857 2477 2728
2478 2858 2478 2730
2479 2858 2479 2730
2480 2859 2480 2732
2481 2859 2481 2732
2482 2860 2482 2734
2483 2860 2483 2734
2484 2861 2484 2736
2485 2861 2485 2736
2486 2862 2486 2738
2487 2862 2487 2738
2488 2863 2488 2740
2489 2863 2489 2740
2490 2864 2490 2742
2491 2864 2491 2742
2492 2865 2492 2744
2493 2865 2493 2744
2494 2866 2494 2745
2495 2866 2495 2745
2496 2867 2496 2747
2497 2867 2497 2747
2498 2868 2498 2749
2499 2868 2499 2749
2501 2869 2501 2751
2502 2869 2502 2751
2503 2870 2503 2753
2504 2870 2504 2753
2505 2870 2505 2753
2506 2871 2506 2755
2507 2871 2507 2755
2508 2872 2508 2757
2509 2872 2509 2757
2510 2873 2510 2759
2511 2873 2511 2759
2512 2874 2512 2761
2513 2874 2513 2761
2514 2875 2514 2763
2515 2875 2515 2763
2516 2876 2516 2765
2517 2876 2517 2765
2518 2877 2518 2767
2519 2877 2519 2767
2520 2878 2520 2768
2521 2878 2521 2768
2522 2879 2522 2770
2523 2879 2523 2770
2524 2880 2524 2772
2525 2880 2525 2772
2526 2881 2526 2774
2527 2881 2527 2774
2528 2882 2528 2776
2529 2882 2529 2776
2530 2883 2530 2778
2531 2883 2531 2778
2532 2884 2532 2780
2533 2884 2533 2780
2534 2885 2534 2782
2535 2885 2535 2782
2536 2886 2536 2784
2537 2886 2537 2784
2538 2886 2538 2784
2539 2887 2539 2786
2540 2887 2540 2786
2541 2888 2541 2788
2542 2888 2542 2788
2544 2889 2544 2790
2545 2889 2545 2790
2546 2890 2546 2791
2547 2890 2547 2791
2548 2891 2548 2793
2549 2891 2549 2793
2550 2892 2550 2795
2551 2892 2551 2795
2552 2893 2552 2797
2553 2893 2553 2797
2554 2894 2554 2799
2555 2894 2555 2799
2556 2895 2556 2801
2557 2895 2557 2801
2558 2895 2558 2801
2559 2896 2559 2803
2560 2896 2560 2803
2561 2897 2561 2805
2562 2897 2562 2805
2563 2898 2563 2807
2564 2898 2564 2807
2565 2899 2565 2809
2566 2899 2566 2809
2567 2900 2567 2811
2568 2900 2568 2811
2569 2901 2569 2813
2570 2901 2570 2813
2571 2902 2571 2815
2572 2902 2572 2815
2573 2902 2573 2815
2574 2903 2574 2817
2575 2903 2575 2817
2576 2904 2576 2819
2577 2904 2577 2819
2578 2905 2578 2820
2579 2905 2579 2820
2580 2906 2580 2822
2581 2906 2581 2822
2582 2907 2582 2824
2583 2907 2583 2824
2584 2908 2584 2826
2585 2908 2585 2826
2587 2909 2587 2828
2588 2909 2588 2828
2589 2909 2589 2828
2590 2910 2590 2830
2591 2910 2591 2830
2592 2911 2592 2832
2593 2911 2593 2832
2594 2912 2594 2834
2595 2912 2595 2834
2596 2913 2596 2836
2597 2913 2597 2836
2598 2914 2598 2838
2599 2914 2599 2838
2600 2914 2600 2838
2601 2915 2601 2840
2602 2915 2602 2840
2603 2916 2603 2842
2604 2916 2604 2842
2605 2917 2605 2844
2606 2917 2606 2844
2607 2918 2607 2846
2608 2918 2608 2846
2609 2919 2609 2848
2610 2919 2610 2848
2611 2919 2611 2848
2612 2920 2612 2850
2613 2920 2613 2850
2614 2921 2614 2852
2615 2921 2615 2852
2616 2922 2616 2854
2617 2922 2617 2854
2618 2923 2618 2855
2619 2923 2619 2855
2620 2924 2620 2857
2621 2924 2621 2857
2622 2924 2622 2857
2623 2925 2623 2859
2624 2925 2624 2859
2625 2926 2625 2861
2626 2926 2626 2861
2627 2927 2627 2863
2628 2927 2628 2863
2630 2928 2630 2865
2631 2928 2631 2865
2632 2928 2632 2865
2633 2929 2633 2867
2634 2929 2634 2867
2635 2930 2635 2869
2636 2930 2636 2869
2637 2931 2637 2871
2638 2931 2638 2871
2639 2932 2639 2873
2640 2932 2640 2873
2641 2932 2641 2873
2642 2933 2642 2875
2643 2933 2643 2875
2644 2934 2644 2877
2645 2934 2645 2877
2646 2935 2646 2879
2647 2935 2647 2879
2648 2936 2648 2881
2649 2936 2649 2881
2650 2936 2650 2881
2651 2937 2651 2883
2652 2937 2652 2883
2653 2938 2653 2885
2654 2938 2654 2885
2655 2939 2655 2887
2656 2939 2656 2887
2657 2939 2657 2887
2658 2940 2658 2889
2659 2940 2659 2889
2660 2941 2660 2891
2661 2941 2661 2891
2662 2942 2662 2893
2663 2942 2663 2893
2664 2943 2664 2895
2665 2943 2665 2895
2666 2943 2666 2895
2667 2944 2667 2897
2668 2944 2668 2897
2669 2945 2669 2899
2670 2945 2670 2899
2671 2946 2671 2901
2673 2946 2673 2901
2674 2946 2674 2901
2675 2947 2675 2903
2676 2947 2676 2903
2677 2948 2677 2905
2678 2948 2678 2905
2679 2949 2679 2906
2680 2949 2680 2906
2681 2949 2681 2906
2682 2950 2682 2908
2683 2950 2683 2908
2684 2951 2684 2910
2685 2951 2685 2910
2686 2952 2686 2912
2687 2952 2687 2912
2688 2952 2688 2912
2689 2953 2689 2914
2690 2953 2690 2914
2691 2954 2691 2916
2692 2954 2692 2916
2693 2955 2693 2918
2694 2955 2694 2918
2695 2955 2695 2918
2696 2956 2696 2920
2697 2956 2697 2920
2698 2957 2698 2922
2699 2957 2699 2922
2700 2958 2700 2924
2701 2958 2701 2924
2702 2958 2702 2924
2703 2959 2703 2926
2704 2959 2704 2926
2705 2960 2705 2928
2706 2960 2706 2928
2707 2961 2707 2930
2708 2961 2708 2930
2709 2961 2709 2930
2710 2962 2710 2932
2711 2962 2711 2932
2712 2963 2712 2934
2713 2963 2713 2934
2714 2964 2714 2936
2716 2964 2716 2936
2717 2964 2717 2936
2718 2965 2718 2938
2719 2965 2719 2938
2720 2966 2720 2940
2721 2966 2721 2940
2722 2966 2722 2940
2723 2967 2723 2942
2724 2967 2724 2942
2725 2968 2725 2944
2726 2968 2726 2944
2727 2969 2727 2946
2728 2969 2728 2946
2729 2969 2729 2946
2730 2970 2730 2948
2731 2970 2731 2948
2732 2971 2732 2950
2733 2971 2733 2950
2734 2971 2734 2950
2735 2972 2735 2952
2736 2972 2736 2952
2737 2973 2737 2954
2738 2973 2738 2954
2739 2974 2739 2956
2740 2974 2740 2956
2741 2974 2741 2956
2742 2975 2742 2958
2743 2975 2743 2958
2744 2976 2744 2960
2745 2976 2745 2960
2746 2976 2746 2960
2747 2977 2747 2962
2748 2977 2748 2962
2749 2978 2749 2964
2750 2978 2750 2964
2751 2978 2751 2964
2752 2979 2752 2966
2753 2979 2753 2966
2754 2980 2754 2968
2755 2980 2755 2968
2756 2981 2756 2970
2757 2981 2757 2970
2759 2981 2759 2970
2760 2982 2760 2972
2761 2982 2761 2972
2762 2983 2762 2974
2763 2983 2763 2974
2764 2983 2764 2974
2765 2984 2765 2976
2766 2984 2766 2976
2767 2985 2767 2978
2768 2985 2768 2978
2769 2985 2769 2978
2770 2986 2770 2980
2771 2986 2771 2980
2772 2987 2772 2982
2773 2987 2773 2982
2774 2987 2774 2982
2775 2988 2775 2984
2776 2988 2776 2984
2777 2989 2777 2986
2778 2989 2778 2986
2779 2990 2779 2988
2780 2990 2780 2988
2781 2990 2781 2988
2782 2991 2782 2990
2783 2991 2783 2990
2784 2992 2784 2992
2785 2992 2785 2992
2786 2992 2786 2992
2787 2993 2787 2994
2788 2993 2788 2994
2789 2994 2789 2996
2790 2994 2790 2996
2791 2994 2791 2996
2792 2995 2792 2998
2793 2995 2793 2998
2794 2996 2794 3000
2795 2996 2795 3000
2796 2996 2796 3000
2797 2997 2797 3002
2798 2997 2798 3002
2799 2998 2799 3004
2800 2998 2800 3004
2802 2998 2802 3004
2803 2999 2803 3006
2804 2999 2804 3006
2805 3000 2805 3008
2806 3000 2806 3008
2807 3000 2807 3008
2808 3001 2808 3010
2809 3001 2809 3010
2810 3002 2810 3012
2811 3002 2811 3012
2812 3002 2812 3012
2813 3003 2813 3014
2814 3003 2814 3014
2815 3004 2815 3016
2816 3004 2816 3016
2817 3004 2817 3016
2818 3005 2818 3018
2819 3005 2819 3018
2820 3006 2820 3020
2821 3006 2821 3020
2822 3006 2822 3020
2823 3007 2823 3022
2824 3007 2824 3022
2825 3008 2825 3024
2826 3008 2826 3024
2827 3008 2827 3024
2828 3009 2828 3026
2829 3009 2829 3026
2830 3009 2830 3026
2831 3010 2831 3028
2832 3010 2832 3028
2833 3011 2833 3030
2834 3011 2834 3030
2835 3011 2835 3030
2836 3012 2836 3032
2837 3012 2837 3032
2838 3013 2838 3034
2839 3013 2839 3034
2840 3013 2840 3034
2841 3014 2841 3036
2842 3014 2842 3036
2843 3015 2843 3038
2845 3015 2845 3038
2846 3015 2846 3038
2847 3016 2847 3040
2848 3016 2848 3040
2849 3017 2849 3042
2850 3017 2850 3042
2851 3017 2851 3042
2852 3018 2852 3044
2853 3018 2853 3044
2854 3018 2854 3044
2855 3019 2855 3046
2856 3019 2856 3046
2857 3020 2857 3048
2858 3020 2858 3048
2859 3020 2859 3048
2860 3021 2860 3050
2861 3021 2861 3050
2862 3022 2862 3052
2863 3022 2863 3052
2864 3022 2864 3052
2865 3023 2865 3054
2866 3023 2866 3054
2867 3024 2867 3056
2868 3024 2868 3056
2869 3024 2869 3056
2870 3025 2870 3058
2871 3025 2871 3058
2872 3025 2872 3058
2873 3026 2873 3061
2874 3026 2874 3061
2875 3027 2875 3063
2876 3027 2876 3063
2877 3027 2877 3063
2878 3028 2878 3065
2879 3028 2879 3065
2880 3029 2880 3067
2881 3029 2881 3067
2882 3029 2882 3067
2883 3030 2883 3069
2884 3030 2884 3069
2885 3030 2885 3069
2886 3031 2886 3071
2887 3031 2887 3071
2889 3032 2889 3073
2890 3032 2890 3073
2891 3032 2891 3073
2892 3033 2892 3075
2893 3033 2893 3075
2894 3034 2894 3077
2895 3034 2895 3077
2896 3034 2896 3077
2897 3035 2897 3079
2898 3035 2898 3079
2899 3035 2899 3079
2900 3036 2900 3081
2901 3036 2901 3081
2902 3037 2902 3083
2903 3037 2903 3083
2904 3037 2904 3083
2905 3038 2905 3085
2906 3038 2906 3085
2907 3038 2907 3085
2908 3039 2908 3087
2909 3039 2909 3087
2910 3040 2910 3089
2911 3040 2911 3089
2912 3040 2912 3089
2913 3041 2913 3091
2914 3041 2914 3091
2915 3042 2915 3093
2916 3042 2916 3093
2917 3042 2917 3093
2918 3043 2918 3095
2919 3043 2919 3095
2920 3043 2920 3095
2921 3044 2921 3097
2922 3044 2922 3097
2923 3045 2923 3099
2924 3045 2924 3099
2925 3045 2925 3099
2926 3046 2926 3101
2927 3046 2927 3101
2928 3046 2928 3101
2929 3047 2929 3103
2930 3047 2930 3103
2932 3048 2932 3105
2933 3048 2933 3105
2934 3048 2934 3105
2935 3049 2935 3107
2936 3049 2936 3107
2937 3049 2937 3107
2938 3050 2938 3109
2939 3050 2939 3109
2940 3051 2940 3111
2941 3051 2941 3111
2942 3051 2942 3111
2943 3052 2943 3114
2944 3052 2944 3114
2945 3052 2945 3114
2946 3053 2946 3116
2947 3053 2947 3116
2948 3054 2948 3118
2949 3054 2949 3118
2950 3054 2950 3118
2951 3055 2951 3120
2952 3055 2952 3120
2953 3055 2953 3120
2954 3056 2954 3122
2955 3056 2955 3122
2956 3057 2956 3124
2957 3057 2957 3124
2958 3057 2958 3124
2959 3058 2959 3126
2960 3058 2960 3126
2961 3058 2961 3126
2962 3059 2962 3128
2963 3059 2963 3128
2964 3060 2964 3130
2965 3060 2965 3130
2966 3060 2966 3130
2967 3061 2967 3132
2968 3061 2968 3132
2969 3061 2969 3132
2970 3062 2970 3134
2971 3062 2971 3134
2972 3063 2972 3136
2973 3063 2973 3136
2975 3063 2975 3136
2976 3064 2976 3138
2977 3064 2977 3138
2978 3064 2978 3138
2979 3065 2979 3140
2980 3065 2980 3140
2981 3065 2981 3140
2982 3066 2982 3142
2983 3066 2983 3142
2984 3067 2984 3144
2985 3067 2985 3144
2986 3067 2986 3144
2987 3068 2987 3146
2988 3068 2988 3146
2989 3068 2989 3146
2990 3069 2990 3148
2991 3069 2991 3148
2992 3070 2992 3151
2993 3070 2993 3151
2994 3070 2994 3151
2995 3071 2995 3153
2996 3071 2996 3153
2997 3071 2997 3153
2998 3072 2998 3155
2999 3072 2999 3155
3000 3073 3000 3157
3001 3073 3001 3157
3002 3073 3002 3157
3003 3074 3003 3159
3004 3074 3004 3159
3005 3074 3005 3159
3006 3075 3006 3161
3007 3075 3007 3161
3008 3075 3008 3161
3009 3076 3009 3163
3010 3076 3010 3163
3011 3077 3011 3165
3012 3077 3012 3165
3013 3077 3013 3165
3014 3078 3014 3167
3015 3078 3015 3167
3016 3078 3016 3167
3018 3079 3018 3169
3019 3079 3019 3169
3020 3080 3020 3171
3021 3080 3021 3171
3022 3080 3022 3171
3023 3081 3023 3173
3024 3081 3024 3173
3025 3081 3025 3173
3026 3082 3026 3175
3027 3082 3027 3175
3028 3082 3028 3175
3029 3083 3029 3177
3030 3083 3030 3177
3031 3084 3031 3180
3032 3084 3032 3180
3033 3084 3033 3180
3034 3085 3034 3182
3035 3085 3035 3182
3036 3085 3036 3182
3037 3086 3037 3184
3038 3086 3038 3184
3039 3086 3039 3184
3040 3087 3040 3186
3041 3087 3041 3186
3042 3088 3042 3188
3043 3088 3043 3188
3044 3088 3044 3188
3045 3089 3045 3190
3046 3089 3046 3190
3047 3089 3047 3190
3048 3090 3048 3192
3049 3090 3049 3192
3050 3091 3050 3194
3051 3091 3051 3194
3052 3091 3052 3194
3053 3092 3053 3196
3054 3092 3054 3196
3055 3092 3055 3196
3056 3093 3056 3198
3057 3093 3057 3198
3058 3093 3058 3198
3059 3094 3059 3200
3061 3094 3061 3200
3062 3095 3062 3202
3063 3095 3063 3202
3064 3095 3064 3202
3065 3096 3065 3204
3066 3096 3066 3204
3067 3096 3067 3204
3068 3097 3068 3207
3069 3097 3069 3207
3070 3097 3070 3207
3071 3098 3071 3209
3072 3098 3072 3209
3073 3099 3073 3211
3074 3099 3074 3211
3075 3099 3075 3211
3076 3100 3076 3213
3077 3100 3077 3213
3078 3100 3078 3213
3079 3101 3079 3215
3080 3101 3080 3215
3081 3101 3081 3215
3082 3102 3082 3217
3083 3102 3083 3217
3084 3103 3084 3219
3085 3103 3085 3219
3086 3103 3086 3219
3087 3104 3087 3221
3088 3104 3088 3221
3089 3104 3089 3221
3090 3105 3090 3223
3091 3105 3091 3223
3092 3105 3092 3223
3093 3106 3093 3225
3094 3106 3094 3225
3095 3107 3095 3227
3096 3107 3096 3227
3097 3107 3097 3227
3098 3108 3098 3230
3099 3108 3099 3230
3100 3108 3100 3230
3101 3109 3101 3232
3102 3109 3102 3232
3104 3109 3104 3232
3105 3110 3105 3234
3106 3110 3106 3234
3107 3111 3107 3236
3108 3111 3108 3236
3109 3111 3109 3236
3110 3112 3110 3238
3111 3112 3111 3238
3112 3112 3112 3238
3113 3113 3113 3240
3114 3113 3114 3240
3115 3113 3115 3240
3116 3114 3116 3242
3117 3114 3117 3242
3118 3114 3118 3242
3119 3115 3119 3244
3120 3115 3120 3244
3121 3116 3121 3246
3122 3116 3122 3246
3123 3116 3123 3246
3124 3117 3124 3248
3125 3117 3125 3248
3126 3117 3126 3248
3127 3118 3127 3250
3128 3118 3128 3250
3129 3118 3129 3250
3130 3119 3130 3253
3131 3119 3131 3253
3132 3120 3132 3255
3133 3120 3133 3255
3134 3120 3134 3255
3135 3121 3135 3257
3136 3121 3136 3257
3137 3121 3137 3257
3138 3122 3138 3259
3139 3122 3139 3259
3140 3122 3140 3259
3141 3123 3141 3261
3142 3123 3142 3261
3143 3124 3143 3263
3144 3124 3144 3263
3145 3124 3145 3263
3147 3125 3147 3265
3148 3125 3148 3265
3149 3125 3149 3265
3150 3126 3150 3267
3151 3126 3151 3267
3152 3126 3152 3267
3153 3127 3153 3269
3154 3127 3154 3269
3155 3128 3155 3272
3156 3128 3156 3272
3157 3128 3157 3272
3158 3129 3158 3274
3159 3129 3159 3274
3160 3129 3160 3274
3161 3130 3161 3276
3162 3130 3162 3276
3163 3130 3163 3276
3164 3131 3164 3278
3165 3131 3165 3278
3166 3132 3166 3280
3167 3132 3167 3280
3168 3132 3168 3280
3169 3133 3169 3282
3170 3133 3170 3282
3171 3133 3171 3282
3172 3134 3172 3284
3173 3134 3173 3284
3174 3134 3174 3284
3175 3135 3175 3286
3176 3135 3176 3286
3177 3136 3177 3288
3178 3136 3178 3288
3179 3136 3179 3288
3180 3137 3180 3291
3181 3137 3181 3291
3182 3137 3182 3291
3183 3138 3183 3293
3184 3138 3184 3293
3185 3138 3185 3293
3186 3139 3186 3295
3187 3139 3187 3295
3188 3140 3188 3297
3190 3140 3190 3297
3191 3140 3191 3297
3192 3141 3192 3299
3193 3141 3193 3299
3194 3141 3194 3299
3195 3142 3195 3301
3196 3142 3196 3301
3197 3142 3197 3301
3198 3143 3198 3303
3199 3143 3199 3303
3200 3144 3200 3305
3201 3144 3201 3305
3202 3144 3202 3305
3203 3145 3203 3307
3204 3145 3204 3307
3205 3145 3205 3307
3206 3146 3206 3310
3207 3146 3207 3310
3208 3146 3208 3310
3209 3147 3209 3312
3210 3147 3210 3312
3211 3148 3211 3314
3212 3148 3212 3314
3213 3148 3213 3314
3214 3149 3214 3316
3215 3149 3215 3316
3216 3149 3216 3316
3217 3150 3217 3318
3218 3150 3218 3318
3219 3150 3219 3318
3220 3151 3220 3320
3221 3151 3221 3320
3222 3152 3222 3322
3223 3152 3223 3322
3224 3152 3224 3322
3225 3153 3225 3324
3226 3153 3226 3324
3227 3153 3227 3324
3228 3154 3228 3327
3229 3154 3229 3327
3230 3154 3230 3327
3231 3155 3231 3329
3233 3155 3233 3329
3234 3156 3234 3331
3235 3156 3235 3331
3236 3156 3236 3331
3237 3157 3237 3333
3238 3157 3238 3333
3239 3157 3239 3333
3240 3158 3240 3335
3241 3158 3241 3335
3242 3158 3242 3335
3243 3159 3243 3337
3244 3159 3244 3337
3245 3160 3245 3339
3246 3160 3246 3339
3247 3160 3247 3339
3248 3161 3248 3341
3249 3161 3249 3341
3250 3161 3250 3341
3251 3162 3251 3344
3252 3162 3252 3344
3253 3162 3253 3344
3254 3163 3254 3346
3255 3163 3255 3346
3256 3164 3256 3348
3257 3164 3257 3348
3258 3164 3258 3348
3259 3165 3259 3350
3260 3165 3260 3350
3261 3165 3261 3350
3262 3166 3262 3352
3263 3166 3263 3352
3264 3167 3264 3354
3265 3167 3265 3354
3266 3167 3266 3354
3267 3168 3267 3356
3268 3168 3268 3356
3269 3168 3269 3356
3270 3169 3270 3359
3271 3169 3271 3359
3272 3169 3272 3359
3273 3170 3273 3361
3274 3170 3274 3361
3276 3171 3276 3363
3277 3171 3277 3363
3278 3171 3278 3363
3279 3172 3279 3365
3280 3172 3280 3365
3281 3172 3281 3365
3282 3173 3282 3367
3283 3173 3283 3367
3284 3174 3284 3369
3285 3174 3285 3369
3286 3174 3286 3369
3287 3175 3287 3371
3288 3175 3288 3371
3289 3175 3289 3371
3290 3176 3290 3374
3291 3176 3291 3374
3292 3176 3292 3374
3293 3177 3293 3376
3294 3177 3294 3376
3295 3178 3295 3378
3296 3178 3296 3378
3297 3178 3297 3378
3298 3179 3298 3380
3299 3179 3299 3380
3300 3179 3300 3380
3301 3180 3301 3382
3302 3180 3302 3382
3303 3181 3303 3384
3304 3181 3304 3384
3305 3181 3305 3384
3306 3182 3306 3386
3307 3182 3307 3386
3308 3182 3308 3386
3309 3183 3309 3389
3310 3183 3310 3389
3311 3184 3311 3391
3312 3184 3312 3391
3313 3184 3313 3391
3314 3185 3314 3393
3315 3185 3315 3393
3316 3185 3316 3393
3317 3186 3317 3395
3318 3186 3318 3395
3320 3186 3320 3395
3321 3187 3321 3397
3322 3187 3322 3397
3323 3188 3323 3399
3324 3188 3324 3399
3325 3188 3325 3399
3326 3189 3326 3401
3327 3189 3327 3401
3328 3189 3328 3401
3329 3190 3329 3404
3330 3190 3330 3404
3331 3191 3331 3406
3332 3191 3332 3406
3333 3191 3333 3406
3334 3192 3334 3408
3335 3192 3335 3408
3336 3192 3336 3408
3337 3193 3337 3410
3338 3193 3338 3410
3339 3194 3339 3412
3340 3194 3340 3412
3341 3194 3341 3412
3342 3195 3342 3414
3343 3195 3343 3414
3344 3195 3344 3414
3345 3196 3345 3417
3346 3196 3346 3417
3347 3197 3347 3419
3348 3197 3348 3419
3349 3197 3349 3419
3350 3198 3350 3421
3351 3198 3351 3421
3352 3198 3352 3421
3353 3199 3353 3423
3354 3199 3354 3423
3355 3200 3355 3425
3356 3200 3356 3425
3357 3200 3357 3425
3358 3201 3358 3427
3359 3201 3359 3427
3360 3202 3360 3430
3361 3202 3361 3430
3363 3202 3363 3430
3364 3203 3364 3432
3365 3203 3365 3432
3366 3203 3366 3432
3367 3204 3367 3434
3368 3204 3368 3434
3369 3205 3369 3436
3370 3205 3370 3436
3371 3205 3371 3436
3372 3206 3372 3438
3373 3206 3373 3438
3374 3206 3374 3438
3375 3207 3375 3440
3376 3207 3376 3440
3377 3208 3377 3443
3378 3208 3378 3443
3379 3208 3379 3443
3380 3209 3380 3445
3381 3209 3381 3445
3382 3209 3382 3445
3383 3210 3383 3447
3384 3210 3384 3447
3385 3211 3385 3449
3386 3211 3386 3449
3387 3211 3387 3449
3388 3212 3388 3451
3389 3212 3389 3451
3390 3213 3390 3453
3391 3213 3391 3453
3392 3213 3392 3453
3393 3214 3393 3456
3394 3214 3394 3456
3395 3214 3395 3456
3396 3215 3396 3458
3397 3215 3397 3458
3398 3216 3398 3460
3399 3216 3399 3460
3400 3216 3400 3460
3401 3217 3401 3462
3402 3217 3402 3462
3403 3218 3403 3464
3404 3218 3404 3464
3406 3218 3406 3464
3407 3219 3407 3466
3408 3219 3408 3466
3409 3219 3409 3466
3410 3220 3410 3469
3411 3220 3411 3469
3412 3221 3412 3471
3413 3221 3413 3471
3414 3221 3414 3471
3415 3222 3415 3473
3416 3222 3416 3473
3417 3223 3417 3475
3418 3223 3418 3475
3419 3223 3419 3475
3420 3224 3420 3477
3421 3224 3421 3477
3422 3224 3422 3477
3423 3225 3423 3479
3424 3225 3424 3479
3425 3226 3425 3482
3426 3226 3426 3482
3427 3226 3427 3482
3428 3227 3428 3484
3429 3227 3429 3484
3430 3228 3430 3486
3431 3228 3431 3486
3432 3228 3432 3486
3433 3229 3433 3488
3434 3229 3434 3488
3435 3230 3435 3490
3436 3230 3436 3490
3437 3230 3437 3490
3438 3231 3438 3493
3439 3231 3439 3493
3440 3231 3440 3493
3441 3232 3441 3495
3442 3232 3442 3495
3443 3233 3443 3497
3444 3233 3444 3497
3445 3233 3445 3497
3446 3234 3446 3499
3447 3234 3447 3499
3449 3235 3449 3501
3450 3235 3450 3501
3451 3235 3451 3501
3452 3236 3452 3504
3453 3236 3453 3504
3454 3237 3454 3506
3455 3237 3455 3506
3456 3237 3456 3506
3457 3238 3457 3508
3458 3238 3458 3508
3459 3239 3459 3510
3460 3239 3460 3510
3461 3239 3461 3510
3462 3240 3462 3512
3463 3240 3463 3512
3464 3241 3464 3514
3465 3241 3465 3514
3466 3241 3466 3514
3467 3242 3467 3517
3468 3242 3468 3517
3469 3243 3469 3519
3470 3243 3470 3519
3471 3243 3471 3519
3472 3244 3472 3521
3473 3244 3473 3521
3474 3245 3474 3523
3475 3245 3475 3523
3476 3245 3476 3523
3477 3246 3477 3525
3478 3246 3478 3525
3479 3247 3479 3528
3480 3247 3480 3528
3481 3247 3481 3528
3482 3248 3482 3530
3483 3248 3483 3530
3484 3249 3484 3532
3485 3249 3485 3532
3486 3249 3486 3532
3487 3250 3487 3534
3488 3250 3488 3534
3489 3251 3489 3536
3490 3251 3490 3536
3492 3251 3492 3536
3493 3252 3493 3539
3494 3252 3494 3539
3495 3253 3495 3541
3496 3253 3496 3541
3497 3253 3497 3541
3498 3254 3498 3543
3499 3254 3499 3543
3500 3255 3500 3545
3501 3255 3501 3545
3502 3255 3502 3545
3503 3256 3503 3547
3504 3256 3504 3547
3505 3257 3505 3550
3506 3257 3506 3550
3507 3257 3507 3550
3508 3258 3508 3552
3509 3258 3509 3552
3510 3259 3510 3554
3511 3259 3511 3554
3512 3259 3512 3554
3513 3260 3513 3556
3514 3260 3514 3556
3515 3261 3515 3558
3516 3261 3516 3558
3517 3261 3517 3558
3518 3262 3518 3561
3519 3262 3519 3561
3520 3263 3520 3563
3521 3263 3521 3563
3522 3264 3522 3565
3523 3264 3523 3565
3524 3264 3524 3565
3525 3265 3525 3567
3526 3265 3526 3567
3527 3266 3527 3570
3528 3266 3528 3570
3529 3266 3529 3570
3530 3267 3530 3572
3531 3267 3531 3572
3532 3268 3532 3574
3533 3268 3533 3574
3535 3268 3535 3574
3536 3269 3536 3576
3537 3269 3537 3576
3538 3270 3538 3578
3539 3270 3539 3578
3540 3271 3540 3581
3541 3271 3541 3581
3542 3271 3542 3581
3543 3272 3543 3583
3544 3272 3544 3583
3545 3273 3545 3585
3546 3273 3546 3585
3547 3273 3547 3585
3548 3274 3548 3587
3549 3274 3549 3587
3550 3275 3550 3589
3551 3275 3551 3589
3552 3275 3552 3589
3553 3276 3553 3592
3554 3276 3554 3592
3555 3277 3555 3594
3556 3277 3556 3594
3557 3278 3557 3596
3558 3278 3558 3596
3559 3278 3559 3596
3560 3279 3560 3598
3561 3279 3561 3598
3562 3280 3562 3601
3563 3280 3563 3601
3564 3281 3564 3603
3565 3281 3565 3603
3566 3281 3566 3603
3567 3282 3567 3605
3568 3282 3568 3605
3569 3283 3569 3607
3570 3283 3570 3607
3571 3283 3571 3607
3572 3284 3572 3609
3573 3284 3573 3609
3574 3285 3574 3612
3575 3285 3575 3612
3576 3286 3576 3614
3578 3286 3578 3614
3579 3286 3579 3614
3580 3287 3580 3616
3581 3287 3581 3616
3582 3288 3582 3618
3583 3288 3583 3618
3584 3289 3584 3621
3585 3289 3585 3621
3586 3289 3586 3621
3587 3290 3587 3623
3588 3290 3588 3623
3589 3291 3589 3625
3590 3291 3590 3625
3591 3292 3591 3627
3592 3292 3592 3627
3593 3292 3593 3627
3594 3293 3594 3630
3595 3293 3595 3630
3596 3294 3596 3632
3597 3294 3597 3632
3598 3295 3598 3634
3599 3295 3599 3634
3600 3295 3600 3634
3601 3296 3601 3636
3602 3296 3602 3636
3603 3297 3603 3638
3604 3297 3604 3638
3605 3298 3605 3641
3606 3298 3606 3641
3607 3298 3607 3641
3608 3299 3608 3643
3609 3299 3609 3643
3610 3300 3610 3645
3611 3300 3611 3645
3612 3301 3612 3647
3613 3301 3613 3647
3614 3301 3614 3647
3615 3302 3615 3650
3616 3302 3616 3650
3617 3303 3617 3652
3618 3303 3618 3652
3619 3304 3619 3654
3621 3304 3621 3654
3622 3304 3622 3654
3623 3305 3623 3656
3624 3305 3624 3656
3625 3306 3625 3659
3626 3306 3626 3659
3627 3307 3627 3661
3628 3307 3628 3661
3629 3308 3629 3663
3630 3308 3630 3663
3631 3308 3631 3663
3632 3309 3632 3665
3633 3309 3633 3665
3634 3310 3634 3668
3635 3310 3635 3668
3636 3311 3636 3670
3637 3311 3637 3670
3638 3312 3638 3672
3639 3312 3639 3672
3640 3312 3640 3672
3641 3313 3641 3674
3642 3313 3642 3674
3643 3314 3643 3677
3644 3314 3644 3677
3645 3315 3645 3679
3646 3315 3646 3679
3647 3315 3647 3679
3648 3316 3648 3681
3649 3316 3649 3681
3650 3317 3650 3683
3651 3317 3651 3683
3652 3318 3652 3686
3653 3318 3653 3686
3654 3319 3654 3688
3655 3319 3655 3688
3656 3320 3656 3690
3657 3320 3657 3690
3658 3320 3658 3690
3659 3321 3659 3692
3660 3321 3660 3692
3661 3322 3661 3695
3662 3322 3662 3695
3664 3323 3664 3697
3665 3323 3665 3697
3666 3324 3666 3699
3667 3324 3667 3699
3668 3324 3668 3699
3669 3325 3669 3701
3670 3325 3670 3701
3671 3326 3671 3704
3672 3326 3672 3704
3673 3327 3673 3706
3674 3327 3674 3706
3675 3328 3675 3708
3676 3328 3676 3708
3677 3329 3677 3710
3678 3329 3678 3710
3679 3329 3679 3710
3680 3330 3680 3713
3681 3330 3681 3713
3682 3331 3682 3715
3683 3331 3683 3715
3684 3332 3684 3717
3685 3332 3685 3717
3686 3333 3686 3719
3687 3333 3687 3719
3688 3334 3688 3722
3689 3334 3689 3722
3690 3334 3690 3722
3691 3335 3691 3724
3692 3335 3692 3724
3693 3336 3693 3726
3694 3336 3694 3726
3695 3337 3695 3729
3696 3337 3696 3729
3697 3338 3697 3731
3698 3338 3698 3731
3699 3339 3699 3733
3700 3339 3700 3733
3701 3340 3701 3735
3702 3340 3702 3735
3703 3340 3703 3735
3704 3341 3704 3738
3705 3341 3705 3738
3706 3342 3706 3740
3708 3342 3708 3740
3709 3343 3709 3742
3710 3343 3710 3742
3711 3344 3711 3744
3712 3344 3712 3744
3713 3345 3713 3747
3714 3345 3714 3747
3715 3346 3715 3749
3716 3346 3716 3749
3717 3347 3717 3751
3718 3347 3718 3751
3719 3347 3719 3751
3720 3348 3720 3753
3721 3348 3721 3753
3722 3349 3722 3756
3723 3349 3723 3756
3724 3350 3724 3758
3725 3350 3725 3758
3726 3351 3726 3760
3727 3351 3727 3760
3728 3352 3728 3763
3729 3352 3729 3763
3730 3353 3730 3765
3731 3353 3731 3765
3732 3354 3732 3767
3733 3354 3733 3767
3734 3355 3734 3769
3735 3355 3735 3769
3736 3355 3736 3769
3737 3356 3737 3772
3738 3356 3738 3772
3739 3357 3739 3774
3740 3357 3740 3774
3741 3358 3741 3776
3742 3358 3742 3776
3743 3359 3743 3779
3744 3359 3744 3779
3745 3360 3745 3781
3746 3360 3746 3781
3747 3361 3747 3783
3748 3361 3748 3783
3749 3362 3749 3785
3751 3362 3751 3785
3752 3363 3752 3788
3753 3363 3753 3788
3754 3364 3754 3790
3755 3364 3755 3790
3756 3365 3756 3792
3757 3365 3757 3792
3758 3366 3758 3795
3759 3366 3759 3795
3760 3366 3760 3795
3761 3367 3761 3797
3762 3367 3762 3797
3763 3368 3763 3799
3764 3368 3764 3799
3765 3369 3765 3801
3766 3369 3766 3801
3767 3370 3767 3804
3768 3370 3768 3804
3769 3371 3769 3806
3770 3371 3770 3806
3771 3372 3771 3808
3772 3372 3772 3808
3773 3373 3773 3811
3774 3373 3774 3811
3775 3374 3775 3813
3776 3374 3776 3813
3777 3375 3777 3815
3778 3375 3778 3815
3779 3376 3779 3817
3780 3376 3780 3817
3781 3377 3781 3820
3782 3377 3782 3820
3783 3378 3783 3822
3784 3378 3784 3822
3785 3379 3785 3824
3786 3379 3786 3824
3787 3380 3787 3827
3788 3380 3788 3827
3789 3381 3789 3829
3790 3381 3790 3829
3791 3382 3791 3831
3792 3382 3792 3831
3794 3383 3794 3834
3795 3383 3795 3834
3796 3384 3796 3836
3797 3384 3797 3836
3798 3385 3798 3838
3799 3385 3799 3838
3800 3386 3800 3840
3801 3386 3801 3840
3802 3387 3802 3843
3803 3387 3803 3843
3804 3388 3804 3845
3805 3388 3805 3845
3806 3389 3806 3847
3807 3389 3807 3847
3808 3390 3808 3850
3809 3390 3809 3850
3810 3391 3810 3852
3811 3391 3811 3852
3812 3392 3812 3854
3813 3392 3813 3854
3814 3393 3814 3857
3815 3393 3815 3857
3816 3394 3816 3859
3817 3394 3817 3859
3818 3395 3818 3861
3819 3395 3819 3861
3820 3396 3820 3864
3821 3396 3821 3864
3822 3397 3822 3866
3823 3397 3823 3866
3824 3398 3824 3868
3825 3398 3825 3868
3826 3399 3826 3870
3827 3399 3827 3870
3828 3400 3828 3873
3829 3400 3829 3873
3830 3401 3830 3875
3831 3401 3831 3875
3832 3402 3832 3877
3833 3402 3833 3877
3834 3403 3834 3880
3835 3403 3835 3880
3837 3404 3837 3882
3838 3404 3838 3882
3839 3405 3839 3884
3840 3405 3840 3884
3841 3406 3841 3887
3842 3406 3842 3887
3843 3407 3843 3889
3844 3408 3844 3891
3845 3408 3845 3891
3846 3409 3846 3894
3847 3409 3847 3894
3848 3410 3848 3896
3849 3410 3849 3896
3850 3411 3850 3898
3851 3411 3851 3898
3852 3412 3852 3901
3853 3412 3853 3901
3854 3413 3854 3903
3855 3413 3855 3903
3856 3414 3856 3905
3857 3414 3857 3905
3858 3415 3858 3908
3859 3415 3859 3908
3860 3416 3860 3910
3861 3416 3861 3910
3862 3417 3862 3912
3863 3417 3863 3912
3864 3418 3864 3915
3865 3418 3865 3915
3866 3419 3866 3917
3867 3420 3867 3919
3868 3420 3868 3919
3869 3421 3869 3922
3870 3421 3870 3922
3871 3422 3871 3924
3872 3422 3872 3924
3873 3423 3873 3926
3874 3423 3874 3926
3875 3424 3875 3929
3876 3424 3876 3929
3877 3425 3877 3931
3878 3425 3878 3931
3880 3426 3880 3933
3881 3426 3881 3933
3882 3427 3882 3936
3883 3427 3883 3936
3884 3428 3884 3938
3885 3429 3885 3940
3886 3429 3886 3940
3887 3430 3887 3943
3888 3430 3888 3943
3889 3431 3889 3945
3890 3431 3890 3945
3891 3432 3891 3947
3892 3432 3892 3947
3893 3433 3893 3950
3894 3433 3894 3950
3895 3434 3895 3952
3896 3434 3896 3952
3897 3435 3897 3954
3898 3436 3898 3957
3899 3436 3899 3957
3900 3437 3900 3959
3901 3437 3901 3959
3902 3438 3902 3961
3903 3438 3903 3961
3904 3439 3904 3964
3905 3439 3905 3964
3906 3440 3906 3966
3907 3440 3907 3966
3908 3441 3908 3968
3909 3442 3909 3971
3910 3442 3910 3971
3911 3443 3911 3973
3912 3443 3912 3973
3913 3444 3913 3975
3914 3444 3914 3975
3915 3445 3915 3978
3916 3445 3916 3978
3917 3446 3917 3980
3918 3446 3918 3980
3919 3447 3919 3982
3920 3448 3920 3985
3921 3448 3921 3985
3923 3449 3923 3987
3924 3449 3924 3987
3925 3450 3925 3989
3926 3450 3926 3989
3927 3451 3927 3992
3928 3451 3928 3992
3929 3452 3929 3994
3930 3453 3930 3997
3931 3453 3931 3997
3932 3454 3932 3999
3933 3454 3933 3999
3934 3455 3934 4001
3935 3455 3935 4001
3936 3456 3936 4004
3937 3456 3937 4004
3938 3457 3938 4006
3939 3458 3939 4008
3940 3458 3940 4008
3941 3459 3941 4011
3942 3459 3942 4011
3943 3460 3943 4013
3944 3460 3944 4013
3945 3461 3945 4015
3946 3462 3946 4018
3947 3462 3947 4018
3948 3463 3948 4020
3949 3463 3949 4020
3950 3464 3950 4022
3951 3464 3951 4022
3952 3465 3952 4025
3953 3465 3953 4025
3954 3466 3954 4027
3955 3467 3955 4030
3956 3467 3956 4030
3957 3468 3957 4032
3958 3468 3958 4032
3959 3469 3959 4034
3960 3469 3960 4034
3961 3470 3961 4037
3962 3471 3962 4039
3963 3471 3963 4039
3964 3472 3964 4041
3966 3472 3966 4041
3967 3473 3967 4044
3968 3473 3968 4044
3969 3474 3969 4046
3970 3475 3970 4048
3971 3475 3971 4048
3972 3476 3972 4051
3973 3476 3973 4051
3974 3477 3974 4053
3975 3477 3975 4053
3976 3478 3976 4056
3977 3479 3977 4058
3978 3479 3978 4058
3979 3480 3979 4060
3980 3480 3980 4060
3981 3481 3981 4063
3982 3482 3982 4065
3983 3482 3983 4065
3984 3483 3984 4067
3985 3483 3985 4067
3986 3484 3986 4070
3987 3484 3987 4070
3988 3485 3988 4072
3989 3486 3989 4075
3990 3486 3990 4075
3991 3487 3991 4077
3992 3487 3992 4077
3993 3488 3993 4079
3994 3489 3994 4082
3995 3489 3995 4082
3996 3490 3996 4084
3997 3490 3997 4084
3998 3491 3998 4087
3999 3491 3999 4087
4000 3492 4000 4089
4001 3493 4001 4091
4002 3493 4002 4091
4003 3494 4003 4094
4004 3494 4004 4094
4005 3495 4005 4096
4006 3496 4006 4098
4007 3496 4007 4098
4009 3497 4009 4101
4010 3497 4010 4101
4011 3498 4011 4103
4012 3499 4012 4106
