81 368
82 368
83 367
84 367
85 367
87 366
88 366
89 366
90 366
91 365
92 365
93 365
94 364
95 364
96 364
97 363
98 363
99 363
100 363
101 362
102 362
103 362
104 362
105 361
106 361
107 361
108 361
109 360
110 360
111 360
112 360
113 359
114 359
115 359
116 359
117 358
118 358
119 358
120 358
121 357
122 357
123 357
124 357
125 356
126 356
127 356
128 356
130 356
131 355
132 355
133 355
134 355
135 355
136 354
137 354
138 354
139 354
140 354
141 353
142 353
143 353
144 353
145 353
146 353
147 352
148 352
149 352
150 352
151 352
152 352
153 351
154 351
155 351
156 351
157 351
158 351
159 351
160 350
161 350
162 350
163 350
164 350
165 350
166 350
167 350
168 349
169 349
170 349
171 349
173 349
174 349
175 349
176 349
177 348
178 348
179 348
180 348
181 348
182 348
183 348
184 348
185 348
186 348
187 348
188 347
189 347
190 347
191 347
192 347
193 347
194 347
195 347
196 347
197 347
198 347
199 347
200 347
201 347
202 347
203 347
204 347
205 346
206 346
207 346
208 346
209 346
210 346
211 346
212 346
213 346
214 346
216 346
217 346
218 346
219 346
220 346
221 346
222 346
223 346
224 346
225 346
226 346
227 346
228 346
229 346
230 346
231 346
232 346
233 346
234 346
235 346
236 346
237 346
238 346
239 346
240 346
241 346
242 346
243 347
244 347
245 347
246 347
247 347
248 347
249 347
250 347
251 347
252 347
253 347
254 347
255 347
256 347
257 347
259 347
260 348
261 348
262 348
263 348
264 348
265 348
266 348
267 348
268 348
269 348
270 348
271 348
272 349
273 349
274 349
275 349
276 349
277 349
278 349
279 349
280 350
281 350
282 350
283 350
284 350
285 350
286 350
287 350
288 351
289 351
290 351
291 351
292 351
293 351
294 351
295 352
296 352
297 352
298 352
299 352
300 352
302 353
303 353
304 353
305 353
306 353
307 353
308 354
309 354
310 354
311 354
312 354
313 355
314 355
315 355
316 355
317 355
318 356
319 356
320 356
321 356
322 356
323 357
324 357
325 357
326 357
327 357
328 358
329 358
330 358
331 358
332 359
333 359
334 359
335 359
336 360
337 360
338 360
339 360
340 361
341 361
342 361
343 361
345 362
346 362
347 362
348 362
349 363
350 363
351 363
352 364
353 364
354 364
355 364
356 365
357 365
358 365
359 365
360 366
361 366
362 366
363 367
364 367
365 367
366 367
367 368
368 368
369 368
370 369
371 369
372 369
373 370
374 370
375 370
376 371
377 371
378 371
379 372
380 372
381 372
382 373
383 373
384 373
385 374
386 374
388 375
389 375
390 375
391 376
392 376
393 376
394 376
395 377
396 377
397 378
398 378
399 378
400 379
401 379
402 379
403 380
404 380
405 381
406 381
407 381
408 382
409 382
410 383
411 383
412 384
413 384
414 384
415 385
416 385
417 386
418 386
419 386
420 387
421 387
422 388
423 388
424 388
425 389
426 389
427 390
428 390
429 391
430 391
432 391
433 392
434 392
435 393
436 393
437 394
438 394
439 394
440 395
441 396
442 396
443 396
444 397
445 397
446 398
447 398
448 399
449 399
450 400
451 400
452 400
453 401
454 402
455 402
456 403
457 403
458 404
459 404
460 404
461 405
462 405
463 406
464 407
465 407
466 408
467 408
468 409
469 409
470 409
471 410
472 410
473 411
475 412
476 412
477 413
478 413
479 414
480 414
481 415
482 415
483 416
484 416
485 417
486 417
487 418
488 418
489 419
490 420
491 420
492 421
493 421
494 422
495 423
496 423
497 424
498 424
499 425
500 426
501 426
502 427
503 427
504 428
505 428
506 429
507 430
508 430
509 431
510 431
511 432
512 433
513 433
514 434
515 434
516 435
518 436
519 436
520 437
521 437
522 438
523 438
524 439
525 440
526 440
527 441
528 441
529 442
530 443
531 443
532 444
533 445
534 445
535 446
536 447
537 447
538 448
539 449
540 449
541 450
542 451
543 451
544 452
545 452
546 453
547 454
548 455
549 455
550 456
551 457
552 457
553 458
554 458
555 459
556 460
557 460
558 461
559 462
561 463
562 463
563 464
564 465
565 465
566 466
567 467
568 468
569 468
570 469
571 470
572 470
573 471
574 472
575 472
576 473
577 474
578 475
579 475
580 476
581 477
582 478
583 478
584 479
585 479
586 480
587 481
588 482
589 483
590 483
591 484
592 485
593 486
594 487
595 487
596 488
597 488
598 489
599 490
600 491
601 491
602 492
604 493
605 494
606 495
607 495
608 496
609 497
610 498
611 498
612 499
613 500
614 501
615 502
616 502
617 503
618 504
619 505
620 505
621 506
622 507
623 508
624 509
625 509
626 510
627 511
628 512
629 513
630 514
631 514
632 515
633 516
634 517
635 518
636 518
637 519
638 520
639 521
640 522
641 523
642 523
643 524
644 525
645 526
647 527
648 528
649 529
650 529
651 530
652 531
653 532
654 532
655 534
656 534
657 535
658 536
659 537
660 538
661 539
662 540
663 540
664 541
665 542
666 543
667 544
668 545
669 545
670 547
671 547
672 548
673 549
674 550
675 551
676 552
677 553
678 553
679 555
680 555
681 556
682 557
683 558
684 559
685 560
686 561
687 562
688 562
690 564
691 564
692 565
693 566
694 567
695 568
696 569
697 570
698 571
699 572
700 573
701 574
702 574
703 576
704 576
705 577
706 578
707 579
708 580
709 581
710 582
711 583
712 584
713 585
714 586
715 587
716 587
717 589
718 589
719 591
720 591
721 592
722 593
723 594
724 595
725 596
726 597
727 598
728 599
729 600
730 601
731 602
733 603
734 604
735 605
736 606
737 607
738 608
739 609
740 610
741 611
742 612
743 613
744 614
745 615
746 616
747 617
748 618
749 619
750 620
751 621
752 622
753 623
754 624
755 625
756 626
757 627
758 628
759 629
760 630
761 631
762 632
763 633
764 634
765 635
766 636
767 637
768 638
769 639
770 640
771 641
772 642
773 643
774 645
776 645
777 647
778 647
779 649
780 649
781 651
782 652
783 653
784 654
785 655
786 656
787 657
788 658
789 659
790 660
791 661
792 662
793 663
794 664
795 665
796 667
797 667
798 669
799 670
800 671
801 672
802 673
803 674
804 675
805 676
806 678
807 678
808 679
809 681
810 681
811 683
812 684
813 685
814 686
815 687
816 688
817 689
818 690
820 692
821 693
822 694
823 695
824 696
825 697
826 698
827 699
828 700
829 702
830 702
831 704
832 705
833 706
834 707
835 709
836 709
837 710
838 712
839 712
840 714
841 715
842 716
843 717
844 719
845 719
846 721
847 722
848 723
849 724
850 725
851 726
852 727
853 729
854 730
855 731
856 732
857 733
858 734
859 735
860 737
861 738
863 739
864 740
865 742
866 742
867 743
868 745
869 746
870 747
871 748
872 750
873 751
874 751
875 753
876 754
877 755
878 756
879 758
880 759
881 760
882 761
883 762
884 764
885 764
886 766
887 767
888 769
889 769
890 770
891 772
892 773
893 774
894 775
895 777
896 778
897 779
898 780
899 781
900 783
901 784
902 785
903 786
904 787
906 789
907 790
908 791
909 792
910 793
911 795
912 796
913 797
914 798
915 800
916 801
917 802
918 803
919 804
920 806
921 807
922 808
923 810
924 810
925 812
926 813
927 815
928 816
929 817
930 818
931 819
932 821
933 822
934 823
935 824
936 825
937 827
938 828
939 829
940 831
941 832
942 833
943 834
944 835
945 837
946 838
947 840
949 841
950 841
951 843
952 844
953 846
954 847
955 848
956 850
957 851
958 852
959 853
960 854
961 856
962 857
963 859
964 860
965 861
966 862
967 863
968 864
969 866
970 867
971 869
972 870
973 871
974 873
975 873
976 875
977 876
978 877
979 879
980 880
981 882
982 883
983 884
984 886
985 887
986 888
987 889
988 890
989 892
990 893
992 894
993 896
994 897
995 898
996 900
997 901
998 903
999 904
1000 905
1001 907
1002 908
1003 908
1004 910
1005 911
1006 912
1007 914
1008 915
1009 917
1010 918
1011 919
1012 921
1013 922
1014 923
1015 925
1016 926
1017 927
1018 929
1019 930
1020 932
1021 933
1022 934
1023 936
1024 937
1025 938
1026 940
1027 941
1028 942
1029 944
1030 945
1031 946
1032 948
1033 949
1035 951
1036 952
1037 953
1038 955
1039 956
1040 957
1041 959
1042 960
1043 961
1044 963
1045 964
1046 965
1047 967
1048 968
1049 969
1050 971
1051 972
1052 973
1053 975
1054 976
1055 977
1056 979
1057 980
1058 981
1059 983
1060 984
1061 985
1062 987
1063 988
1064 990
1065 991
1066 992
1067 994
1068 995
1069 996
1070 998
1071 999
1072 1000
1073 1001
1074 1003
1075 1004
1076 1005
1078 1008
1079 1009
1080 1010
1081 1012
1082 1013
1083 1014
1084 1016
1085 1017
1086 1018
1087 1020
1088 1021
1089 1022
1090 1024
1091 1025
1092 1026
1093 1029
1094 1030
1095 1031
1096 1033
1097 1034
1098 1035
1099 1037
1100 1038
1101 1039
1102 1040
1103 1042
1104 1043
1105 1045
1106 1047
1107 1048
1108 1049
1109 1051
1110 1052
1111 1053
1112 1055
1113 1056
1114 1057
1115 1059
1116 1061
1117 1062
1118 1063
1119 1065
1121 1066
1122 1067
1123 1069
1124 1070
1125 1072
1126 1074
1127 1075
1128 1076
1129 1077
1130 1079
1131 1080
1132 1081
1133 1084
1134 1085
1135 1086
1136 1087
1137 1089
1138 1090
1139 1091
1140 1094
1141 1095
1142 1096
1143 1098
1144 1099
1145 1100
1146 1101
1147 1104
1148 1105
1149 1106
1150 1108
1151 1109
1152 1110
1153 1111
1154 1114
1155 1115
1156 1116
1157 1117
1158 1119
1159 1120
1160 1121
1161 1124
1162 1125
1164 1126
1165 1127
1166 1129
1167 1130
1168 1132
1169 1134
1170 1135
1171 1136
1172 1137
1173 1140
1174 1141
1175 1142
1176 1143
1177 1145
1178 1146
1179 1148
1180 1150
1181 1151
1182 1152
1183 1153
1184 1156
1185 1157
1186 1158
1187 1159
1188 1161
1189 1163
1190 1164
1191 1165
1192 1167
1193 1168
1194 1170
1195 1171
1196 1173
1197 1174
1198 1175
1199 1177
1200 1179
1201 1180
1202 1181
1203 1182
1204 1185
1205 1186
1207 1187
1208 1188
1209 1191
1210 1192
1211 1193
1212 1194
1213 1196
1214 1198
1215 1199
1216 1200
1217 1202
1218 1204
1219 1205
1220 1206
1221 1208
1222 1210
1223 1211
1224 1212
1225 1214
1226 1215
1227 1217
1228 1218
1229 1220
1230 1221
1231 1223
1232 1224
1233 1226
1234 1227
1235 1229
1236 1230
1237 1231
1238 1233
1239 1235
1240 1236
1241 1237
1242 1240
1243 1241
1244 1242
1245 1243
1246 1246
1247 1247
1248 1248
1249 1249
1251 1250
1252 1253
1253 1254
1254 1255
1255 1257
1256 1259
1257 1260
1258 1261
1259 1263
1260 1264
1261 1266
1262 1268
1263 1269
1264 1270
1265 1271
1266 1274
1267 1275
1268 1276
1269 1277
1270 1280
1271 1281
1272 1282
1273 1284
1274 1285
1275 1287
1276 1289
1277 1290
1278 1291
1279 1292
1280 1295
1281 1296
1282 1297
1283 1299
1284 1300
1285 1302
1286 1304
1287 1305
1288 1306
1289 1307
1290 1310
1291 1311
1292 1312
1294 1314
1295 1315
1296 1317
1297 1319
1298 1320
1299 1321
1300 1322
1301 1325
1302 1326
1303 1328
1304 1329
1305 1330
1306 1333
1307 1334
1308 1335
1309 1336
1310 1338
1311 1339
1312 1342
1313 1343
1314 1344
1315 1345
1316 1347
1317 1349
1318 1350
1319 1352
1320 1353
1321 1354
1322 1356
1323 1358
1324 1359
1325 1361
1326 1362
1327 1363
1328 1366
1329 1367
1330 1369
1331 1370
1332 1371
1333 1372
1334 1375
1335 1376
1337 1378
1338 1379
1339 1380
1340 1382
1341 1384
1342 1385
1343 1387
1344 1388
1345 1389
1346 1391
1347 1393
1348 1395
1349 1396
1350 1397
1351 1399
1352 1400
1353 1401
1354 1404
1355 1405
1356 1406
1357 1408
1358 1409
1359 1410
1360 1413
1361 1414
1362 1416
1363 1417
1364 1418
1365 1420
1366 1421
1367 1424
1368 1425
1369 1426
1370 1428
1371 1429
1372 1430
1373 1433
1374 1434
1375 1436
1376 1437
1377 1438
1378 1440
1380 1441
1381 1444
1382 1445
1383 1446
1384 1448
1385 1449
1386 1450
1387 1452
1388 1454
1389 1456
1390 1457
1391 1458
1392 1460
1393 1461
1394 1463
1395 1464
1396 1467
1397 1468
1398 1469
1399 1471
1400 1472
1401 1473
1402 1475
1403 1476
1404 1479
1405 1480
1406 1482
1407 1483
1408 1484
1409 1486
1410 1487
1411 1488
1412 1491
1413 1493
1414 1494
1415 1495
1416 1497
1417 1498
1418 1499
1419 1501
1420 1504
1421 1505
1423 1506
1424 1508
1425 1509
1426 1510
1427 1512
1428 1513
1429 1515
1430 1517
1431 1519
1432 1520
1433 1521
1434 1523
1435 1524
1436 1526
1437 1527
1438 1528
1439 1530
1440 1533
1441 1534
1442 1535
1443 1537
1444 1538
1445 1540
1446 1541
1447 1542
1448 1544
1449 1545
1450 1548
1451 1549
1452 1551
1453 1552
1454 1554
1455 1555
1456 1556
1457 1558
1458 1559
1459 1561
1460 1564
1461 1565
1462 1566
1463 1568
1464 1569
1466 1571
1467 1572
1468 1573
1469 1575
1470 1576
1471 1578
1472 1579
1473 1582
1474 1583
1475 1585
1476 1586
1477 1588
1478 1589
1479 1591
1480 1592
1481 1593
1482 1595
1483 1596
1484 1598
1485 1599
1486 1602
1487 1603
1488 1605
1489 1606
1490 1608
1491 1609
1492 1611
1493 1612
1494 1613
1495 1615
1496 1616
1497 1618
1498 1619
1499 1621
1500 1622
1501 1625
1502 1626
1503 1628
1504 1629
1505 1631
1506 1632
1507 1634
1509 1635
1510 1637
1511 1638
1512 1640
1513 1641
1514 1642
1515 1644
1516 1645
1517 1647
1518 1648
1519 1650
1520 1653
1521 1654
1522 1656
1523 1657
1524 1659
1525 1660
1526 1661
1527 1663
1528 1664
1529 1666
1530 1667
1531 1669
1532 1670
1533 1672
1534 1673
1535 1675
1536 1676
1537 1678
1538 1679
1539 1681
1540 1682
1541 1684
1542 1685
1543 1688
1544 1690
1545 1691
1546 1693
1547 1694
1548 1695
1549 1697
1550 1698
1552 1700
1553 1701
1554 1703
1555 1704
1556 1706
1557 1707
1558 1709
1559 1710
1560 1712
1561 1713
1562 1715
1563 1716
1564 1718
1565 1719
1566 1721
1567 1722
1568 1724
1569 1725
1570 1727
1571 1728
1572 1730
1573 1731
1574 1733
1575 1734
1576 1736
1577 1737
1578 1739
1579 1740
1580 1742
1581 1744
1582 1745
1583 1747
1584 1748
1585 1750
1586 1751
1587 1753
1588 1754
1589 1756
1590 1757
1591 1759
1592 1760
1593 1762
1595 1763
1596 1765
1597 1766
1598 1768
1599 1769
1600 1771
1601 1772
1602 1774
1603 1775
1604 1777
1605 1779
1606 1780
1607 1782
1608 1783
1609 1785
1610 1786
1611 1788
1612 1789
1613 1791
1614 1792
1615 1794
1616 1795
1617 1797
1618 1799
1619 1800
1620 1802
1621 1803
1622 1805
1623 1806
1624 1808
1625 1809
1626 1811
1627 1812
1628 1814
1629 1816
1630 1817
1631 1819
1632 1820
1633 1822
1634 1823
1635 1825
1636 1826
1637 1828
1639 1830
1640 1831
1641 1833
1642 1834
1643 1836
1644 1837
1645 1839
1646 1841
1647 1842
1648 1844
1649 1845
1650 1847
1651 1847
1652 1848
1653 1850
1654 1851
1655 1853
1656 1855
1657 1856
1658 1858
1659 1859
1660 1861
1661 1863
1662 1864
1663 1866
1664 1867
1665 1869
1666 1870
1667 1872
1668 1874
1669 1875
1670 1877
1671 1878
1672 1880
1673 1881
1674 1883
1675 1883
1676 1885
1677 1886
1678 1888
1679 1889
1680 1891
1682 1893
1683 1894
1684 1896
1685 1897
1686 1899
1687 1901
1688 1902
1689 1904
1690 1905
1691 1907
1692 1909
1693 1909
1694 1910
1695 1912
1696 1913
1697 1915
1698 1917
1699 1918
1700 1920
1701 1921
1702 1923
1703 1925
1704 1926
1705 1928
1706 1929
1707 1931
1708 1931
1709 1933
1710 1934
1711 1936
1712 1938
1713 1939
1714 1941
1715 1942
1716 1944
1717 1946
1718 1947
1719 1949
1720 1950
1721 1950
1722 1952
1723 1954
1725 1955
1726 1957
1727 1959
1728 1960
1729 1962
1730 1963
1731 1965
1732 1967
1733 1968
1734 1968
1735 1970
1736 1972
1737 1973
1738 1975
1739 1977
1740 1978
1741 1980
1742 1981
1743 1983
1744 1985
1745 1985
1746 1986
1747 1988
1748 1990
1749 1991
1750 1993
1751 1995
1752 1996
1753 1998
1754 2000
1755 2000
1756 2001
1757 2003
1758 2004
1759 2006
1760 2008
1761 2009
1762 2011
1763 2013
1764 2013
1765 2014
1766 2016
1768 2018
1769 2019
1770 2021
1771 2023
1772 2024
1773 2026
1774 2026
1775 2028
1776 2029
1777 2031
1778 2033
1779 2034
1780 2036
1781 2038
1782 2039
1783 2039
1784 2041
1785 2043
1786 2044
1787 2046
1788 2048
1789 2049
1790 2051
1791 2051
1792 2053
1793 2054
1794 2056
1795 2058
1796 2059
1797 2061
1798 2063
1799 2063
1800 2064
1801 2066
1802 2068
1803 2069
1804 2071
1805 2073
1806 2073
1807 2074
1808 2076
1809 2078
1811 2079
1812 2081
1813 2083
1814 2083
1815 2085
1816 2086
1817 2088
1818 2090
1819 2091
1820 2093
1821 2093
1822 2095
1823 2096
1824 2098
1825 2100
1826 2101
1827 2103
1828 2103
1829 2105
1830 2107
1831 2108
1832 2110
1833 2112
1834 2113
1835 2113
1836 2115
1837 2117
1838 2118
1839 2120
1840 2122
1841 2122
1842 2124
1843 2125
1844 2127
1845 2129
1846 2130
1847 2130
1848 2132
1849 2134
1850 2136
1851 2137
1852 2139
1854 2141
1855 2141
1856 2142
1857 2144
1858 2146
1859 2148
1860 2148
1861 2149
1862 2151
1863 2153
1864 2154
1865 2156
1866 2156
1867 2158
1868 2160
1869 2161
1870 2163
1871 2165
1872 2165
1873 2167
1874 2168
1875 2170
1876 2172
1877 2173
1878 2173
1879 2175
1880 2177
1881 2179
1882 2180
1883 2180
1884 2182
1885 2184
1886 2186
1887 2187
1888 2187
1889 2189
1890 2191
1891 2193
1892 2194
1893 2196
1894 2196
1895 2198
1897 2200
1898 2201
1899 2203
1900 2203
1901 2205
1902 2207
1903 2208
1904 2210
1905 2210
1906 2212
1907 2213
1908 2215
1909 2217
1910 2217
1911 2219
1912 2221
1913 2222
1914 2224
1915 2224
1916 2226
1917 2228
1918 2229
1919 2231
1920 2231
1921 2233
1922 2235
1923 2236
1924 2238
1925 2238
1926 2240
1927 2242
1928 2243
1929 2243
1930 2245
1931 2247
1932 2249
1933 2250
1934 2250
1935 2252
1936 2254
1937 2256
1938 2258
1940 2258
1941 2259
1942 2261
1943 2263
1944 2263
1945 2265
1946 2266
1947 2268
1948 2270
1949 2270
1950 2272
1951 2273
1952 2275
1953 2275
1954 2277
1955 2279
1956 2281
1957 2282
1958 2282
1959 2284
1960 2286
1961 2288
1962 2288
1963 2290
1964 2291
1965 2293
1966 2293
1967 2295
1968 2297
1969 2298
1970 2298
1971 2300
1972 2302
1973 2304
1974 2306
1975 2306
1976 2307
1977 2309
1978 2311
1979 2311
1980 2313
1981 2315
1983 2316
1984 2316
1985 2318
1986 2320
1987 2322
1988 2322
1989 2324
1990 2325
1991 2327
1992 2327
1993 2329
1994 2331
1995 2333
1996 2333
1997 2334
1998 2336
1999 2338
2000 2338
2001 2340
2002 2342
2003 2343
2004 2343
2005 2345
2006 2347
2007 2349
2008 2349
2009 2351
2010 2352
2011 2352
2012 2354
2013 2356
2014 2358
2015 2358
2016 2360
2017 2362
2018 2363
2019 2363
2020 2365
2021 2367
2022 2369
2023 2369
2024 2371
2026 2372
2027 2372
2028 2374
2029 2376
2030 2378
2031 2378
2032 2380
2033 2382
2034 2383
2035 2383
2036 2385
2037 2387
2038 2387
2039 2389
2040 2391
2041 2393
2042 2393
2043 2394
2044 2396
2045 2396
2046 2398
2047 2400
2048 2402
2049 2402
2050 2404
2051 2405
2052 2407
2053 2407
2054 2409
2055 2411
2056 2411
2057 2413
2058 2415
2059 2415
2060 2416
2061 2418
2062 2420
2063 2420
2064 2422
2065 2424
2066 2424
2067 2426
2068 2428
2070 2429
2071 2429
2072 2431
2073 2433
2074 2433
2075 2435
2076 2437
2077 2437
2078 2439
2079 2441
2080 2442
2081 2442
2082 2444
2083 2446
2084 2446
2085 2448
2086 2450
2087 2450
2088 2452
2089 2454
2090 2455
2091 2455
2092 2457
2093 2459
2094 2459
2095 2461
2096 2463
2097 2463
2098 2465
2099 2467
2100 2467
2101 2468
2102 2470
2103 2470
2104 2472
2105 2474
2106 2476
2107 2476
2108 2478
2109 2480
2110 2480
2111 2481
2113 2483
2114 2483
2115 2485
2116 2487
2117 2487
2118 2489
2119 2491
2120 2491
2121 2493
2122 2495
2123 2495
2124 2496
2125 2498
2126 2498
2127 2500
2128 2502
2129 2502
2130 2504
2131 2506
2132 2506
2133 2508
2134 2510
2135 2510
2136 2512
2137 2513
2138 2513
2139 2515
2140 2517
2141 2517
2142 2519
2143 2521
2144 2521
2145 2523
2146 2525
2147 2525
2148 2527
2149 2529
2150 2529
2151 2530
2152 2532
2153 2532
2154 2534
2156 2536
2157 2536
2158 2538
2159 2540
2160 2540
2161 2542
2162 2544
2163 2544
2164 2546
2165 2547
2166 2547
2167 2549
2168 2549
2169 2551
2170 2553
2171 2553
2172 2555
2173 2557
2174 2557
2175 2559
2176 2561
2177 2561
2178 2563
2179 2565
2180 2565
2181 2567
2182 2567
2183 2568
2184 2570
2185 2570
2186 2572
2187 2574
2188 2574
2189 2576
2190 2578
2191 2578
2192 2580
2193 2582
2194 2582
2195 2584
2196 2584
2197 2586
2199 2588
2200 2588
2201 2589
2202 2591
2203 2591
2204 2593
2205 2593
2206 2595
2207 2597
2208 2597
2209 2599
2210 2601
2211 2601
2212 2603
2213 2603
2214 2605
2215 2607
2216 2607
2217 2609
2218 2611
2219 2611
2220 2613
2221 2613
2222 2614
2223 2616
2224 2616
2225 2618
2226 2620
2227 2620
2228 2622
2229 2622
2230 2624
2231 2626
2232 2626
2233 2628
2234 2628
2235 2630
2236 2632
2237 2632
2238 2634
2239 2636
2240 2636
2242 2638
2243 2638
2244 2640
2245 2642
2246 2642
2247 2644
2248 2644
2249 2645
2250 2647
2251 2647
2252 2649
2253 2649
2254 2651
2255 2653
2256 2653
2257 2655
2258 2655
2259 2657
2260 2659
2261 2659
2262 2661
2263 2661
2264 2663
2265 2665
2266 2665
2267 2667
2268 2667
2269 2669
2270 2671
2271 2671
2272 2673
2273 2673
2274 2675
2275 2677
2276 2677
2277 2679
2278 2679
2279 2681
2280 2682
2281 2682
2282 2684
2283 2684
2285 2686
2286 2688
2287 2688
2288 2690
2289 2690
2290 2692
2291 2692
2292 2694
2293 2696
2294 2696
2295 2698
2296 2698
2297 2700
2298 2702
2299 2702
2300 2704
2301 2704
2302 2706
2303 2706
2304 2708
2305 2710
2306 2710
2307 2712
2308 2712
2309 2714
2310 2714
2311 2716
2312 2718
2313 2718
2314 2720
2315 2720
2316 2722
2317 2722
2318 2724
2319 2726
2320 2726
2321 2728
2322 2728
2323 2730
2324 2730
2325 2732
2326 2734
2328 2734
2329 2736
2330 2736
2331 2738
2332 2738
2333 2740
2334 2742
2335 2742
2336 2744
2337 2744
2338 2746
2339 2746
2340 2748
2341 2750
2342 2750
2343 2752
2344 2752
2345 2753
2346 2753
2347 2755
2348 2755
2349 2757
2350 2759
2351 2759
2352 2761
2353 2761
2354 2763
2355 2763
2356 2765
2357 2765
2358 2767
2359 2769
2360 2769
2361 2771
2362 2771
2363 2773
2364 2773
2365 2775
2366 2775
2367 2777
2368 2777
2369 2779
2371 2781
2372 2781
2373 2783
2374 2783
2375 2785
2376 2785
2377 2787
2378 2787
2379 2789
2380 2791
2381 2791
2382 2793
2383 2793
2384 2795
2385 2795
2386 2797
2387 2797
2388 2799
2389 2799
2390 2801
2391 2801
2392 2803
2393 2805
2394 2805
2395 2807
2396 2807
2397 2809
2398 2809
2399 2811
2400 2811
2401 2813
2402 2813
2403 2815
2404 2815
2405 2817
2406 2817
2407 2820
2408 2822
2409 2822
2410 2824
2411 2824
2412 2826
2414 2826
2415 2828
2416 2828
2417 2830
2418 2830
2419 2832
2420 2832
2421 2834
2422 2834
2423 2836
2424 2836
2425 2838
2426 2838
2427 2840
2428 2842
2429 2842
2430 2844
2431 2844
2432 2846
2433 2846
2434 2848
2435 2848
2436 2850
2437 2850
2438 2852
2439 2852
2440 2854
2441 2854
2442 2856
2443 2856
2444 2858
2445 2858
2446 2860
2447 2860
2448 2862
2449 2862
2450 2864
2451 2864
2452 2866
2453 2866
2454 2868
2455 2868
2457 2870
2458 2870
2459 2872
2460 2874
2461 2874
2462 2876
2463 2876
2464 2878
2465 2878
2466 2880
2467 2880
2468 2882
2469 2882
2470 2884
2471 2884
2472 2886
2473 2886
2474 2888
2475 2888
2476 2891
2477 2891
2478 2893
2479 2893
2480 2895
2481 2895
2482 2897
2483 2897
2484 2899
2485 2899
2486 2901
2487 2901
2488 2903
2489 2903
2490 2905
2491 2905
2492 2907
2493 2907
2494 2909
2495 2909
2496 2911
2497 2911
2498 2913
2499 2913
2501 2915
2502 2915
2503 2917
2504 2917
2505 2917
2506 2919
2507 2919
2508 2921
2509 2921
2510 2923
2511 2923
2512 2925
2513 2925
2514 2927
2515 2927
2516 2929
2517 2929
2518 2932
2519 2932
2520 2934
2521 2934
2522 2936
2523 2936
2524 2938
2525 2938
2526 2940
2527 2940
2528 2942
2529 2942
2530 2944
2531 2944
2532 2946
2533 2946
2534 2948
2535 2948
2536 2950
2537 2950
2538 2950
2539 2952
2540 2952
2541 2954
2542 2954
2544 2956
2545 2956
2546 2958
2547 2958
2548 2960
2549 2960
2550 2963
2551 2963
2552 2965
2553 2965
2554 2967
2555 2967
2556 2969
2557 2969
2558 2969
2559 2971
2560 2971
2561 2973
2562 2973
2563 2975
2564 2975
2565 2977
2566 2977
2567 2979
2568 2979
2569 2981
2570 2981
2571 2983
2572 2983
2573 2983
2574 2985
2575 2985
2576 2987
2577 2987
2578 2990
2579 2990
2580 2992
2581 2992
2582 2994
2583 2994
2584 2996
2585 2996
2587 2998
2588 2998
2589 2998
2590 3000
2591 3000
2592 3002
2593 3002
2594 3004
2595 3004
2596 3006
2597 3006
2598 3008
2599 3008
2600 3008
2601 3010
2602 3010
2603 3012
2604 3012
2605 3015
2606 3015
2607 3017
2608 3017
2609 3019
2610 3019
2611 3019
2612 3021
2613 3021
2614 3023
2615 3023
2616 3025
2617 3025
2618 3027
2619 3027
2620 3029
2621 3029
2622 3029
2623 3031
2624 3031
2625 3033
2626 3033
2627 3036
2628 3036
2630 3038
2631 3038
2632 3038
2633 3040
2634 3040
2635 3042
2636 3042
2637 3044
2638 3044
2639 3046
2640 3046
2641 3046
2642 3048
2643 3048
2644 3050
2645 3050
2646 3052
2647 3052
2648 3054
2649 3054
2650 3054
2651 3057
2652 3057
2653 3059
2654 3059
2655 3061
2656 3061
2657 3061
2658 3063
2659 3063
2660 3065
2661 3065
2662 3067
2663 3067
2664 3069
2665 3069
2666 3069
2667 3071
2668 3071
2669 3073
2670 3073
2671 3076
2673 3076
2674 3076
2675 3078
2676 3078
2677 3080
2678 3080
2679 3082
2680 3082
2681 3082
2682 3084
2683 3084
2684 3086
2685 3086
2686 3088
2687 3088
2688 3088
2689 3090
2690 3090
2691 3093
2692 3093
2693 3095
2694 3095
2695 3095
2696 3097
2697 3097
2698 3099
2699 3099
2700 3101
2701 3101
2702 3101
2703 3103
2704 3103
2705 3105
2706 3105
2707 3107
2708 3107
2709 3107
2710 3110
2711 3110
2712 3112
2713 3112
2714 3114
2716 3114
2717 3114
2718 3116
2719 3116
2720 3118
2721 3118
2722 3118
2723 3120
2724 3120
2725 3122
2726 3122
2727 3124
2728 3124
2729 3124
2730 3127
2731 3127
2732 3129
2733 3129
2734 3129
2735 3131
2736 3131
2737 3133
2738 3133
2739 3135
2740 3135
2741 3135
2742 3137
2743 3137
2744 3139
2745 3139
2746 3139
2747 3142
2748 3142
2749 3144
2750 3144
2751 3144
2752 3146
2753 3146
2754 3148
2755 3148
2756 3150
2757 3150
2759 3150
2760 3152
2761 3152
2762 3154
2763 3154
2764 3154
2765 3157
2766 3157
2767 3159
2768 3159
2769 3159
2770 3161
2771 3161
2772 3163
2773 3163
2774 3163
2775 3165
2776 3165
2777 3167
2778 3167
2779 3169
2780 3169
2781 3169
2782 3172
2783 3172
2784 3174
2785 3174
2786 3174
2787 3176
2788 3176
2789 3178
2790 3178
2791 3178
2792 3180
2793 3180
2794 3182
2795 3182
2796 3182
2797 3185
2798 3185
2799 3187
2800 3187
2802 3187
2803 3189
2804 3189
2805 3191
2806 3191
2807 3191
2808 3193
2809 3193
2810 3195
2811 3195
2812 3195
2813 3197
2814 3197
2815 3200
2816 3200
2817 3200
2818 3202
2819 3202
2820 3204
2821 3204
2822 3204
2823 3206
2824 3206
2825 3208
2826 3208
2827 3208
2828 3210
2829 3210
2830 3210
2831 3213
2832 3213
2833 3215
2834 3215
2835 3215
2836 3217
2837 3217
2838 3219
2839 3219
2840 3219
2841 3221
2842 3221
2843 3223
2845 3223
2846 3223
2847 3226
2848 3226
2849 3228
2850 3228
2851 3228
2852 3230
2853 3230
2854 3230
2855 3232
2856 3232
2857 3234
2858 3234
2859 3234
2860 3237
2861 3237
2862 3239
2863 3239
2864 3239
2865 3241
2866 3241
2867 3243
2868 3243
2869 3243
2870 3245
2871 3245
2872 3245
2873 3247
2874 3247
2875 3250
2876 3250
2877 3250
2878 3252
2879 3252
2880 3254
2881 3254
2882 3254
2883 3256
2884 3256
2885 3256
2886 3258
2887 3258
2889 3261
2890 3261
2891 3261
2892 3263
2893 3263
2894 3265
2895 3265
2896 3265
2897 3267
2898 3267
2899 3267
2900 3269
2901 3269
2902 3271
2903 3271
2904 3271
2905 3274
2906 3274
2907 3274
2908 3276
2909 3276
2910 3278
2911 3278
2912 3278
2913 3280
2914 3280
2915 3282
2916 3282
2917 3282
2918 3285
2919 3285
2920 3285
2921 3287
2922 3287
2923 3289
2924 3289
2925 3289
2926 3291
2927 3291
2928 3291
2929 3293
2930 3293
2932 3296
2933 3296
2934 3296
2935 3298
2936 3298
2937 3298
2938 3300
2939 3300
2940 3302
2941 3302
2942 3302
2943 3304
2944 3304
2945 3304
2946 3307
2947 3307
2948 3309
2949 3309
2950 3309
2951 3311
2952 3311
2953 3311
2954 3313
2955 3313
2956 3315
2957 3315
2958 3315
2959 3318
2960 3318
2961 3318
2962 3320
2963 3320
2964 3322
2965 3322
2966 3322
2967 3324
2968 3324
2969 3324
2970 3326
2971 3326
2972 3329
2973 3329
2975 3329
2976 3331
2977 3331
2978 3331
2979 3333
2980 3333
2981 3333
2982 3335
2983 3335
2984 3338
2985 3338
2986 3338
2987 3340
2988 3340
2989 3340
2990 3342
2991 3342
2992 3344
2993 3344
2994 3344
2995 3346
2996 3346
2997 3346
2998 3349
2999 3349
3000 3351
3001 3351
3002 3351
3003 3353
3004 3353
3005 3353
3006 3355
3007 3355
3008 3355
3009 3358
3010 3358
3011 3360
3012 3360
3013 3360
3014 3362
3015 3362
3016 3362
3018 3364
3019 3364
3020 3366
3021 3366
3022 3366
3023 3369
3024 3369
3025 3369
3026 3371
3027 3371
3028 3371
3029 3373
3030 3373
3031 3375
3032 3375
3033 3375
3034 3378
3035 3378
3036 3378
3037 3380
3038 3380
3039 3380
3040 3382
3041 3382
3042 3384
3043 3384
3044 3384
3045 3386
3046 3386
3047 3386
3048 3389
3049 3389
3050 3391
3051 3391
3052 3391
3053 3393
3054 3393
3055 3393
3056 3395
3057 3395
3058 3395
3059 3398
3061 3398
3062 3400
3063 3400
3064 3400
3065 3402
3066 3402
3067 3402
3068 3404
3069 3404
3070 3404
3071 3407
3072 3407
3073 3409
3074 3409
3075 3409
3076 3411
3077 3411
3078 3411
3079 3413
3080 3413
3081 3413
3082 3416
3083 3416
3084 3418
3085 3418
3086 3418
3087 3420
3088 3420
3089 3420
3090 3422
3091 3422
3092 3422
3093 3425
3094 3425
3095 3427
3096 3427
3097 3427
3098 3429
3099 3429
3100 3429
3101 3431
3102 3431
3104 3431
3105 3434
3106 3434
3107 3436
3108 3436
3109 3436
3110 3438
3111 3438
3112 3438
3113 3440
3114 3440
3115 3440
3116 3443
3117 3443
3118 3443
3119 3445
3120 3445
3121 3447
3122 3447
3123 3447
3124 3449
3125 3449
3126 3449
3127 3452
3128 3452
3129 3452
3130 3454
3131 3454
3132 3456
3133 3456
3134 3456
3135 3458
3136 3458
3137 3458
3138 3461
3139 3461
3140 3461
3141 3463
3142 3463
3143 3465
3144 3465
3145 3465
3147 3467
3148 3467
3149 3467
3150 3470
3151 3470
3152 3470
3153 3472
3154 3472
3155 3474
3156 3474
3157 3474
3158 3476
3159 3476
3160 3476
3161 3479
3162 3479
3163 3479
3164 3481
3165 3481
3166 3483
3167 3483
3168 3483
3169 3486
3170 3486
3171 3486
3172 3488
3173 3488
3174 3488
3175 3490
3176 3490
3177 3492
3178 3492
3179 3492
3180 3495
3181 3495
3182 3495
3183 3497
3184 3497
3185 3497
3186 3499
3187 3499
3188 3501
3190 3501
3191 3501
3192 3504
3193 3504
3194 3504
3195 3506
3196 3506
3197 3506
3198 3508
3199 3508
3200 3511
3201 3511
3202 3511
3203 3513
3204 3513
3205 3513
3206 3515
3207 3515
3208 3515
3209 3517
3210 3517
3211 3520
3212 3520
3213 3520
3214 3522
3215 3522
3216 3522
3217 3524
3218 3524
3219 3524
3220 3527
3221 3527
3222 3529
3223 3529
3224 3529
3225 3531
3226 3531
3227 3531
3228 3533
3229 3533
3230 3533
3231 3536
3233 3536
3234 3538
3235 3538
3236 3538
3237 3540
3238 3540
3239 3540
3240 3543
3241 3543
3242 3543
3243 3545
3244 3545
3245 3547
3246 3547
3247 3547
3248 3549
3249 3549
3250 3549
3251 3552
3252 3552
3253 3552
3254 3554
3255 3554
3256 3556
3257 3556
3258 3556
3259 3559
3260 3559
3261 3559
3262 3561
3263 3561
3264 3563
3265 3563
3266 3563
3267 3565
3268 3565
3269 3565
3270 3568
3271 3568
3272 3568
3273 3570
3274 3570
3276 3572
3277 3572
3278 3572
3279 3575
3280 3575
3281 3575
3282 3577
3283 3577
3284 3579
3285 3579
3286 3579
3287 3582
3288 3582
3289 3582
3290 3584
3291 3584
3292 3584
3293 3586
3294 3586
3295 3588
3296 3588
3297 3588
3298 3591
3299 3591
3300 3591
3301 3593
3302 3593
3303 3595
3304 3595
3305 3595
3306 3598
3307 3598
3308 3598
3309 3600
3310 3600
3311 3602
3312 3602
3313 3602
3314 3605
3315 3605
3316 3605
3317 3607
3318 3607
3320 3607
3321 3609
3322 3609
3323 3612
3324 3612
3325 3612
3326 3614
3327 3614
3328 3614
3329 3616
3330 3616
3331 3619
3332 3619
3333 3619
3334 3621
3335 3621
3336 3621
3337 3623
3338 3623
3339 3625
3340 3625
3341 3625
3342 3628
3343 3628
3344 3628
3345 3630
3346 3630
3347 3632
3348 3632
3349 3632
3350 3635
3351 3635
3352 3635
3353 3637
3354 3637
3355 3639
3356 3639
3357 3639
3358 3642
3359 3642
3360 3644
3361 3644
3363 3644
3364 3646
3365 3646
3366 3646
3367 3649
3368 3649
3369 3651
3370 3651
3371 3651
3372 3653
3373 3653
3374 3653
3375 3656
3376 3656
3377 3658
3378 3658
3379 3658
3380 3660
3381 3660
3382 3660
3383 3663
3384 3663
3385 3665
3386 3665
3387 3665
3388 3667
3389 3667
3390 3670
3391 3670
3392 3670
3393 3672
3394 3672
3395 3672
3396 3674
3397 3674
3398 3677
3399 3677
3400 3677
3401 3679
3402 3679
3403 3681
3404 3681
3406 3681
3407 3684
3408 3684
3409 3684
3410 3686
3411 3686
3412 3688
3413 3688
3414 3688
3415 3691
3416 3691
3417 3693
3418 3693
3419 3693
3420 3695
3421 3695
3422 3695
3423 3698
3424 3698
3425 3700
3426 3700
3427 3700
3428 3702
3429 3702
3430 3705
3431 3705
3432 3705
3433 3707
3434 3707
3435 3709
3436 3709
3437 3709
3438 3712
3439 3712
3440 3712
3441 3714
3442 3714
3443 3717
3444 3717
3445 3717
3446 3719
3447 3719
3449 3721
3450 3721
3451 3721
3452 3724
3453 3724
3454 3726
3455 3726
3456 3726
3457 3728
3458 3728
3459 3731
3460 3731
3461 3731
3462 3733
3463 3733
3464 3735
3465 3735
3466 3735
3467 3738
3468 3738
3469 3740
3470 3740
3471 3740
3472 3742
3473 3742
3474 3745
3475 3745
3476 3745
3477 3747
3478 3747
3479 3750
3480 3750
3481 3750
3482 3752
3483 3752
3484 3754
3485 3754
3486 3754
3487 3757
3488 3757
3489 3759
3490 3759
3492 3759
3493 3761
3494 3761
3495 3764
3496 3764
3497 3764
3498 3766
3499 3766
3500 3768
3501 3768
3502 3768
3503 3771
3504 3771
3505 3773
3506 3773
3507 3773
3508 3776
3509 3776
3510 3778
3511 3778
3512 3778
3513 3780
3514 3780
3515 3783
3516 3783
3517 3783
3518 3785
3519 3785
3520 3787
3521 3787
3522 3790
3523 3790
3524 3790
3525 3792
3526 3792
3527 3795
3528 3795
3529 3795
3530 3797
3531 3797
3532 3799
3533 3799
3535 3799
3536 3802
3537 3802
3538 3804
3539 3804
3540 3806
3541 3806
3542 3806
3543 3809
3544 3809
3545 3811
3546 3811
3547 3811
3548 3814
3549 3814
3550 3816
3551 3816
3552 3816
3553 3818
3554 3818
3555 3821
3556 3821
3557 3823
3558 3823
3559 3823
3560 3826
3561 3826
3562 3828
3563 3828
3564 3830
3565 3830
3566 3830
3567 3833
3568 3833
3569 3835
3570 3835
3571 3835
3572 3838
3573 3838
3574 3840
3575 3840
3576 3842
3578 3842
3579 3842
3580 3845
3581 3845
3582 3847
3583 3847
3584 3849
3585 3849
3586 3849
3587 3852
3588 3852
3589 3854
3590 3854
3591 3857
3592 3857
3593 3857
3594 3859
3595 3859
3596 3861
3597 3861
3598 3864
3599 3864
3600 3864
3601 3866
3602 3866
3603 3869
3604 3869
3605 3871
3606 3871
3607 3871
3608 3873
3609 3873
3610 3876
3611 3876
3612 3878
3613 3878
3614 3878
3615 3881
3616 3881
3617 3883
3618 3883
3619 3886
3621 3886
3622 3886
3623 3888
3624 3888
3625 3890
3626 3890
3627 3893
3628 3893
3629 3895
3630 3895
3631 3895
3632 3898
3633 3898
3634 3900
3635 3900
3636 3902
3637 3902
3638 3905
3639 3905
3640 3905
3641 3907
3642 3907
3643 3910
3644 3910
3645 3912
3646 3912
3647 3912
3648 3915
3649 3915
3650 3917
3651 3917
3652 3919
3653 3919
3654 3922
3655 3922
3656 3924
3657 3924
3658 3924
3659 3927
3660 3927
3661 3929
3662 3929
3664 3931
3665 3931
3666 3934
3667 3934
3668 3934
3669 3936
3670 3936
3671 3939
3672 3939
3673 3941
3674 3941
3675 3944
3676 3944
3677 3946
3678 3946
3679 3946
3680 3948
3681 3948
3682 3951
3683 3951
3684 3953
3685 3953
3686 3956
3687 3956
3688 3958
3689 3958
3690 3958
3691 3961
3692 3961
3693 3963
3694 3963
3695 3965
3696 3965
3697 3968
3698 3968
3699 3970
3700 3970
3701 3973
3702 3973
3703 3973
3704 3975
3705 3975
3706 3978
3708 3978
3709 3980
3710 3980
3711 3983
3712 3983
3713 3985
3714 3985
3715 3987
3716 3987
3717 3990
3718 3990
3719 3990
3720 3992
3721 3992
3722 3995
3723 3995
3724 3997
3725 3997
3726 4000
3727 4000
3728 4002
3729 4002
3730 4005
3731 4005
3732 4007
3733 4007
3734 4009
3735 4009
3736 4009
3737 4012
3738 4012
3739 4014
3740 4014
3741 4017
3742 4017
3743 4019
3744 4019
3745 4022
3746 4022
3747 4024
3748 4024
3749 4027
3751 4027
3752 4029
3753 4029
3754 4032
3755 4032
3756 4034
3757 4034
3758 4036
3759 4036
3760 4036
3761 4039
3762 4039
3763 4041
3764 4041
3765 4044
3766 4044
3767 4046
3768 4046
3769 4049
3770 4049
3771 4051
3772 4051
3773 4054
3774 4054
3775 4056
3776 4056
3777 4059
3778 4059
3779 4061
3780 4061
3781 4064
3782 4064
3783 4066
3784 4066
3785 4069
3786 4069
3787 4071
3788 4071
3789 4073
3790 4073
3791 4076
3792 4076
3794 4078
3795 4078
3796 4081
3797 4081
3798 4083
3799 4083
3800 4086
3801 4086
3802 4088
3803 4088
3804 4091
3805 4091
3806 4093
3807 4093
3808 4096
3809 4096
3810 4098
3811 4098
3812 4101
3813 4101
3814 4103
3815 4103
3816 4106
3817 4106
3818 4108
3819 4108
3820 4111
3821 4111
3822 4113
3823 4113
3824 4116
3825 4116
3826 4118
3827 4118
3828 4121
3829 4121
3830 4123
3831 4123
3832 4126
3833 4126
3834 4128
3835 4128
3837 4131
3838 4131
3839 4133
3840 4133
3841 4136
3842 4136
3843 4138
3844 4141
3845 4141
3846 4143
3847 4143
3848 4146
3849 4146
3850 4148
3851 4148
3852 4151
3853 4151
3854 4153
3855 4153
3856 4156
3857 4156
3858 4158
3859 4158
3860 4161
3861 4161
3862 4163
3863 4163
3864 4166
3865 4166
3866 4168
3867 4171
3868 4171
3869 4173
3870 4173
3871 4176
3872 4176
3873 4178
3874 4178
3875 4181
3876 4181
3877 4183
3878 4183
3880 4186
3881 4186
3882 4188
3883 4188
3884 4191
3885 4193
3886 4193
3887 4196
3888 4196
3889 4198
3890 4198
3891 4201
3892 4201
3893 4203
3894 4203
3895 4206
3896 4206
3897 4208
3898 4211
3899 4211
3900 4213
3901 4213
3902 4216
3903 4216
3904 4218
3905 4218
3906 4221
3907 4221
3908 4223
3909 4226
3910 4226
3911 4228
3912 4228
3913 4231
3914 4231
3915 4233
3916 4233
3917 4236
3918 4236
3919 4238
3920 4241
3921 4241
3923 4243
3924 4243
3925 4246
3926 4246
3927 4249
3928 4249
3929 4251
3930 4254
3931 4254
3932 4256
3933 4256
3934 4259
3935 4259
3936 4261
3937 4261
3938 4264
3939 4266
3940 4266
3941 4269
3942 4269
3943 4271
3944 4271
3945 4274
3946 4276
3947 4276
3948 4279
3949 4279
3950 4282
3951 4282
3952 4284
3953 4284
3954 4287
3955 4289
3956 4289
3957 4292
3958 4292
3959 4294
3960 4294
3961 4297
3962 4299
3963 4299
3964 4302
3966 4302
3967 4304
3968 4304
3969 4307
3970 4310
3971 4310
3972 4312
3973 4312
3974 4315
3975 4315
3976 4317
3977 4320
3978 4320
3979 4322
3980 4322
3981 4325
3982 4327
3983 4327
3984 4330
3985 4330
3986 4332
3987 4332
3988 4335
3989 4338
3990 4338
3991 4340
3992 4340
3993 4343
3994 4345
3995 4345
3996 4348
3997 4348
3998 4350
3999 4350
4000 4353
4001 4356
4002 4356
4003 4358
4004 4358
4005 4361
4006 4363
4007 4363
4009 4366
4010 4366
4011 4368
4012 4371
