81 369
82 368
83 368
84 368
85 368
87 367
88 367
89 367
90 367
91 366
92 366
93 366
94 366
95 366
96 365
97 365
98 365
99 365
100 364
101 364
102 364
103 364
104 364
105 363
106 363
107 363
108 363
109 363
110 362
111 362
112 362
113 362
114 362
115 362
116 361
117 361
118 361
119 361
120 361
121 360
122 360
123 360
124 360
125 360
126 360
127 359
128 359
130 359
131 359
132 359
133 359
134 359
135 358
136 358
137 358
138 358
139 358
140 358
141 358
142 357
143 357
144 357
145 357
146 357
147 357
148 357
149 357
150 356
151 356
152 356
153 356
154 356
155 356
156 356
157 356
158 356
159 356
160 355
161 355
162 355
163 355
164 355
165 355
166 355
167 355
168 355
169 355
170 355
171 355
173 354
174 354
175 354
176 354
177 354
178 354
179 354
180 354
181 354
182 354
183 354
184 354
185 354
186 354
187 354
188 354
189 354
190 354
191 354
192 353
193 353
194 353
195 353
196 353
197 353
198 353
199 353
200 353
201 353
202 353
203 353
204 353
205 353
206 353
207 353
208 353
209 353
210 353
211 353
212 353
213 353
214 353
216 353
217 353
218 353
219 353
220 353
221 353
222 353
223 353
224 353
225 353
226 353
227 353
228 354
229 354
230 354
231 354
232 354
233 354
234 354
235 354
236 354
237 354
238 354
239 354
240 354
241 354
242 354
243 354
244 354
245 354
246 354
247 355
248 355
249 355
250 355
251 355
252 355
253 355
254 355
255 355
256 355
257 355
259 355
260 356
261 356
262 356
263 356
264 356
265 356
266 356
267 356
268 356
269 357
270 357
271 357
272 357
273 357
274 357
275 357
276 357
277 358
278 358
279 358
280 358
281 358
282 358
283 358
284 358
285 359
286 359
287 359
288 359
289 359
290 359
291 359
292 360
293 360
294 360
295 360
296 360
297 360
298 361
299 361
300 361
302 361
303 361
304 362
305 362
306 362
307 362
308 362
309 362
310 363
311 363
312 363
313 363
314 363
315 364
316 364
317 364
318 364
319 364
320 365
321 365
322 365
323 365
324 366
325 366
326 366
327 366
328 366
329 367
330 367
331 367
332 367
333 367
334 368
335 368
336 368
337 368
338 369
339 369
340 369
341 369
342 370
343 370
345 370
346 370
347 371
348 371
349 371
350 371
351 372
352 372
353 372
354 373
355 373
356 373
357 373
358 374
359 374
360 374
361 374
362 375
363 375
364 375
365 376
366 376
367 376
368 377
369 377
370 377
371 378
372 378
373 378
374 378
375 379
376 379
377 379
378 380
379 380
380 380
381 381
382 381
383 381
384 382
385 382
386 382
388 383
389 383
390 383
391 384
392 384
393 384
394 385
395 385
396 385
397 386
398 386
399 386
400 387
401 387
402 387
403 388
404 388
405 388
406 389
407 389
408 390
409 390
410 390
411 391
412 391
413 391
414 392
415 392
416 393
417 393
418 393
419 394
420 394
421 395
422 395
423 395
424 396
425 396
426 396
427 397
428 397
429 398
430 398
432 399
433 399
434 399
435 400
436 400
437 401
438 401
439 401
440 402
441 402
442 403
443 403
444 404
445 404
446 405
447 405
448 405
449 406
450 406
451 407
452 407
453 408
454 408
455 408
456 409
457 409
458 410
459 410
460 411
461 411
462 412
463 412
464 413
465 413
466 414
467 414
468 414
469 415
470 415
471 416
472 416
473 417
475 417
476 418
477 418
478 419
479 419
480 420
481 420
482 421
483 421
484 422
485 422
486 423
487 423
488 424
489 424
490 425
491 425
492 426
493 426
494 427
495 428
496 428
497 429
498 429
499 430
500 430
501 431
502 431
503 432
504 432
505 433
506 433
507 434
508 434
509 435
510 435
511 436
512 437
513 437
514 438
515 438
516 439
518 439
519 440
520 440
521 441
522 442
523 442
524 443
525 443
526 444
527 444
528 445
529 446
530 446
531 447
532 447
533 448
534 448
535 449
536 450
537 450
538 451
539 451
540 452
541 453
542 453
543 454
544 454
545 455
546 456
547 456
548 457
549 458
550 458
551 459
552 459
553 460
554 460
555 461
556 462
557 462
558 463
559 463
561 464
562 465
563 465
564 466
565 467
566 467
567 468
568 469
569 469
570 470
571 471
572 471
573 472
574 472
575 473
576 474
577 474
578 475
579 476
580 476
581 477
582 478
583 478
584 479
585 479
586 480
587 481
588 482
589 482
590 483
591 484
592 484
593 485
594 486
595 486
596 487
597 488
598 489
599 489
600 490
601 490
602 491
604 492
605 493
606 493
607 494
608 495
609 495
610 496
611 497
612 497
613 498
614 499
615 500
616 500
617 501
618 502
619 503
620 503
621 504
622 505
623 505
624 506
625 507
626 508
627 508
628 509
629 510
630 510
631 511
632 512
633 513
634 513
635 514
636 515
637 516
638 516
639 517
640 518
641 519
642 519
643 520
644 521
645 522
647 523
648 523
649 524
650 525
651 526
652 526
653 527
654 528
655 529
656 529
657 530
658 531
659 532
660 533
661 533
662 534
663 535
664 536
665 536
666 537
667 538
668 539
669 539
670 540
671 541
672 542
673 542
674 543
675 544
676 545
677 546
678 547
679 548
680 548
681 549
682 550
683 551
684 551
685 552
686 553
687 554
688 555
690 556
691 556
692 557
693 558
694 559
695 559
696 560
697 562
698 562
699 563
700 564
701 565
702 565
703 567
704 567
705 568
706 569
707 570
708 570
709 572
710 572
711 573
712 574
713 575
714 575
715 577
716 577
717 578
718 579
719 580
720 581
721 582
722 582
723 583
724 584
725 585
726 586
727 587
728 587
729 589
730 589
731 590
733 591
734 592
735 593
736 594
737 594
738 596
739 596
740 597
741 598
742 599
743 600
744 601
745 602
746 603
747 603
748 605
749 605
750 606
751 607
752 608
753 609
754 610
755 611
756 612
757 612
758 614
759 614
760 615
761 616
762 617
763 618
764 619
765 620
766 621
767 622
768 623
769 624
770 625
771 625
772 627
773 627
774 629
776 629
777 630
778 631
779 632
780 633
781 634
782 635
783 636
784 637
785 638
786 639
787 640
788 641
789 641
790 643
791 643
792 644
793 645
794 646
795 647
796 648
797 649
798 650
799 651
800 652
801 653
802 654
803 655
804 656
805 657
806 658
807 659
808 659
809 661
810 661
811 663
812 663
813 665
814 665
815 667
816 667
817 669
818 670
820 671
821 672
822 673
823 674
824 674
825 676
826 676
827 678
828 678
829 680
830 680
831 682
832 682
833 684
834 684
835 686
836 687
837 687
838 689
839 689
840 691
841 691
842 693
843 694
844 695
845 696
846 697
847 698
848 698
849 700
850 701
851 702
852 703
853 704
854 705
855 706
856 707
857 708
858 709
859 710
860 711
861 712
863 713
864 714
865 716
866 716
867 717
868 718
869 719
870 721
871 721
872 723
873 723
874 724
875 726
876 726
877 728
878 729
879 730
880 731
881 732
882 733
883 734
884 735
885 736
886 737
887 738
888 740
889 740
890 741
891 743
892 743
893 745
894 746
895 747
896 748
897 749
898 750
899 751
900 752
901 753
902 755
903 755
904 756
906 758
907 759
908 760
909 761
910 762
911 763
912 764
913 765
914 766
915 768
916 768
917 769
918 771
919 772
920 773
921 774
922 775
923 776
924 777
925 779
926 779
927 781
928 782
929 782
930 784
931 785
932 786
933 787
934 788
935 790
936 790
937 792
938 793
939 794
940 795
941 796
942 798
943 798
944 799
945 801
946 802
947 803
949 804
950 805
951 806
952 807
953 809
954 810
955 810
956 812
957 813
958 814
959 815
960 816
961 818
962 819
963 820
964 821
965 822
966 823
967 824
968 825
969 827
970 828
971 829
972 830
973 831
974 832
975 833
976 835
977 836
978 837
979 838
980 839
981 841
982 842
983 842
984 844
985 845
986 846
987 848
988 848
989 850
990 851
992 852
993 853
994 854
995 855
996 857
997 858
998 859
999 860
1000 861
1001 863
1002 864
1003 865
1004 866
1005 867
1006 868
1007 870
1008 871
1009 872
1010 873
1011 874
1012 876
1013 877
1014 877
1015 879
1016 880
1017 881
1018 883
1019 884
1020 885
1021 886
1022 887
1023 889
1024 890
1025 891
1026 892
1027 893
1028 894
1029 896
1030 897
1031 898
1032 899
1033 900
1035 902
1036 903
1037 904
1038 906
1039 906
1040 907
1041 909
1042 910
1043 911
1044 913
1045 914
1046 914
1047 916
1048 917
1049 918
1050 920
1051 921
1052 922
1053 923
1054 924
1055 925
1056 927
1057 928
1058 929
1059 931
1060 932
1061 933
1062 934
1063 935
1064 937
1065 938
1066 939
1067 941
1068 942
1069 943
1070 944
1071 945
1072 946
1073 947
1074 949
1075 950
1076 951
1078 953
1079 954
1080 955
1081 956
1082 957
1083 958
1084 960
1085 961
1086 962
1087 964
1088 965
1089 966
1090 968
1091 969
1092 970
1093 971
1094 972
1095 973
1096 975
1097 976
1098 977
1099 979
1100 980
1101 981
1102 982
1103 984
1104 985
1105 986
1106 988
1107 989
1108 989
1109 991
1110 992
1111 993
1112 995
1113 996
1114 997
1115 998
1116 1000
1117 1001
1118 1002
1119 1004
1121 1005
1122 1006
1123 1008
1124 1009
1125 1010
1126 1012
1127 1013
1128 1014
1129 1015
1130 1016
1131 1017
1132 1018
1133 1020
1134 1021
1135 1022
1136 1023
1137 1025
1138 1026
1139 1027
1140 1029
1141 1030
1142 1031
1143 1033
1144 1034
1145 1035
1146 1036
1147 1038
1148 1039
1149 1040
1150 1042
1151 1043
1152 1044
1153 1045
1154 1047
1155 1048
1156 1049
1157 1050
1158 1052
1159 1053
1160 1054
1161 1056
1162 1057
1164 1058
1165 1059
1166 1061
1167 1062
1168 1063
1169 1065
1170 1066
1171 1067
1172 1068
1173 1070
1174 1071
1175 1072
1176 1073
1177 1075
1178 1076
1179 1077
1180 1079
1181 1080
1182 1081
1183 1082
1184 1084
1185 1085
1186 1086
1187 1088
1188 1090
1189 1091
1190 1092
1191 1093
1192 1095
1193 1096
1194 1097
1195 1098
1196 1100
1197 1101
1198 1102
1199 1103
1200 1105
1201 1106
1202 1107
1203 1108
1204 1110
1205 1111
1207 1112
1208 1113
1209 1115
1210 1117
1211 1118
1212 1119
1213 1121
1214 1122
1215 1123
1216 1124
1217 1126
1218 1127
1219 1128
1220 1129
1221 1131
1222 1132
1223 1133
1224 1134
1225 1137
1226 1138
1227 1139
1228 1140
1229 1142
1230 1143
1231 1144
1232 1145
1233 1147
1234 1148
1235 1149
1236 1150
1237 1151
1238 1154
1239 1155
1240 1156
1241 1157
1242 1159
1243 1160
1244 1161
1245 1162
1246 1164
1247 1165
1248 1166
1249 1168
1251 1169
1252 1171
1253 1172
1254 1173
1255 1174
1256 1176
1257 1177
1258 1178
1259 1179
1260 1181
1261 1183
1262 1184
1263 1185
1264 1186
1265 1187
1266 1189
1267 1190
1268 1191
1269 1193
1270 1195
1271 1196
1272 1197
1273 1198
1274 1199
1275 1201
1276 1202
1277 1204
1278 1205
1279 1206
1280 1208
1281 1209
1282 1210
1283 1211
1284 1212
1285 1215
1286 1216
1287 1217
1288 1218
1289 1219
1290 1221
1291 1222
1292 1224
1294 1225
1295 1226
1296 1228
1297 1229
1298 1230
1299 1231
1300 1233
1301 1235
1302 1236
1303 1237
1304 1238
1305 1239
1306 1242
1307 1243
1308 1244
1309 1245
1310 1246
1311 1247
1312 1249
1313 1251
1314 1252
1315 1253
1316 1254
1317 1256
1318 1257
1319 1259
1320 1260
1321 1261
1322 1262
1323 1264
1324 1265
1325 1267
1326 1268
1327 1269
1328 1271
1329 1272
1330 1273
1331 1275
1332 1276
1333 1277
1334 1279
1335 1280
1337 1281
1338 1283
1339 1284
1340 1285
1341 1287
1342 1288
1343 1290
1344 1291
1345 1292
1346 1293
1347 1295
1348 1297
1349 1298
1350 1299
1351 1300
1352 1301
1353 1302
1354 1305
1355 1306
1356 1307
1357 1308
1358 1309
1359 1311
1360 1313
1361 1314
1362 1315
1363 1316
1364 1318
1365 1319
1366 1320
1367 1322
1368 1323
1369 1325
1370 1326
1371 1327
1372 1328
1373 1331
1374 1332
1375 1333
1376 1334
1377 1335
1378 1336
1380 1338
1381 1340
1382 1341
1383 1342
1384 1344
1385 1345
1386 1346
1387 1347
1388 1350
1389 1351
1390 1352
1391 1353
1392 1354
1393 1356
1394 1357
1395 1358
1396 1360
1397 1362
1398 1363
1399 1364
1400 1365
1401 1366
1402 1368
1403 1369
1404 1371
1405 1372
1406 1374
1407 1375
1408 1376
1409 1377
1410 1378
1411 1380
1412 1382
1413 1383
1414 1385
1415 1386
1416 1387
1417 1388
1418 1389
1419 1391
1420 1393
1421 1394
1423 1396
1424 1397
1425 1398
1426 1399
1427 1400
1428 1402
1429 1403
1430 1405
1431 1407
1432 1408
1433 1409
1434 1410
1435 1411
1436 1413
1437 1414
1438 1415
1439 1416
1440 1419
1441 1420
1442 1421
1443 1423
1444 1424
1445 1425
1446 1426
1447 1428
1448 1429
1449 1430
1450 1433
1451 1434
1452 1435
1453 1436
1454 1437
1455 1439
1456 1440
1457 1441
1458 1442
1459 1444
1460 1446
1461 1447
1462 1449
1463 1450
1464 1451
1466 1452
1467 1454
1468 1455
1469 1456
1470 1458
1471 1459
1472 1460
1473 1463
1474 1464
1475 1465
1476 1466
1477 1468
1478 1469
1479 1470
1480 1471
1481 1473
1482 1474
1483 1475
1484 1476
1485 1478
1486 1480
1487 1482
1488 1483
1489 1484
1490 1485
1491 1487
1492 1488
1493 1489
1494 1490
1495 1492
1496 1493
1497 1494
1498 1496
1499 1497
1500 1498
1501 1501
1502 1502
1503 1503
1504 1505
1505 1506
1506 1507
1507 1508
1509 1510
1510 1511
1511 1512
1512 1514
1513 1515
1514 1516
1515 1517
1516 1519
1517 1520
1518 1521
1519 1523
1520 1525
1521 1526
1522 1528
1523 1529
1524 1530
1525 1532
1526 1533
1527 1534
1528 1536
1529 1537
1530 1538
1531 1540
1532 1541
1533 1542
1534 1543
1535 1545
1536 1546
1537 1547
1538 1549
1539 1550
1540 1551
1541 1553
1542 1554
1543 1557
1544 1558
1545 1559
1546 1560
1547 1562
1548 1563
1549 1564
1550 1566
1552 1567
1553 1568
1554 1570
1555 1571
1556 1572
1557 1574
1558 1575
1559 1576
1560 1578
1561 1579
1562 1580
1563 1582
1564 1583
1565 1584
1566 1586
1567 1587
1568 1588
1569 1590
1570 1591
1571 1592
1572 1594
1573 1595
1574 1596
1575 1598
1576 1599
1577 1600
1578 1602
1579 1603
1580 1604
1581 1606
1582 1607
1583 1608
1584 1610
1585 1611
1586 1612
1587 1614
1588 1615
1589 1616
1590 1618
1591 1619
1592 1620
1593 1622
1595 1623
1596 1624
1597 1626
1598 1627
1599 1628
1600 1630
1601 1631
1602 1633
1603 1634
1604 1635
1605 1637
1606 1638
1607 1639
1608 1641
1609 1642
1610 1643
1611 1645
1612 1646
1613 1647
1614 1649
1615 1650
1616 1652
1617 1653
1618 1654
1619 1656
1620 1657
1621 1658
1622 1660
1623 1661
1624 1662
1625 1664
1626 1665
1627 1667
1628 1668
1629 1669
1630 1671
1631 1672
1632 1673
1633 1675
1634 1676
1635 1678
1636 1679
1637 1680
1639 1682
1640 1683
1641 1685
1642 1686
1643 1687
1644 1689
1645 1690
1646 1691
1647 1693
1648 1694
1649 1696
1650 1697
1651 1697
1652 1698
1653 1700
1654 1701
1655 1703
1656 1704
1657 1705
1658 1707
1659 1708
1660 1709
1661 1711
1662 1712
1663 1714
1664 1715
1665 1716
1666 1718
1667 1719
1668 1721
1669 1722
1670 1723
1671 1725
1672 1726
1673 1728
1674 1729
1675 1729
1676 1730
1677 1732
1678 1733
1679 1735
1680 1736
1682 1738
1683 1739
1684 1740
1685 1742
1686 1743
1687 1745
1688 1746
1689 1747
1690 1749
1691 1750
1692 1752
1693 1752
1694 1753
1695 1754
1696 1756
1697 1757
1698 1759
1699 1760
1700 1762
1701 1763
1702 1764
1703 1766
1704 1767
1705 1769
1706 1770
1707 1772
1708 1772
1709 1773
1710 1774
1711 1776
1712 1777
1713 1779
1714 1780
1715 1782
1716 1783
1717 1784
1718 1786
1719 1787
1720 1789
1721 1789
1722 1790
1723 1792
1725 1793
1726 1794
1727 1796
1728 1797
1729 1799
1730 1800
1731 1802
1732 1803
1733 1805
1734 1805
1735 1806
1736 1807
1737 1809
1738 1810
1739 1812
1740 1813
1741 1815
1742 1816
1743 1818
1744 1819
1745 1819
1746 1820
1747 1822
1748 1823
1749 1825
1750 1826
1751 1828
1752 1829
1753 1831
1754 1832
1755 1832
1756 1833
1757 1835
1758 1836
1759 1838
1760 1839
1761 1841
1762 1842
1763 1844
1764 1844
1765 1845
1766 1847
1768 1848
1769 1850
1770 1851
1771 1852
1772 1854
1773 1855
1774 1855
1775 1857
1776 1858
1777 1860
1778 1861
1779 1863
1780 1864
1781 1866
1782 1867
1783 1867
1784 1869
1785 1870
1786 1872
1787 1873
1788 1875
1789 1876
1790 1878
1791 1878
1792 1879
1793 1880
1794 1882
1795 1883
1796 1885
1797 1886
1798 1888
1799 1888
1800 1889
1801 1891
1802 1892
1803 1894
1804 1895
1805 1897
1806 1897
1807 1898
1808 1900
1809 1901
1811 1903
1812 1904
1813 1906
1814 1906
1815 1907
1816 1909
1817 1910
1818 1912
1819 1913
1820 1915
1821 1915
1822 1916
1823 1918
1824 1919
1825 1921
1826 1922
1827 1924
1828 1924
1829 1925
1830 1927
1831 1928
1832 1930
1833 1931
1834 1933
1835 1933
1836 1934
1837 1936
1838 1937
1839 1939
1840 1940
1841 1940
1842 1942
1843 1943
1844 1945
1845 1946
1846 1948
1847 1948
1848 1949
1849 1951
1850 1952
1851 1954
1852 1955
1854 1957
1855 1957
1856 1958
1857 1960
1858 1961
1859 1963
1860 1963
1861 1964
1862 1966
1863 1967
1864 1969
1865 1971
1866 1971
1867 1972
1868 1974
1869 1975
1870 1977
1871 1978
1872 1978
1873 1980
1874 1981
1875 1983
1876 1984
1877 1986
1878 1986
1879 1987
1880 1989
1881 1990
1882 1992
1883 1992
1884 1993
1885 1995
1886 1997
1887 1998
1888 1998
1889 2000
1890 2001
1891 2003
1892 2004
1893 2006
1894 2006
1895 2007
1897 2009
1898 2010
1899 2012
1900 2012
1901 2013
1902 2015
1903 2017
1904 2018
1905 2018
1906 2020
1907 2021
1908 2023
1909 2024
1910 2024
1911 2026
1912 2027
1913 2029
1914 2030
1915 2030
1916 2032
1917 2034
1918 2035
1919 2037
1920 2037
1921 2038
1922 2040
1923 2041
1924 2043
1925 2043
1926 2044
1927 2046
1928 2048
1929 2048
1930 2049
1931 2051
1932 2052
1933 2054
1934 2054
1935 2055
1936 2057
1937 2058
1938 2060
1940 2060
1941 2062
1942 2063
1943 2065
1944 2065
1945 2066
1946 2068
1947 2069
1948 2071
1949 2071
1950 2073
1951 2074
1952 2076
1953 2076
1954 2077
1955 2079
1956 2080
1957 2082
1958 2082
1959 2084
1960 2085
1961 2087
1962 2087
1963 2088
1964 2090
1965 2091
1966 2091
1967 2093
1968 2095
1969 2096
1970 2096
1971 2098
1972 2099
1973 2101
1974 2103
1975 2103
1976 2104
1977 2106
1978 2107
1979 2107
1980 2109
1981 2110
1983 2112
1984 2112
1985 2114
1986 2115
1987 2117
1988 2117
1989 2118
1990 2120
1991 2122
1992 2122
1993 2123
1994 2125
1995 2126
1996 2126
1997 2128
1998 2130
1999 2131
2000 2131
2001 2133
2002 2134
2003 2136
2004 2136
2005 2138
2006 2139
2007 2141
2008 2141
2009 2142
2010 2144
2011 2144
2012 2146
2013 2147
2014 2149
2015 2149
2016 2150
2017 2152
2018 2154
2019 2154
2020 2155
2021 2157
2022 2158
2023 2158
2024 2160
2026 2162
2027 2162
2028 2163
2029 2165
2030 2166
2031 2166
2032 2168
2033 2170
2034 2171
2035 2171
2036 2173
2037 2175
2038 2175
2039 2176
2040 2178
2041 2179
2042 2179
2043 2181
2044 2183
2045 2183
2046 2184
2047 2186
2048 2187
2049 2187
2050 2189
2051 2191
2052 2192
2053 2192
2054 2194
2055 2196
2056 2196
2057 2197
2058 2199
2059 2199
2060 2200
2061 2202
2062 2204
2063 2204
2064 2205
2065 2207
2066 2207
2067 2209
2068 2210
2070 2212
2071 2212
2072 2213
2073 2215
2074 2215
2075 2217
2076 2218
2077 2218
2078 2220
2079 2222
2080 2223
2081 2223
2082 2225
2083 2227
2084 2227
2085 2228
2086 2230
2087 2230
2088 2232
2089 2233
2090 2235
2091 2235
2092 2236
2093 2238
2094 2238
2095 2240
2096 2241
2097 2241
2098 2243
2099 2245
2100 2245
2101 2246
2102 2248
2103 2248
2104 2250
2105 2251
2106 2253
2107 2253
2108 2255
2109 2256
2110 2256
2111 2258
2113 2260
2114 2260
2115 2261
2116 2263
2117 2263
2118 2264
2119 2266
2120 2266
2121 2268
2122 2269
2123 2269
2124 2271
2125 2273
2126 2273
2127 2274
2128 2276
2129 2276
2130 2278
2131 2279
2132 2279
2133 2281
2134 2283
2135 2283
2136 2284
2137 2286
2138 2286
2139 2288
2140 2289
2141 2289
2142 2291
2143 2293
2144 2293
2145 2294
2146 2296
2147 2296
2148 2298
2149 2299
2150 2299
2151 2301
2152 2303
2153 2303
2154 2304
2156 2306
2157 2306
2158 2308
2159 2309
2160 2309
2161 2311
2162 2313
2163 2313
2164 2314
2165 2316
2166 2316
2167 2318
2168 2318
2169 2319
2170 2321
2171 2321
2172 2323
2173 2325
2174 2325
2175 2326
2176 2328
2177 2328
2178 2330
2179 2331
2180 2331
2181 2333
2182 2333
2183 2335
2184 2336
2185 2336
2186 2338
2187 2340
2188 2340
2189 2341
2190 2343
2191 2343
2192 2345
2193 2346
2194 2346
2195 2348
2196 2348
2197 2350
2199 2351
2200 2351
2201 2353
2202 2355
2203 2355
2204 2357
2205 2357
2206 2358
2207 2360
2208 2360
2209 2362
2210 2363
2211 2363
2212 2365
2213 2365
2214 2367
2215 2368
2216 2368
2217 2370
2218 2372
2219 2372
2220 2374
2221 2374
2222 2375
2223 2377
2224 2377
2225 2379
2226 2380
2227 2380
2228 2382
2229 2382
2230 2384
2231 2385
2232 2385
2233 2387
2234 2387
2235 2389
2236 2391
2237 2391
2238 2392
2239 2394
2240 2394
2242 2396
2243 2396
2244 2397
2245 2399
2246 2399
2247 2401
2248 2401
2249 2403
2250 2404
2251 2404
2252 2406
2253 2406
2254 2408
2255 2409
2256 2409
2257 2411
2258 2411
2259 2413
2260 2415
2261 2415
2262 2416
2263 2416
2264 2418
2265 2420
2266 2420
2267 2421
2268 2421
2269 2423
2270 2425
2271 2425
2272 2427
2273 2427
2274 2428
2275 2430
2276 2430
2277 2432
2278 2432
2279 2434
2280 2435
2281 2435
2282 2437
2283 2437
2285 2439
2286 2440
2287 2440
2288 2442
2289 2442
2290 2444
2291 2444
2292 2446
2293 2447
2294 2447
2295 2449
2296 2449
2297 2451
2298 2453
2299 2453
2300 2454
2301 2454
2302 2456
2303 2456
2304 2458
2305 2460
2306 2460
2307 2461
2308 2461
2309 2463
2310 2463
2311 2465
2312 2466
2313 2466
2314 2468
2315 2468
2316 2470
2317 2470
2318 2472
2319 2473
2320 2473
2321 2475
2322 2475
2323 2477
2324 2477
2325 2479
2326 2480
2328 2480
2329 2482
2330 2482
2331 2484
2332 2484
2333 2486
2334 2487
2335 2487
2336 2489
2337 2489
2338 2491
2339 2491
2340 2493
2341 2494
2342 2494
2343 2496
2344 2496
2345 2498
2346 2498
2347 2500
2348 2500
2349 2501
2350 2503
2351 2503
2352 2505
2353 2505
2354 2507
2355 2507
2356 2508
2357 2508
2358 2510
2359 2512
2360 2512
2361 2514
2362 2514
2363 2516
2364 2516
2365 2517
2366 2517
2367 2519
2368 2519
2369 2521
2371 2523
2372 2523
2373 2524
2374 2524
2375 2526
2376 2526
2377 2528
2378 2528
2379 2530
2380 2531
2381 2531
2382 2533
2383 2533
2384 2535
2385 2535
2386 2537
2387 2537
2388 2538
2389 2538
2390 2540
2391 2540
2392 2542
2393 2544
2394 2544
2395 2546
2396 2546
2397 2547
2398 2547
2399 2549
2400 2549
2401 2551
2402 2551
2403 2553
2404 2553
2405 2554
2406 2554
2407 2556
2408 2558
2409 2558
2410 2560
2411 2560
2412 2562
2414 2562
2415 2563
2416 2563
2417 2565
2418 2565
2419 2567
2420 2567
2421 2569
2422 2569
2423 2570
2424 2570
2425 2572
2426 2572
2427 2574
2428 2576
2429 2576
2430 2578
2431 2578
2432 2579
2433 2579
2434 2581
2435 2581
2436 2583
2437 2583
2438 2585
2439 2585
2440 2586
2441 2586
2442 2588
2443 2588
2444 2590
2445 2590
2446 2592
2447 2592
2448 2594
2449 2594
2450 2595
2451 2595
2452 2597
2453 2597
2454 2599
2455 2599
2457 2601
2458 2601
2459 2603
2460 2604
2461 2604
2462 2606
2463 2606
2464 2608
2465 2608
2466 2610
2467 2610
2468 2612
2469 2612
2470 2613
2471 2613
2472 2615
2473 2615
2474 2617
2475 2617
2476 2619
2477 2619
2478 2621
2479 2621
2480 2622
2481 2622
2482 2624
2483 2624
2484 2626
2485 2626
2486 2628
2487 2628
2488 2630
2489 2630
2490 2631
2491 2631
2492 2633
2493 2633
2494 2635
2495 2635
2496 2637
2497 2637
2498 2639
2499 2639
2501 2640
2502 2640
2503 2642
2504 2642
2505 2642
2506 2644
2507 2644
2508 2646
2509 2646
2510 2648
2511 2648
2512 2650
2513 2650
2514 2651
2515 2651
2516 2653
2517 2653
2518 2655
2519 2655
2520 2657
2521 2657
2522 2659
2523 2659
2524 2660
2525 2660
2526 2662
2527 2662
2528 2664
2529 2664
2530 2666
2531 2666
2532 2668
2533 2668
2534 2670
2535 2670
2536 2671
2537 2671
2538 2671
2539 2673
2540 2673
2541 2675
2542 2675
2544 2677
2545 2677
2546 2679
2547 2679
2548 2680
2549 2680
2550 2682
2551 2682
2552 2684
2553 2684
2554 2686
2555 2686
2556 2688
2557 2688
2558 2688
2559 2690
2560 2690
2561 2691
2562 2691
2563 2693
2564 2693
2565 2695
2566 2695
2567 2697
2568 2697
2569 2699
2570 2699
2571 2701
2572 2701
2573 2701
2574 2702
2575 2702
2576 2704
2577 2704
2578 2706
2579 2706
2580 2708
2581 2708
2582 2710
2583 2710
2584 2712
2585 2712
2587 2713
2588 2713
2589 2713
2590 2715
2591 2715
2592 2717
2593 2717
2594 2719
2595 2719
2596 2721
2597 2721
2598 2723
2599 2723
2600 2723
2601 2725
2602 2725
2603 2726
2604 2726
2605 2728
2606 2728
2607 2730
2608 2730
2609 2732
2610 2732
2611 2732
2612 2734
2613 2734
2614 2736
2615 2736
2616 2737
2617 2737
2618 2739
2619 2739
2620 2741
2621 2741
2622 2741
2623 2743
2624 2743
2625 2745
2626 2745
2627 2747
2628 2747
2630 2749
2631 2749
2632 2749
2633 2750
2634 2750
2635 2752
2636 2752
2637 2754
2638 2754
2639 2756
2640 2756
2641 2756
2642 2758
2643 2758
2644 2760
2645 2760
2646 2762
2647 2762
2648 2763
2649 2763
2650 2763
2651 2765
2652 2765
2653 2767
2654 2767
2655 2769
2656 2769
2657 2769
2658 2771
2659 2771
2660 2773
2661 2773
2662 2775
2663 2775
2664 2776
2665 2776
2666 2776
2667 2778
2668 2778
2669 2780
2670 2780
2671 2782
2673 2782
2674 2782
2675 2784
2676 2784
2677 2786
2678 2786
2679 2788
2680 2788
2681 2788
2682 2789
2683 2789
2684 2791
2685 2791
2686 2793
2687 2793
2688 2793
2689 2795
2690 2795
2691 2797
2692 2797
2693 2799
2694 2799
2695 2799
2696 2801
2697 2801
2698 2803
2699 2803
2700 2804
2701 2804
2702 2804
2703 2806
2704 2806
2705 2808
2706 2808
2707 2810
2708 2810
2709 2810
2710 2812
2711 2812
2712 2814
2713 2814
2714 2816
2716 2816
2717 2816
2718 2818
2719 2818
2720 2819
2721 2819
2722 2819
2723 2821
2724 2821
2725 2823
2726 2823
2727 2825
2728 2825
2729 2825
2730 2827
2731 2827
2732 2829
2733 2829
2734 2829
2735 2831
2736 2831
2737 2833
2738 2833
2739 2835
2740 2835
2741 2835
2742 2836
2743 2836
2744 2838
2745 2838
2746 2838
2747 2840
2748 2840
2749 2842
2750 2842
2751 2842
2752 2844
2753 2844
2754 2846
2755 2846
2756 2848
2757 2848
2759 2848
2760 2850
2761 2850
2762 2852
2763 2852
2764 2852
2765 2853
2766 2853
2767 2855
2768 2855
2769 2855
2770 2857
2771 2857
2772 2859
2773 2859
2774 2859
2775 2861
2776 2861
2777 2863
2778 2863
2779 2865
2780 2865
2781 2865
2782 2867
2783 2867
2784 2869
2785 2869
2786 2869
2787 2871
2788 2871
2789 2872
2790 2872
2791 2872
2792 2874
2793 2874
2794 2876
2795 2876
2796 2876
2797 2878
2798 2878
2799 2880
2800 2880
2802 2880
2803 2882
2804 2882
2805 2884
2806 2884
2807 2884
2808 2886
2809 2886
2810 2888
2811 2888
2812 2888
2813 2890
2814 2890
2815 2891
2816 2891
2817 2891
2818 2893
2819 2893
2820 2895
2821 2895
2822 2895
2823 2897
2824 2897
2825 2899
2826 2899
2827 2899
2828 2901
2829 2901
2830 2901
2831 2903
2832 2903
2833 2905
2834 2905
2835 2905
2836 2907
2837 2907
2838 2909
2839 2909
2840 2909
2841 2911
2842 2911
2843 2912
2845 2912
2846 2912
2847 2914
2848 2914
2849 2916
2850 2916
2851 2916
2852 2918
2853 2918
2854 2918
2855 2920
2856 2920
2857 2922
2858 2922
2859 2922
2860 2924
2861 2924
2862 2926
2863 2926
2864 2926
2865 2928
2866 2928
2867 2930
2868 2930
2869 2930
2870 2932
2871 2932
2872 2932
2873 2934
2874 2934
2875 2936
2876 2936
2877 2936
2878 2937
2879 2937
2880 2939
2881 2939
2882 2939
2883 2941
2884 2941
2885 2941
2886 2943
2887 2943
2889 2945
2890 2945
2891 2945
2892 2947
2893 2947
2894 2949
2895 2949
2896 2949
2897 2951
2898 2951
2899 2951
2900 2953
2901 2953
2902 2955
2903 2955
2904 2955
2905 2957
2906 2957
2907 2957
2908 2959
2909 2959
2910 2961
2911 2961
2912 2961
2913 2963
2914 2963
2915 2964
2916 2964
2917 2964
2918 2966
2919 2966
2920 2966
2921 2968
2922 2968
2923 2970
2924 2970
2925 2970
2926 2972
2927 2972
2928 2972
2929 2974
2930 2974
2932 2976
2933 2976
2934 2976
2935 2978
2936 2978
2937 2978
2938 2980
2939 2980
2940 2982
2941 2982
2942 2982
2943 2984
2944 2984
2945 2984
2946 2986
2947 2986
2948 2988
2949 2988
2950 2988
2951 2990
2952 2990
2953 2990
2954 2992
2955 2992
2956 2994
2957 2994
2958 2994
2959 2995
2960 2995
2961 2995
2962 2997
2963 2997
2964 2999
2965 2999
2966 2999
2967 3001
2968 3001
2969 3001
2970 3003
2971 3003
2972 3005
2973 3005
2975 3005
2976 3007
2977 3007
2978 3007
2979 3009
2980 3009
2981 3009
2982 3011
2983 3011
2984 3013
2985 3013
2986 3013
2987 3015
2988 3015
2989 3015
2990 3017
2991 3017
2992 3019
2993 3019
2994 3019
2995 3021
2996 3021
2997 3021
2998 3023
2999 3023
3000 3025
3001 3025
3002 3025
3003 3027
3004 3027
3005 3027
3006 3029
3007 3029
3008 3029
3009 3031
3010 3031
3011 3033
3012 3033
3013 3033
3014 3035
3015 3035
3016 3035
3018 3037
3019 3037
3020 3038
3021 3038
3022 3038
3023 3040
3024 3040
3025 3040
3026 3042
3027 3042
3028 3042
3029 3044
3030 3044
3031 3046
3032 3046
3033 3046
3034 3048
3035 3048
3036 3048
3037 3050
3038 3050
3039 3050
3040 3052
3041 3052
3042 3054
3043 3054
3044 3054
3045 3056
3046 3056
3047 3056
3048 3058
3049 3058
3050 3060
3051 3060
3052 3060
3053 3062
3054 3062
3055 3062
3056 3064
3057 3064
3058 3064
3059 3066
3061 3066
3062 3068
3063 3068
3064 3068
3065 3070
3066 3070
3067 3070
3068 3072
3069 3072
3070 3072
3071 3074
3072 3074
3073 3076
3074 3076
3075 3076
3076 3078
3077 3078
3078 3078
3079 3080
3080 3080
3081 3080
3082 3082
3083 3082
3084 3084
3085 3084
3086 3084
3087 3086
3088 3086
3089 3086
3090 3088
3091 3088
3092 3088
3093 3090
3094 3090
3095 3092
3096 3092
3097 3092
3098 3094
3099 3094
3100 3094
3101 3096
3102 3096
3104 3096
3105 3098
3106 3098
3107 3100
3108 3100
3109 3100
3110 3102
3111 3102
3112 3102
3113 3104
3114 3104
3115 3104
3116 3106
3117 3106
3118 3106
3119 3108
3120 3108
3121 3110
3122 3110
3123 3110
3124 3112
3125 3112
3126 3112
3127 3114
3128 3114
3129 3114
3130 3116
3131 3116
3132 3118
3133 3118
3134 3118
3135 3120
3136 3120
3137 3120
3138 3122
3139 3122
3140 3122
3141 3123
3142 3123
3143 3125
3144 3125
3145 3125
3147 3127
3148 3127
3149 3127
3150 3129
3151 3129
3152 3129
3153 3131
3154 3131
3155 3133
3156 3133
3157 3133
3158 3135
3159 3135
3160 3135
3161 3137
3162 3137
3163 3137
3164 3139
3165 3139
3166 3141
3167 3141
3168 3141
3169 3143
3170 3143
3171 3143
3172 3145
3173 3145
3174 3145
3175 3147
3176 3147
3177 3149
3178 3149
3179 3149
3180 3151
3181 3151
3182 3151
3183 3153
3184 3153
3185 3153
3186 3155
3187 3155
3188 3157
3190 3157
3191 3157
3192 3159
3193 3159
3194 3159
3195 3161
3196 3161
3197 3161
3198 3163
3199 3163
3200 3165
3201 3165
3202 3165
3203 3168
3204 3168
3205 3168
3206 3170
3207 3170
3208 3170
3209 3172
3210 3172
3211 3174
3212 3174
3213 3174
3214 3176
3215 3176
3216 3176
3217 3178
3218 3178
3219 3178
3220 3180
3221 3180
3222 3182
3223 3182
3224 3182
3225 3184
3226 3184
3227 3184
3228 3186
3229 3186
3230 3186
3231 3188
3233 3188
3234 3190
3235 3190
3236 3190
3237 3192
3238 3192
3239 3192
3240 3194
3241 3194
3242 3194
3243 3196
3244 3196
3245 3198
3246 3198
3247 3198
3248 3200
3249 3200
3250 3200
3251 3202
3252 3202
3253 3202
3254 3204
3255 3204
3256 3206
3257 3206
3258 3206
3259 3208
3260 3208
3261 3208
3262 3210
3263 3210
3264 3212
3265 3212
3266 3212
3267 3214
3268 3214
3269 3214
3270 3216
3271 3216
3272 3216
3273 3218
3274 3218
3276 3220
3277 3220
3278 3220
3279 3222
3280 3222
3281 3222
3282 3224
3283 3224
3284 3226
3285 3226
3286 3226
3287 3228
3288 3228
3289 3228
3290 3230
3291 3230
3292 3230
3293 3232
3294 3232
3295 3234
3296 3234
3297 3234
3298 3236
3299 3236
3300 3236
3301 3238
3302 3238
3303 3240
3304 3240
3305 3240
3306 3242
3307 3242
3308 3242
3309 3244
3310 3244
3311 3246
3312 3246
3313 3246
3314 3248
3315 3248
3316 3248
3317 3250
3318 3250
3320 3250
3321 3252
3322 3252
3323 3255
3324 3255
3325 3255
3326 3257
3327 3257
3328 3257
3329 3259
3330 3259
3331 3261
3332 3261
3333 3261
3334 3263
3335 3263
3336 3263
3337 3265
3338 3265
3339 3267
3340 3267
3341 3267
3342 3269
3343 3269
3344 3269
3345 3271
3346 3271
3347 3273
3348 3273
3349 3273
3350 3275
3351 3275
3352 3275
3353 3277
3354 3277
3355 3279
3356 3279
3357 3279
3358 3281
3359 3281
3360 3283
3361 3283
3363 3283
3364 3285
3365 3285
3366 3285
3367 3287
3368 3287
3369 3289
3370 3289
3371 3289
3372 3291
3373 3291
3374 3291
3375 3293
3376 3293
3377 3295
3378 3295
3379 3295
3380 3298
3381 3298
3382 3298
3383 3300
3384 3300
3385 3302
3386 3302
3387 3302
3388 3304
3389 3304
3390 3306
3391 3306
3392 3306
3393 3308
3394 3308
3395 3308
3396 3310
3397 3310
3398 3312
3399 3312
3400 3312
3401 3314
3402 3314
3403 3316
3404 3316
3406 3316
3407 3318
3408 3318
3409 3318
3410 3320
3411 3320
3412 3322
3413 3322
3414 3322
3415 3324
3416 3324
3417 3326
3418 3326
3419 3326
3420 3328
3421 3328
3422 3328
3423 3330
3424 3330
3425 3333
3426 3333
3427 3333
3428 3335
3429 3335
3430 3337
3431 3337
3432 3337
3433 3339
3434 3339
3435 3341
3436 3341
3437 3341
3438 3343
3439 3343
3440 3343
3441 3345
3442 3345
3443 3347
3444 3347
3445 3347
3446 3349
3447 3349
3449 3351
3450 3351
3451 3351
3452 3353
3453 3353
3454 3355
3455 3355
3456 3355
3457 3357
3458 3357
3459 3359
3460 3359
3461 3359
3462 3362
3463 3362
3464 3364
3465 3364
3466 3364
3467 3366
3468 3366
3469 3368
3470 3368
3471 3368
3472 3370
3473 3370
3474 3372
3475 3372
3476 3372
3477 3374
3478 3374
3479 3376
3480 3376
3481 3376
3482 3378
3483 3378
3484 3380
3485 3380
3486 3380
3487 3382
3488 3382
3489 3384
3490 3384
3492 3384
3493 3387
3494 3387
3495 3389
3496 3389
3497 3389
3498 3391
3499 3391
3500 3393
3501 3393
3502 3393
3503 3395
3504 3395
3505 3397
3506 3397
3507 3397
3508 3399
3509 3399
3510 3401
3511 3401
3512 3401
3513 3403
3514 3403
3515 3405
3516 3405
3517 3405
3518 3407
3519 3407
3520 3409
3521 3409
3522 3412
3523 3412
3524 3412
3525 3414
3526 3414
3527 3416
3528 3416
3529 3416
3530 3418
3531 3418
3532 3420
3533 3420
3535 3420
3536 3422
3537 3422
3538 3424
3539 3424
3540 3426
3541 3426
3542 3426
3543 3428
3544 3428
3545 3430
3546 3430
3547 3430
3548 3433
3549 3433
3550 3435
3551 3435
3552 3435
3553 3437
3554 3437
3555 3439
3556 3439
3557 3441
3558 3441
3559 3441
3560 3443
3561 3443
3562 3445
3563 3445
3564 3447
3565 3447
3566 3447
3567 3449
3568 3449
3569 3451
3570 3451
3571 3451
3572 3454
3573 3454
3574 3456
3575 3456
3576 3458
3578 3458
3579 3458
3580 3460
3581 3460
3582 3462
3583 3462
3584 3464
3585 3464
3586 3464
3587 3466
3588 3466
3589 3468
3590 3468
3591 3470
3592 3470
3593 3470
3594 3473
3595 3473
3596 3475
3597 3475
3598 3477
3599 3477
3600 3477
3601 3479
3602 3479
3603 3481
3604 3481
3605 3483
3606 3483
3607 3483
3608 3485
3609 3485
3610 3487
3611 3487
3612 3490
3613 3490
3614 3490
3615 3492
3616 3492
3617 3494
3618 3494
3619 3496
3621 3496
3622 3496
3623 3498
3624 3498
3625 3500
3626 3500
3627 3502
3628 3502
3629 3504
3630 3504
3631 3504
3632 3507
3633 3507
3634 3509
3635 3509
3636 3511
3637 3511
3638 3513
3639 3513
3640 3513
3641 3515
3642 3515
3643 3517
3644 3517
3645 3519
3646 3519
3647 3519
3648 3521
3649 3521
3650 3524
3651 3524
3652 3526
3653 3526
3654 3528
3655 3528
3656 3530
3657 3530
3658 3530
3659 3532
3660 3532
3661 3534
3662 3534
3664 3536
3665 3536
3666 3538
3667 3538
3668 3538
3669 3541
3670 3541
3671 3543
3672 3543
3673 3545
3674 3545
3675 3547
3676 3547
3677 3549
3678 3549
3679 3549
3680 3551
3681 3551
3682 3553
3683 3553
3684 3556
3685 3556
3686 3558
3687 3558
3688 3560
3689 3560
3690 3560
3691 3562
3692 3562
3693 3564
3694 3564
3695 3566
3696 3566
3697 3568
3698 3568
3699 3571
3700 3571
3701 3573
3702 3573
3703 3573
3704 3575
3705 3575
3706 3577
3708 3577
3709 3579
3710 3579
3711 3581
3712 3581
3713 3584
3714 3584
3715 3586
3716 3586
3717 3588
3718 3588
3719 3588
3720 3590
3721 3590
3722 3592
3723 3592
3724 3594
3725 3594
3726 3596
3727 3596
3728 3599
3729 3599
3730 3601
3731 3601
3732 3603
3733 3603
3734 3605
3735 3605
3736 3605
3737 3607
3738 3607
3739 3609
3740 3609
3741 3612
3742 3612
3743 3614
3744 3614
3745 3616
3746 3616
3747 3618
3748 3618
3749 3620
3751 3620
3752 3622
3753 3622
3754 3625
3755 3625
3756 3627
3757 3627
3758 3629
3759 3629
3760 3629
3761 3631
3762 3631
3763 3633
3764 3633
3765 3635
3766 3635
3767 3638
3768 3638
3769 3640
3770 3640
3771 3642
3772 3642
3773 3644
3774 3644
3775 3646
3776 3646
3777 3648
3778 3648
3779 3651
3780 3651
3781 3653
3782 3653
3783 3655
3784 3655
3785 3657
3786 3657
3787 3659
3788 3659
3789 3661
3790 3661
3791 3664
3792 3664
3794 3666
3795 3666
3796 3668
3797 3668
3798 3670
3799 3670
3800 3672
3801 3672
3802 3675
3803 3675
3804 3677
3805 3677
3806 3679
3807 3679
3808 3681
3809 3681
3810 3683
3811 3683
3812 3685
3813 3685
3814 3688
3815 3688
3816 3690
3817 3690
3818 3692
3819 3692
3820 3694
3821 3694
3822 3696
3823 3696
3824 3699
3825 3699
3826 3701
3827 3701
3828 3703
3829 3703
3830 3705
3831 3705
3832 3707
3833 3707
3834 3710
3835 3710
3837 3712
3838 3712
3839 3714
3840 3714
3841 3716
3842 3716
3843 3718
3844 3720
3845 3720
3846 3723
3847 3723
3848 3725
3849 3725
3850 3727
3851 3727
3852 3729
3853 3729
3854 3731
3855 3731
3856 3734
3857 3734
3858 3736
3859 3736
3860 3738
3861 3738
3862 3740
3863 3740
3864 3742
3865 3742
3866 3745
3867 3747
3868 3747
3869 3749
3870 3749
3871 3751
3872 3751
3873 3754
3874 3754
3875 3756
3876 3756
3877 3758
3878 3758
3880 3760
3881 3760
3882 3762
3883 3762
3884 3765
3885 3767
3886 3767
3887 3769
3888 3769
3889 3771
3890 3771
3891 3773
3892 3773
3893 3776
3894 3776
3895 3778
3896 3778
3897 3780
3898 3782
3899 3782
3900 3785
3901 3785
3902 3787
3903 3787
3904 3789
3905 3789
3906 3791
3907 3791
3908 3793
3909 3796
3910 3796
3911 3798
3912 3798
3913 3800
3914 3800
3915 3802
3916 3802
3917 3804
3918 3804
3919 3807
3920 3809
3921 3809
3923 3811
3924 3811
3925 3813
3926 3813
3927 3816
3928 3816
3929 3818
3930 3820
3931 3820
3932 3822
3933 3822
3934 3825
3935 3825
3936 3827
3937 3827
3938 3829
3939 3831
3940 3831
3941 3833
3942 3833
3943 3836
3944 3836
3945 3838
3946 3840
3947 3840
3948 3842
3949 3842
3950 3845
3951 3845
3952 3847
3953 3847
3954 3849
3955 3851
3956 3851
3957 3854
3958 3854
3959 3856
3960 3856
3961 3858
3962 3860
3963 3860
3964 3863
3966 3863
3967 3865
3968 3865
3969 3867
3970 3869
3971 3869
3972 3872
3973 3872
3974 3874
3975 3874
3976 3876
3977 3878
3978 3878
3979 3881
3980 3881
3981 3883
3982 3885
3983 3885
3984 3887
3985 3887
3986 3890
3987 3890
3988 3892
3989 3894
3990 3894
3991 3896
3992 3896
3993 3899
3994 3901
3995 3901
3996 3903
3997 3903
3998 3905
3999 3905
4000 3908
4001 3910
4002 3910
4003 3912
4004 3912
4005 3914
4006 3917
4007 3917
4009 3919
4010 3919
4011 3921
4012 3923
