81 368
82 368
83 368
84 367
85 367
87 367
88 366
89 366
90 366
91 366
92 365
93 365
94 365
95 364
96 364
97 364
98 364
99 363
100 363
101 363
102 363
103 362
104 362
105 362
106 362
107 361
108 361
109 361
110 360
111 360
112 360
113 360
114 360
115 359
116 359
117 359
118 359
119 358
120 358
121 358
122 358
123 358
124 357
125 357
126 357
127 357
128 356
130 356
131 356
132 356
133 356
134 356
135 355
136 355
137 355
138 355
139 355
140 354
141 354
142 354
143 354
144 354
145 354
146 353
147 353
148 353
149 353
150 353
151 353
152 353
153 352
154 352
155 352
156 352
157 352
158 352
159 351
160 351
161 351
162 351
163 351
164 351
165 351
166 351
167 351
168 350
169 350
170 350
171 350
173 350
174 350
175 350
176 350
177 350
178 349
179 349
180 349
181 349
182 349
183 349
184 349
185 349
186 349
187 349
188 349
189 349
190 348
191 348
192 348
193 348
194 348
195 348
196 348
197 348
198 348
199 348
200 348
201 348
202 348
203 348
204 348
205 348
206 348
207 348
208 348
209 348
210 348
211 348
212 348
213 347
214 347
216 347
217 347
218 347
219 347
220 347
221 347
222 347
223 347
224 347
225 347
226 347
227 347
228 347
229 347
230 348
231 348
232 348
233 348
234 348
235 348
236 348
237 348
238 348
239 348
240 348
241 348
242 348
243 348
244 348
245 348
246 348
247 348
248 348
249 348
250 348
251 348
252 348
253 348
254 349
255 349
256 349
257 349
259 349
260 349
261 349
262 349
263 349
264 349
265 349
266 349
267 350
268 350
269 350
270 350
271 350
272 350
273 350
274 350
275 350
276 350
277 351
278 351
279 351
280 351
281 351
282 351
283 351
284 351
285 352
286 352
287 352
288 352
289 352
290 352
291 352
292 353
293 353
294 353
295 353
296 353
297 353
298 354
299 354
300 354
302 354
303 354
304 354
305 355
306 355
307 355
308 355
309 355
310 356
311 356
312 356
313 356
314 356
315 356
316 357
317 357
318 357
319 357
320 357
321 358
322 358
323 358
324 358
325 359
326 359
327 359
328 359
329 359
330 360
331 360
332 360
333 360
334 361
335 361
336 361
337 361
338 361
339 362
340 362
341 362
342 363
343 363
345 363
346 363
347 364
348 364
349 364
350 364
351 365
352 365
353 365
354 365
355 366
356 366
357 366
358 367
359 367
360 367
361 367
362 368
363 368
364 368
365 369
366 369
367 369
368 370
369 370
370 370
371 371
372 371
373 371
374 372
375 372
376 372
377 372
378 373
379 373
380 373
381 374
382 374
383 374
384 375
385 375
386 375
388 376
389 376
390 376
391 377
392 377
393 378
394 378
395 378
396 379
397 379
398 379
399 380
400 380
401 380
402 381
403 381
404 382
405 382
406 382
407 383
408 383
409 384
410 384
411 384
412 385
413 385
414 386
415 386
416 386
417 387
418 387
419 388
420 388
421 388
422 389
423 389
424 390
425 390
426 390
427 391
428 391
429 392
430 392
432 392
433 393
434 393
435 394
436 394
437 395
438 395
439 395
440 396
441 397
442 397
443 397
444 398
445 398
446 399
447 399
448 400
449 400
450 401
451 401
452 401
453 402
454 403
455 403
456 404
457 404
458 404
459 405
460 405
461 406
462 406
463 407
464 407
465 408
466 408
467 409
468 409
469 410
470 410
471 411
472 411
473 412
475 413
476 413
477 414
478 414
479 415
480 415
481 415
482 416
483 416
484 417
485 418
486 418
487 419
488 419
489 420
490 421
491 421
492 422
493 422
494 423
495 423
496 424
497 424
498 425
499 425
500 426
501 426
502 427
503 428
504 428
505 429
506 429
507 430
508 430
509 431
510 432
511 432
512 433
513 433
514 434
515 434
516 435
518 436
519 436
520 437
521 437
522 438
523 439
524 439
525 440
526 441
527 441
528 442
529 442
530 443
531 444
532 444
533 445
534 446
535 446
536 447
537 448
538 448
539 449
540 449
541 450
542 451
543 451
544 452
545 452
546 453
547 454
548 455
549 455
550 456
551 457
552 457
553 458
554 458
555 459
556 460
557 460
558 461
559 462
561 463
562 463
563 464
564 465
565 465
566 466
567 466
568 467
569 468
570 469
571 470
572 470
573 471
574 471
575 472
576 473
577 474
578 474
579 475
580 476
581 476
582 477
583 478
584 479
585 479
586 480
587 481
588 481
589 482
590 483
591 484
592 484
593 485
594 486
595 486
596 487
597 488
598 489
599 489
600 490
601 491
602 492
604 493
605 493
606 494
607 495
608 496
609 496
610 497
611 497
612 498
613 499
614 500
615 501
616 501
617 502
618 503
619 504
620 504
621 505
622 506
623 507
624 508
625 508
626 509
627 510
628 511
629 512
630 513
631 513
632 514
633 515
634 516
635 517
636 517
637 518
638 519
639 520
640 520
641 521
642 522
643 523
644 524
645 525
647 526
648 526
649 527
650 528
651 529
652 529
653 530
654 531
655 532
656 533
657 534
658 534
659 535
660 536
661 537
662 538
663 539
664 540
665 540
666 541
667 542
668 543
669 544
670 545
671 545
672 547
673 547
674 548
675 549
676 550
677 551
678 552
679 553
680 553
681 555
682 555
683 556
684 557
685 558
686 559
687 560
688 560
690 561
691 562
692 563
693 564
694 565
695 566
696 567
697 568
698 569
699 570
700 570
701 572
702 572
703 573
704 574
705 575
706 576
707 577
708 578
709 579
710 579
711 581
712 581
713 582
714 583
715 584
716 585
717 586
718 587
719 588
720 589
721 590
722 590
723 592
724 592
725 594
726 594
727 595
728 596
729 597
730 598
731 599
733 600
734 601
735 602
736 603
737 604
738 605
739 606
740 607
741 608
742 609
743 610
744 611
745 611
746 613
747 613
748 615
749 615
750 617
751 617
752 619
753 619
754 621
755 621
756 623
757 623
758 625
759 625
760 627
761 627
762 629
763 629
764 631
765 631
766 633
767 633
768 635
769 635
770 637
771 637
772 639
773 640
774 641
776 642
777 643
778 644
779 645
780 646
781 647
782 648
783 649
784 650
785 651
786 652
787 653
788 654
789 655
790 656
791 657
792 658
793 659
794 660
795 661
796 662
797 663
798 665
799 665
800 667
801 667
802 669
803 670
804 671
805 672
806 673
807 674
808 675
809 676
810 677
811 678
812 679
813 680
814 681
815 683
816 683
817 685
818 686
820 687
821 688
822 689
823 690
824 691
825 692
826 693
827 695
828 695
829 697
830 698
831 699
832 700
833 701
834 702
835 704
836 704
837 705
838 707
839 707
840 709
841 710
842 711
843 712
844 713
845 714
846 716
847 716
848 717
849 719
850 720
851 721
852 722
853 723
854 724
855 726
856 727
857 727
858 729
859 730
860 731
861 732
863 734
864 734
865 736
866 737
867 737
868 739
869 740
870 741
871 742
872 744
873 745
874 745
875 747
876 748
877 749
878 750
879 752
880 753
881 754
882 755
883 756
884 757
885 758
886 760
887 761
888 762
889 763
890 764
891 766
892 766
893 768
894 769
895 771
896 771
897 772
898 774
899 775
900 776
901 777
902 779
903 780
904 780
906 782
907 783
908 785
909 786
910 786
911 788
912 789
913 791
914 791
915 793
916 794
917 795
918 796
919 797
920 799
921 800
922 801
923 802
924 803
925 805
926 806
927 808
928 808
929 809
930 811
931 812
932 814
933 814
934 815
935 817
936 818
937 820
938 820
939 821
940 823
941 824
942 826
943 827
944 827
945 829
946 830
947 832
949 833
950 834
951 835
952 836
953 838
954 839
955 840
956 842
957 842
958 844
959 845
960 846
961 848
962 849
963 851
964 851
965 852
966 854
967 855
968 856
969 858
970 859
971 860
972 861
973 862
974 864
975 865
976 867
977 868
978 869
979 870
980 871
981 873
982 874
983 875
984 877
985 878
986 879
987 881
988 882
989 883
990 884
992 885
993 887
994 888
995 889
996 891
997 892
998 894
999 895
1000 895
1001 897
1002 898
1003 899
1004 901
1005 902
1006 903
1007 905
1008 906
1009 908
1010 909
1011 910
1012 911
1013 912
1014 913
1015 915
1016 916
1017 917
1018 919
1019 920
1020 922
1021 923
1022 924
1023 926
1024 927
1025 928
1026 930
1027 931
1028 932
1029 934
1030 935
1031 935
1032 937
1033 938
1035 940
1036 941
1037 942
1038 944
1039 945
1040 946
1041 948
1042 949
1043 950
1044 952
1045 953
1046 954
1047 956
1048 957
1049 958
1050 960
1051 961
1052 962
1053 964
1054 965
1055 966
1056 968
1057 969
1058 970
1059 972
1060 973
1061 974
1062 976
1063 977
1064 979
1065 980
1066 981
1067 983
1068 984
1069 985
1070 987
1071 988
1072 989
1073 990
1074 992
1075 993
1076 994
1078 996
1079 997
1080 998
1081 1000
1082 1001
1083 1002
1084 1004
1085 1005
1086 1006
1087 1008
1088 1009
1089 1010
1090 1013
1091 1014
1092 1015
1093 1017
1094 1018
1095 1019
1096 1021
1097 1022
1098 1023
1099 1025
1100 1026
1101 1027
1102 1028
1103 1030
1104 1031
1105 1032
1106 1034
1107 1035
1108 1036
1109 1039
1110 1040
1111 1041
1112 1043
1113 1044
1114 1045
1115 1046
1116 1048
1117 1049
1118 1050
1119 1052
1121 1053
1122 1054
1123 1057
1124 1058
1125 1059
1126 1061
1127 1062
1128 1063
1129 1064
1130 1066
1131 1067
1132 1068
1133 1071
1134 1072
1135 1073
1136 1074
1137 1076
1138 1077
1139 1078
1140 1080
1141 1081
1142 1082
1143 1085
1144 1086
1145 1087
1146 1088
1147 1090
1148 1091
1149 1092
1150 1094
1151 1095
1152 1097
1153 1098
1154 1100
1155 1101
1156 1102
1157 1103
1158 1105
1159 1106
1160 1108
1161 1110
1162 1111
1164 1112
1165 1113
1166 1115
1167 1116
1168 1117
1169 1120
1170 1121
1171 1122
1172 1123
1173 1125
1174 1126
1175 1128
1176 1129
1177 1131
1178 1132
1179 1133
1180 1135
1181 1136
1182 1138
1183 1139
1184 1141
1185 1142
1186 1143
1187 1144
1188 1147
1189 1148
1190 1149
1191 1150
1192 1152
1193 1153
1194 1155
1195 1156
1196 1158
1197 1159
1198 1160
1199 1161
1200 1164
1201 1165
1202 1166
1203 1167
1204 1169
1205 1171
1207 1172
1208 1173
1209 1175
1210 1176
1211 1177
1212 1179
1213 1181
1214 1182
1215 1183
1216 1184
1217 1187
1218 1188
1219 1189
1220 1190
1221 1193
1222 1194
1223 1195
1224 1196
1225 1198
1226 1199
1227 1201
1228 1202
1229 1204
1230 1205
1231 1207
1232 1208
1233 1210
1234 1211
1235 1212
1236 1214
1237 1215
1238 1217
1239 1218
1240 1219
1241 1221
1242 1223
1243 1224
1244 1225
1245 1227
1246 1229
1247 1230
1248 1231
1249 1232
1251 1234
1252 1236
1253 1237
1254 1238
1255 1240
1256 1242
1257 1243
1258 1244
1259 1246
1260 1247
1261 1249
1262 1250
1263 1252
1264 1253
1265 1254
1266 1256
1267 1258
1268 1259
1269 1260
1270 1262
1271 1264
1272 1265
1273 1266
1274 1267
1275 1270
1276 1271
1277 1272
1278 1273
1279 1275
1280 1277
1281 1278
1282 1280
1283 1281
1284 1282
1285 1284
1286 1286
1287 1287
1288 1288
1289 1289
1290 1292
1291 1293
1292 1294
1294 1295
1295 1297
1296 1299
1297 1300
1298 1302
1299 1303
1300 1304
1301 1307
1302 1308
1303 1309
1304 1310
1305 1312
1306 1314
1307 1315
1308 1317
1309 1318
1310 1319
1311 1320
1312 1323
1313 1324
1314 1325
1315 1327
1316 1328
1317 1330
1318 1332
1319 1333
1320 1334
1321 1335
1322 1337
1323 1339
1324 1340
1325 1342
1326 1343
1327 1344
1328 1347
1329 1348
1330 1349
1331 1350
1332 1352
1333 1353
1334 1355
1335 1357
1337 1358
1338 1359
1339 1361
1340 1362
1341 1364
1342 1366
1343 1367
1344 1368
1345 1370
1346 1371
1347 1373
1348 1375
1349 1376
1350 1377
1351 1378
1352 1380
1353 1381
1354 1384
1355 1385
1356 1386
1357 1387
1358 1389
1359 1390
1360 1393
1361 1394
1362 1395
1363 1397
1364 1398
1365 1399
1366 1400
1367 1403
1368 1404
1369 1406
1370 1407
1371 1408
1372 1410
1373 1412
1374 1413
1375 1415
1376 1416
1377 1417
1378 1419
1380 1420
1381 1423
1382 1424
1383 1425
1384 1427
1385 1428
1386 1429
1387 1431
1388 1433
1389 1434
1390 1436
1391 1437
1392 1438
1393 1440
1394 1441
1395 1442
1396 1445
1397 1446
1398 1448
1399 1449
1400 1450
1401 1452
1402 1453
1403 1454
1404 1457
1405 1458
1406 1460
1407 1461
1408 1462
1409 1464
1410 1465
1411 1466
1412 1469
1413 1470
1414 1472
1415 1473
1416 1474
1417 1476
1418 1477
1419 1478
1420 1481
1421 1482
1423 1484
1424 1485
1425 1486
1426 1488
1427 1489
1428 1491
1429 1492
1430 1495
1431 1496
1432 1497
1433 1499
1434 1500
1435 1501
1436 1503
1437 1504
1438 1505
1439 1507
1440 1510
1441 1511
1442 1512
1443 1514
1444 1515
1445 1516
1446 1518
1447 1519
1448 1520
1449 1522
1450 1525
1451 1526
1452 1527
1453 1529
1454 1530
1455 1531
1456 1533
1457 1534
1458 1536
1459 1537
1460 1540
1461 1541
1462 1543
1463 1544
1464 1545
1466 1547
1467 1548
1468 1549
1469 1551
1470 1552
1471 1554
1472 1555
1473 1558
1474 1559
1475 1561
1476 1562
1477 1563
1478 1565
1479 1566
1480 1568
1481 1569
1482 1570
1483 1572
1484 1573
1485 1575
1486 1577
1487 1579
1488 1580
1489 1582
1490 1583
1491 1584
1492 1586
1493 1587
1494 1589
1495 1590
1496 1591
1497 1593
1498 1594
1499 1596
1500 1597
1501 1600
1502 1601
1503 1603
1504 1604
1505 1606
1506 1607
1507 1608
1509 1610
1510 1611
1511 1613
1512 1614
1513 1616
1514 1617
1515 1618
1516 1620
1517 1621
1518 1623
1519 1624
1520 1627
1521 1628
1522 1630
1523 1631
1524 1633
1525 1634
1526 1636
1527 1637
1528 1638
1529 1640
1530 1641
1531 1643
1532 1644
1533 1646
1534 1647
1535 1648
1536 1650
1537 1651
1538 1653
1539 1654
1540 1656
1541 1657
1542 1659
1543 1661
1544 1663
1545 1664
1546 1666
1547 1667
1548 1669
1549 1670
1550 1672
1552 1673
1553 1675
1554 1676
1555 1677
1556 1679
1557 1680
1558 1682
1559 1683
1560 1685
1561 1686
1562 1688
1563 1689
1564 1691
1565 1692
1566 1694
1567 1695
1568 1697
1569 1698
1570 1699
1571 1701
1572 1702
1573 1704
1574 1705
1575 1707
1576 1708
1577 1710
1578 1711
1579 1713
1580 1714
1581 1716
1582 1717
1583 1719
1584 1720
1585 1722
1586 1723
1587 1725
1588 1726
1589 1728
1590 1729
1591 1731
1592 1732
1593 1734
1595 1735
1596 1736
1597 1738
1598 1739
1599 1741
1600 1742
1601 1744
1602 1745
1603 1747
1604 1748
1605 1750
1606 1751
1607 1753
1608 1754
1609 1756
1610 1757
1611 1759
1612 1760
1613 1762
1614 1763
1615 1765
1616 1766
1617 1768
1618 1769
1619 1771
1620 1772
1621 1774
1622 1776
1623 1777
1624 1779
1625 1780
1626 1782
1627 1783
1628 1785
1629 1786
1630 1788
1631 1789
1632 1791
1633 1792
1634 1794
1635 1795
1636 1797
1637 1798
1639 1800
1640 1801
1641 1803
1642 1804
1643 1806
1644 1807
1645 1809
1646 1810
1647 1812
1648 1814
1649 1815
1650 1817
1651 1817
1652 1818
1653 1820
1654 1821
1655 1823
1656 1824
1657 1826
1658 1827
1659 1829
1660 1830
1661 1832
1662 1834
1663 1835
1664 1837
1665 1838
1666 1840
1667 1841
1668 1843
1669 1844
1670 1846
1671 1847
1672 1849
1673 1851
1674 1852
1675 1852
1676 1854
1677 1855
1678 1857
1679 1858
1680 1860
1682 1861
1683 1863
1684 1865
1685 1866
1686 1868
1687 1869
1688 1871
1689 1872
1690 1874
1691 1875
1692 1877
1693 1877
1694 1879
1695 1880
1696 1882
1697 1883
1698 1885
1699 1886
1700 1888
1701 1890
1702 1891
1703 1893
1704 1894
1705 1896
1706 1897
1707 1899
1708 1899
1709 1901
1710 1902
1711 1904
1712 1905
1713 1907
1714 1908
1715 1910
1716 1912
1717 1913
1718 1915
1719 1916
1720 1918
1721 1918
1722 1920
1723 1921
1725 1923
1726 1924
1727 1926
1728 1927
1729 1929
1730 1931
1731 1932
1732 1934
1733 1935
1734 1935
1735 1937
1736 1939
1737 1940
1738 1942
1739 1943
1740 1945
1741 1947
1742 1948
1743 1950
1744 1951
1745 1951
1746 1953
1747 1955
1748 1956
1749 1958
1750 1959
1751 1961
1752 1963
1753 1964
1754 1966
1755 1966
1756 1967
1757 1969
1758 1971
1759 1972
1760 1974
1761 1976
1762 1977
1763 1979
1764 1979
1765 1980
1766 1982
1768 1984
1769 1985
1770 1987
1771 1988
1772 1990
1773 1992
1774 1992
1775 1993
1776 1995
1777 1997
1778 1998
1779 2000
1780 2001
1781 2003
1782 2005
1783 2005
1784 2006
1785 2008
1786 2010
1787 2011
1788 2013
1789 2015
1790 2016
1791 2016
1792 2018
1793 2019
1794 2021
1795 2023
1796 2024
1797 2026
1798 2028
1799 2028
1800 2029
1801 2031
1802 2033
1803 2034
1804 2036
1805 2037
1806 2037
1807 2039
1808 2041
1809 2042
1811 2044
1812 2046
1813 2047
1814 2047
1815 2049
1816 2051
1817 2052
1818 2054
1819 2056
1820 2057
1821 2057
1822 2059
1823 2061
1824 2062
1825 2064
1826 2066
1827 2067
1828 2067
1829 2069
1830 2071
1831 2072
1832 2074
1833 2076
1834 2077
1835 2077
1836 2079
1837 2080
1838 2082
1839 2084
1840 2085
1841 2085
1842 2087
1843 2089
1844 2090
1845 2092
1846 2094
1847 2094
1848 2096
1849 2097
1850 2099
1851 2101
1852 2102
1854 2104
1855 2104
1856 2106
1857 2107
1858 2109
1859 2111
1860 2111
1861 2112
1862 2114
1863 2116
1864 2117
1865 2119
1866 2119
1867 2121
1868 2122
1869 2124
1870 2126
1871 2127
1872 2127
1873 2129
1874 2131
1875 2132
1876 2134
1877 2136
1878 2136
1879 2138
1880 2139
1881 2141
1882 2143
1883 2143
1884 2144
1885 2146
1886 2148
1887 2149
1888 2149
1889 2151
1890 2153
1891 2155
1892 2156
1893 2158
1894 2158
1895 2160
1897 2161
1898 2163
1899 2165
1900 2165
1901 2166
1902 2168
1903 2170
1904 2172
1905 2172
1906 2173
1907 2175
1908 2177
1909 2178
1910 2178
1911 2180
1912 2182
1913 2184
1914 2185
1915 2185
1916 2187
1917 2189
1918 2190
1919 2192
1920 2192
1921 2194
1922 2196
1923 2197
1924 2199
1925 2199
1926 2201
1927 2202
1928 2204
1929 2204
1930 2206
1931 2208
1932 2209
1933 2211
1934 2211
1935 2213
1936 2215
1937 2216
1938 2218
1940 2218
1941 2220
1942 2221
1943 2223
1944 2223
1945 2225
1946 2227
1947 2228
1948 2230
1949 2230
1950 2232
1951 2234
1952 2235
1953 2235
1954 2237
1955 2239
1956 2241
1957 2242
1958 2242
1959 2244
1960 2246
1961 2248
1962 2248
1963 2249
1964 2251
1965 2253
1966 2253
1967 2255
1968 2256
1969 2258
1970 2258
1971 2260
1972 2261
1973 2263
1974 2265
1975 2265
1976 2267
1977 2269
1978 2270
1979 2270
1980 2272
1981 2274
1983 2276
1984 2276
1985 2277
1986 2279
1987 2281
1988 2281
1989 2283
1990 2284
1991 2286
1992 2286
1993 2288
1994 2290
1995 2291
1996 2291
1997 2293
1998 2295
1999 2297
2000 2297
2001 2298
2002 2300
2003 2302
2004 2302
2005 2304
2006 2305
2007 2307
2008 2307
2009 2309
2010 2311
2011 2311
2012 2313
2013 2314
2014 2316
2015 2316
2016 2318
2017 2320
2018 2321
2019 2321
2020 2323
2021 2325
2022 2327
2023 2327
2024 2329
2026 2330
2027 2330
2028 2332
2029 2334
2030 2336
2031 2336
2032 2337
2033 2339
2034 2341
2035 2341
2036 2343
2037 2345
2038 2345
2039 2346
2040 2348
2041 2350
2042 2350
2043 2352
2044 2354
2045 2354
2046 2355
2047 2357
2048 2359
2049 2359
2050 2361
2051 2363
2052 2364
2053 2364
2054 2366
2055 2368
2056 2368
2057 2370
2058 2372
2059 2372
2060 2373
2061 2375
2062 2377
2063 2377
2064 2379
2065 2381
2066 2381
2067 2382
2068 2384
2070 2386
2071 2386
2072 2388
2073 2390
2074 2390
2075 2391
2076 2393
2077 2393
2078 2395
2079 2397
2080 2399
2081 2399
2082 2400
2083 2402
2084 2402
2085 2404
2086 2406
2087 2406
2088 2408
2089 2410
2090 2411
2091 2411
2092 2413
2093 2415
2094 2415
2095 2417
2096 2419
2097 2419
2098 2420
2099 2422
2100 2422
2101 2424
2102 2426
2103 2426
2104 2428
2105 2430
2106 2431
2107 2431
2108 2433
2109 2435
2110 2435
2111 2437
2113 2439
2114 2439
2115 2440
2116 2442
2117 2442
2118 2444
2119 2446
2120 2446
2121 2448
2122 2450
2123 2450
2124 2451
2125 2453
2126 2453
2127 2455
2128 2457
2129 2457
2130 2459
2131 2461
2132 2461
2133 2463
2134 2464
2135 2464
2136 2466
2137 2468
2138 2468
2139 2470
2140 2472
2141 2472
2142 2474
2143 2475
2144 2475
2145 2477
2146 2479
2147 2479
2148 2481
2149 2483
2150 2483
2151 2485
2152 2486
2153 2486
2154 2488
2156 2490
2157 2490
2158 2492
2159 2494
2160 2494
2161 2496
2162 2498
2163 2498
2164 2499
2165 2501
2166 2501
2167 2503
2168 2503
2169 2505
2170 2507
2171 2507
2172 2509
2173 2511
2174 2511
2175 2512
2176 2514
2177 2514
2178 2516
2179 2518
2180 2518
2181 2520
2182 2520
2183 2522
2184 2524
2185 2524
2186 2526
2187 2527
2188 2527
2189 2529
2190 2531
2191 2531
2192 2533
2193 2535
2194 2535
2195 2537
2196 2537
2197 2539
2199 2540
2200 2540
2201 2542
2202 2544
2203 2544
2204 2546
2205 2546
2206 2548
2207 2550
2208 2550
2209 2552
2210 2554
2211 2554
2212 2555
2213 2555
2214 2557
2215 2559
2216 2559
2217 2561
2218 2563
2219 2563
2220 2565
2221 2565
2222 2567
2223 2569
2224 2569
2225 2571
2226 2572
2227 2572
2228 2574
2229 2574
2230 2576
2231 2578
2232 2578
2233 2580
2234 2580
2235 2582
2236 2584
2237 2584
2238 2586
2239 2588
2240 2588
2242 2589
2243 2589
2244 2591
2245 2593
2246 2593
2247 2595
2248 2595
2249 2597
2250 2599
2251 2599
2252 2601
2253 2601
2254 2603
2255 2605
2256 2605
2257 2607
2258 2607
2259 2608
2260 2610
2261 2610
2262 2612
2263 2612
2264 2614
2265 2616
2266 2616
2267 2618
2268 2618
2269 2620
2270 2622
2271 2622
2272 2624
2273 2624
2274 2626
2275 2628
2276 2628
2277 2629
2278 2629
2279 2631
2280 2633
2281 2633
2282 2635
2283 2635
2285 2637
2286 2639
2287 2639
2288 2641
2289 2641
2290 2643
2291 2643
2292 2645
2293 2647
2294 2647
2295 2649
2296 2649
2297 2650
2298 2652
2299 2652
2300 2654
2301 2654
2302 2656
2303 2656
2304 2658
2305 2660
2306 2660
2307 2662
2308 2662
2309 2664
2310 2664
2311 2666
2312 2668
2313 2668
2314 2670
2315 2670
2316 2672
2317 2672
2318 2674
2319 2676
2320 2676
2321 2677
2322 2677
2323 2679
2324 2679
2325 2681
2326 2683
2328 2683
2329 2685
2330 2685
2331 2687
2332 2687
2333 2689
2334 2691
2335 2691
2336 2693
2337 2693
2338 2695
2339 2695
2340 2697
2341 2699
2342 2699
2343 2701
2344 2701
2345 2703
2346 2703
2347 2705
2348 2705
2349 2706
2350 2708
2351 2708
2352 2710
2353 2710
2354 2712
2355 2712
2356 2714
2357 2714
2358 2716
2359 2718
2360 2718
2361 2720
2362 2720
2363 2722
2364 2722
2365 2724
2366 2724
2367 2726
2368 2726
2369 2728
2371 2730
2372 2730
2373 2732
2374 2732
2375 2734
2376 2734
2377 2736
2378 2736
2379 2738
2380 2740
2381 2740
2382 2742
2383 2742
2384 2744
2385 2744
2386 2745
2387 2745
2388 2747
2389 2747
2390 2749
2391 2749
2392 2751
2393 2753
2394 2753
2395 2755
2396 2755
2397 2757
2398 2757
2399 2759
2400 2759
2401 2761
2402 2761
2403 2763
2404 2763
2405 2765
2406 2765
2407 2767
2408 2769
2409 2769
2410 2771
2411 2771
2412 2773
2414 2773
2415 2775
2416 2775
2417 2777
2418 2777
2419 2779
2420 2779
2421 2781
2422 2781
2423 2783
2424 2783
2425 2785
2426 2785
2427 2787
2428 2789
2429 2789
2430 2791
2431 2791
2432 2793
2433 2793
2434 2795
2435 2795
2436 2797
2437 2797
2438 2799
2439 2799
2440 2801
2441 2801
2442 2803
2443 2803
2444 2805
2445 2805
2446 2807
2447 2807
2448 2809
2449 2809
2450 2811
2451 2811
2452 2813
2453 2813
2454 2815
2455 2815
2457 2817
2458 2817
2459 2819
2460 2821
2461 2821
2462 2822
2463 2822
2464 2824
2465 2824
2466 2826
2467 2826
2468 2828
2469 2828
2470 2830
2471 2830
2472 2832
2473 2832
2474 2834
2475 2834
2476 2836
2477 2836
2478 2838
2479 2838
2480 2840
2481 2840
2482 2842
2483 2842
2484 2844
2485 2844
2486 2846
2487 2846
2488 2848
2489 2848
2490 2850
2491 2850
2492 2852
2493 2852
2494 2854
2495 2854
2496 2856
2497 2856
2498 2858
2499 2858
2501 2860
2502 2860
2503 2862
2504 2862
2505 2862
2506 2864
2507 2864
2508 2866
2509 2866
2510 2868
2511 2868
2512 2870
2513 2870
2514 2872
2515 2872
2516 2875
2517 2875
2518 2877
2519 2877
2520 2879
2521 2879
2522 2881
2523 2881
2524 2883
2525 2883
2526 2885
2527 2885
2528 2887
2529 2887
2530 2889
2531 2889
2532 2891
2533 2891
2534 2893
2535 2893
2536 2895
2537 2895
2538 2895
2539 2897
2540 2897
2541 2899
2542 2899
2544 2901
2545 2901
2546 2903
2547 2903
2548 2905
2549 2905
2550 2907
2551 2907
2552 2909
2553 2909
2554 2911
2555 2911
2556 2913
2557 2913
2558 2913
2559 2915
2560 2915
2561 2917
2562 2917
2563 2919
2564 2919
2565 2921
2566 2921
2567 2923
2568 2923
2569 2925
2570 2925
2571 2927
2572 2927
2573 2927
2574 2929
2575 2929
2576 2931
2577 2931
2578 2933
2579 2933
2580 2935
2581 2935
2582 2937
2583 2937
2584 2939
2585 2939
2587 2941
2588 2941
2589 2941
2590 2943
2591 2943
2592 2945
2593 2945
2594 2947
2595 2947
2596 2949
2597 2949
2598 2951
2599 2951
2600 2951
2601 2954
2602 2954
2603 2956
2604 2956
2605 2958
2606 2958
2607 2960
2608 2960
2609 2962
2610 2962
2611 2962
2612 2964
2613 2964
2614 2966
2615 2966
2616 2968
2617 2968
2618 2970
2619 2970
2620 2972
2621 2972
2622 2972
2623 2974
2624 2974
2625 2976
2626 2976
2627 2978
2628 2978
2630 2980
2631 2980
2632 2980
2633 2982
2634 2982
2635 2984
2636 2984
2637 2986
2638 2986
2639 2988
2640 2988
2641 2988
2642 2990
2643 2990
2644 2992
2645 2992
2646 2995
2647 2995
2648 2997
2649 2997
2650 2997
2651 2999
2652 2999
2653 3001
2654 3001
2655 3003
2656 3003
2657 3003
2658 3005
2659 3005
2660 3007
2661 3007
2662 3009
2663 3009
2664 3011
2665 3011
2666 3011
2667 3013
2668 3013
2669 3015
2670 3015
2671 3017
2673 3017
2674 3017
2675 3019
2676 3019
2677 3021
2678 3021
2679 3023
2680 3023
2681 3023
2682 3025
2683 3025
2684 3028
2685 3028
2686 3030
2687 3030
2688 3030
2689 3032
2690 3032
2691 3034
2692 3034
2693 3036
2694 3036
2695 3036
2696 3038
2697 3038
2698 3040
2699 3040
2700 3042
2701 3042
2702 3042
2703 3044
2704 3044
2705 3046
2706 3046
2707 3048
2708 3048
2709 3048
2710 3050
2711 3050
2712 3052
2713 3052
2714 3055
2716 3055
2717 3055
2718 3057
2719 3057
2720 3059
2721 3059
2722 3059
2723 3061
2724 3061
2725 3063
2726 3063
2727 3065
2728 3065
2729 3065
2730 3067
2731 3067
2732 3069
2733 3069
2734 3069
2735 3071
2736 3071
2737 3073
2738 3073
2739 3075
2740 3075
2741 3075
2742 3077
2743 3077
2744 3080
2745 3080
2746 3080
2747 3082
2748 3082
2749 3084
2750 3084
2751 3084
2752 3086
2753 3086
2754 3088
2755 3088
2756 3090
2757 3090
2759 3090
2760 3092
2761 3092
2762 3094
2763 3094
2764 3094
2765 3096
2766 3096
2767 3098
2768 3098
2769 3098
2770 3101
2771 3101
2772 3103
2773 3103
2774 3103
2775 3105
2776 3105
2777 3107
2778 3107
2779 3109
2780 3109
2781 3109
2782 3111
2783 3111
2784 3113
2785 3113
2786 3113
2787 3115
2788 3115
2789 3117
2790 3117
2791 3117
2792 3119
2793 3119
2794 3122
2795 3122
2796 3122
2797 3124
2798 3124
2799 3126
2800 3126
2802 3126
2803 3128
2804 3128
2805 3130
2806 3130
2807 3130
2808 3132
2809 3132
2810 3134
2811 3134
2812 3134
2813 3136
2814 3136
2815 3138
2816 3138
2817 3138
2818 3141
2819 3141
2820 3143
2821 3143
2822 3143
2823 3145
2824 3145
2825 3147
2826 3147
2827 3147
2828 3149
2829 3149
2830 3149
2831 3151
2832 3151
2833 3153
2834 3153
2835 3153
2836 3155
2837 3155
2838 3157
2839 3157
2840 3157
2841 3160
2842 3160
2843 3162
2845 3162
2846 3162
2847 3164
2848 3164
2849 3166
2850 3166
2851 3166
2852 3168
2853 3168
2854 3168
2855 3170
2856 3170
2857 3172
2858 3172
2859 3172
2860 3174
2861 3174
2862 3177
2863 3177
2864 3177
2865 3179
2866 3179
2867 3181
2868 3181
2869 3181
2870 3183
2871 3183
2872 3183
2873 3185
2874 3185
2875 3187
2876 3187
2877 3187
2878 3189
2879 3189
2880 3192
2881 3192
2882 3192
2883 3194
2884 3194
2885 3194
2886 3196
2887 3196
2889 3198
2890 3198
2891 3198
2892 3200
2893 3200
2894 3202
2895 3202
2896 3202
2897 3204
2898 3204
2899 3204
2900 3206
2901 3206
2902 3209
2903 3209
2904 3209
2905 3211
2906 3211
2907 3211
2908 3213
2909 3213
2910 3215
2911 3215
2912 3215
2913 3217
2914 3217
2915 3219
2916 3219
2917 3219
2918 3221
2919 3221
2920 3221
2921 3224
2922 3224
2923 3226
2924 3226
2925 3226
2926 3228
2927 3228
2928 3228
2929 3230
2930 3230
2932 3232
2933 3232
2934 3232
2935 3234
2936 3234
2937 3234
2938 3237
2939 3237
2940 3239
2941 3239
2942 3239
2943 3241
2944 3241
2945 3241
2946 3243
2947 3243
2948 3245
2949 3245
2950 3245
2951 3247
2952 3247
2953 3247
2954 3249
2955 3249
2956 3252
2957 3252
2958 3252
2959 3254
2960 3254
2961 3254
2962 3256
2963 3256
2964 3258
2965 3258
2966 3258
2967 3260
2968 3260
2969 3260
2970 3262
2971 3262
2972 3265
2973 3265
2975 3265
2976 3267
2977 3267
2978 3267
2979 3269
2980 3269
2981 3269
2982 3271
2983 3271
2984 3273
2985 3273
2986 3273
2987 3275
2988 3275
2989 3275
2990 3277
2991 3277
2992 3280
2993 3280
2994 3280
2995 3282
2996 3282
2997 3282
2998 3284
2999 3284
3000 3286
3001 3286
3002 3286
3003 3288
3004 3288
3005 3288
3006 3291
3007 3291
3008 3291
3009 3293
3010 3293
3011 3295
3012 3295
3013 3295
3014 3297
3015 3297
3016 3297
3018 3299
3019 3299
3020 3301
3021 3301
3022 3301
3023 3304
3024 3304
3025 3304
3026 3306
3027 3306
3028 3306
3029 3308
3030 3308
3031 3310
3032 3310
3033 3310
3034 3312
3035 3312
3036 3312
3037 3314
3038 3314
3039 3314
3040 3317
3041 3317
3042 3319
3043 3319
3044 3319
3045 3321
3046 3321
3047 3321
3048 3323
3049 3323
3050 3325
3051 3325
3052 3325
3053 3328
3054 3328
3055 3328
3056 3330
3057 3330
3058 3330
3059 3332
3061 3332
3062 3334
3063 3334
3064 3334
3065 3336
3066 3336
3067 3336
3068 3338
3069 3338
3070 3338
3071 3341
3072 3341
3073 3343
3074 3343
3075 3343
3076 3345
3077 3345
3078 3345
3079 3347
3080 3347
3081 3347
3082 3349
3083 3349
3084 3352
3085 3352
3086 3352
3087 3354
3088 3354
3089 3354
3090 3356
3091 3356
3092 3356
3093 3358
3094 3358
3095 3360
3096 3360
3097 3360
3098 3363
3099 3363
3100 3363
3101 3365
3102 3365
3104 3365
3105 3367
3106 3367
3107 3369
3108 3369
3109 3369
3110 3371
3111 3371
3112 3371
3113 3374
3114 3374
3115 3374
3116 3376
3117 3376
3118 3376
3119 3378
3120 3378
3121 3380
3122 3380
3123 3380
3124 3382
3125 3382
3126 3382
3127 3385
3128 3385
3129 3385
3130 3387
3131 3387
3132 3389
3133 3389
3134 3389
3135 3391
3136 3391
3137 3391
3138 3393
3139 3393
3140 3393
3141 3396
3142 3396
3143 3398
3144 3398
3145 3398
3147 3400
3148 3400
3149 3400
3150 3402
3151 3402
3152 3402
3153 3404
3154 3404
3155 3407
3156 3407
3157 3407
3158 3409
3159 3409
3160 3409
3161 3411
3162 3411
3163 3411
3164 3413
3165 3413
3166 3415
3167 3415
3168 3415
3169 3418
3170 3418
3171 3418
3172 3420
3173 3420
3174 3420
3175 3422
3176 3422
3177 3424
3178 3424
3179 3424
3180 3427
3181 3427
3182 3427
3183 3429
3184 3429
3185 3429
3186 3431
3187 3431
3188 3433
3190 3433
3191 3433
3192 3435
3193 3435
3194 3435
3195 3438
3196 3438
3197 3438
3198 3440
3199 3440
3200 3442
3201 3442
3202 3442
3203 3444
3204 3444
3205 3444
3206 3447
3207 3447
3208 3447
3209 3449
3210 3449
3211 3451
3212 3451
3213 3451
3214 3453
3215 3453
3216 3453
3217 3455
3218 3455
3219 3455
3220 3458
3221 3458
3222 3460
3223 3460
3224 3460
3225 3462
3226 3462
3227 3462
3228 3464
3229 3464
3230 3464
3231 3467
3233 3467
3234 3469
3235 3469
3236 3469
3237 3471
3238 3471
3239 3471
3240 3473
3241 3473
3242 3473
3243 3476
3244 3476
3245 3478
3246 3478
3247 3478
3248 3480
3249 3480
3250 3480
3251 3482
3252 3482
3253 3482
3254 3485
3255 3485
3256 3487
3257 3487
3258 3487
3259 3489
3260 3489
3261 3489
3262 3491
3263 3491
3264 3494
3265 3494
3266 3494
3267 3496
3268 3496
3269 3496
3270 3498
3271 3498
3272 3498
3273 3500
3274 3500
3276 3503
3277 3503
3278 3503
3279 3505
3280 3505
3281 3505
3282 3507
3283 3507
3284 3509
3285 3509
3286 3509
3287 3511
3288 3511
3289 3511
3290 3514
3291 3514
3292 3514
3293 3516
3294 3516
3295 3518
3296 3518
3297 3518
3298 3521
3299 3521
3300 3521
3301 3523
3302 3523
3303 3525
3304 3525
3305 3525
3306 3527
3307 3527
3308 3527
3309 3530
3310 3530
3311 3532
3312 3532
3313 3532
3314 3534
3315 3534
3316 3534
3317 3536
3318 3536
3320 3536
3321 3539
3322 3539
3323 3541
3324 3541
3325 3541
3326 3543
3327 3543
3328 3543
3329 3545
3330 3545
3331 3548
3332 3548
3333 3548
3334 3550
3335 3550
3336 3550
3337 3552
3338 3552
3339 3554
3340 3554
3341 3554
3342 3557
3343 3557
3344 3557
3345 3559
3346 3559
3347 3561
3348 3561
3349 3561
3350 3563
3351 3563
3352 3563
3353 3566
3354 3566
3355 3568
3356 3568
3357 3568
3358 3570
3359 3570
3360 3573
3361 3573
3363 3573
3364 3575
3365 3575
3366 3575
3367 3577
3368 3577
3369 3579
3370 3579
3371 3579
3372 3582
3373 3582
3374 3582
3375 3584
3376 3584
3377 3586
3378 3586
3379 3586
3380 3588
3381 3588
3382 3588
3383 3591
3384 3591
3385 3593
3386 3593
3387 3593
3388 3595
3389 3595
3390 3598
3391 3598
3392 3598
3393 3600
3394 3600
3395 3600
3396 3602
3397 3602
3398 3604
3399 3604
3400 3604
3401 3607
3402 3607
3403 3609
3404 3609
3406 3609
3407 3611
3408 3611
3409 3611
3410 3614
3411 3614
3412 3616
3413 3616
3414 3616
3415 3618
3416 3618
3417 3620
3418 3620
3419 3620
3420 3623
3421 3623
3422 3623
3423 3625
3424 3625
3425 3627
3426 3627
3427 3627
3428 3630
3429 3630
3430 3632
3431 3632
3432 3632
3433 3634
3434 3634
3435 3636
3436 3636
3437 3636
3438 3639
3439 3639
3440 3639
3441 3641
3442 3641
3443 3643
3444 3643
3445 3643
3446 3646
3447 3646
3449 3648
3450 3648
3451 3648
3452 3650
3453 3650
3454 3653
3455 3653
3456 3653
3457 3655
3458 3655
3459 3657
3460 3657
3461 3657
3462 3659
3463 3659
3464 3662
3465 3662
3466 3662
3467 3664
3468 3664
3469 3666
3470 3666
3471 3666
3472 3669
3473 3669
3474 3671
3475 3671
3476 3671
3477 3673
3478 3673
3479 3676
3480 3676
3481 3676
3482 3678
3483 3678
3484 3680
3485 3680
3486 3680
3487 3682
3488 3682
3489 3685
3490 3685
3492 3685
3493 3687
3494 3687
3495 3689
3496 3689
3497 3689
3498 3692
3499 3692
3500 3694
3501 3694
3502 3694
3503 3696
3504 3696
3505 3699
3506 3699
3507 3699
3508 3701
3509 3701
3510 3703
3511 3703
3512 3703
3513 3706
3514 3706
3515 3708
3516 3708
3517 3708
3518 3710
3519 3710
3520 3713
3521 3713
3522 3715
3523 3715
3524 3715
3525 3717
3526 3717
3527 3720
3528 3720
3529 3720
3530 3722
3531 3722
3532 3724
3533 3724
3535 3724
3536 3727
3537 3727
3538 3729
3539 3729
3540 3731
3541 3731
3542 3731
3543 3734
3544 3734
3545 3736
3546 3736
3547 3736
3548 3738
3549 3738
3550 3740
3551 3740
3552 3740
3553 3743
3554 3743
3555 3745
3556 3745
3557 3747
3558 3747
3559 3747
3560 3750
3561 3750
3562 3752
3563 3752
3564 3754
3565 3754
3566 3754
3567 3757
3568 3757
3569 3759
3570 3759
3571 3759
3572 3762
3573 3762
3574 3764
3575 3764
3576 3766
3578 3766
3579 3766
3580 3769
3581 3769
3582 3771
3583 3771
3584 3773
3585 3773
3586 3773
3587 3776
3588 3776
3589 3778
3590 3778
3591 3780
3592 3780
3593 3780
3594 3783
3595 3783
3596 3785
3597 3785
3598 3787
3599 3787
3600 3787
3601 3790
3602 3790
3603 3792
3604 3792
3605 3794
3606 3794
3607 3794
3608 3797
3609 3797
3610 3799
3611 3799
3612 3801
3613 3801
3614 3801
3615 3804
3616 3804
3617 3806
3618 3806
3619 3808
3621 3808
3622 3808
3623 3811
3624 3811
3625 3813
3626 3813
3627 3815
3628 3815
3629 3818
3630 3818
3631 3818
3632 3820
3633 3820
3634 3823
3635 3823
3636 3825
3637 3825
3638 3827
3639 3827
3640 3827
3641 3830
3642 3830
3643 3832
3644 3832
3645 3834
3646 3834
3647 3834
3648 3837
3649 3837
3650 3839
3651 3839
3652 3841
3653 3841
3654 3844
3655 3844
3656 3846
3657 3846
3658 3846
3659 3849
3660 3849
3661 3851
3662 3851
3664 3853
3665 3853
3666 3856
3667 3856
3668 3856
3669 3858
3670 3858
3671 3860
3672 3860
3673 3863
3674 3863
3675 3865
3676 3865
3677 3867
3678 3867
3679 3867
3680 3870
3681 3870
3682 3872
3683 3872
3684 3875
3685 3875
3686 3877
3687 3877
3688 3879
3689 3879
3690 3879
3691 3882
3692 3882
3693 3884
3694 3884
3695 3886
3696 3886
3697 3889
3698 3889
3699 3891
3700 3891
3701 3894
3702 3894
3703 3894
3704 3896
3705 3896
3706 3898
3708 3898
3709 3901
3710 3901
3711 3903
3712 3903
3713 3906
3714 3906
3715 3908
3716 3908
3717 3910
3718 3910
3719 3910
3720 3913
3721 3913
3722 3915
3723 3915
3724 3917
3725 3917
3726 3920
3727 3920
3728 3922
3729 3922
3730 3925
3731 3925
3732 3927
3733 3927
3734 3929
3735 3929
3736 3929
3737 3932
3738 3932
3739 3934
3740 3934
3741 3937
3742 3937
3743 3939
3744 3939
3745 3941
3746 3941
3747 3944
3748 3944
3749 3946
3751 3946
3752 3949
3753 3949
3754 3951
3755 3951
3756 3953
3757 3953
3758 3956
3759 3956
3760 3956
3761 3958
3762 3958
3763 3961
3764 3961
3765 3963
3766 3963
3767 3965
3768 3965
3769 3968
3770 3968
3771 3970
3772 3970
3773 3973
3774 3973
3775 3975
3776 3975
3777 3978
3778 3978
3779 3980
3780 3980
3781 3982
3782 3982
3783 3985
3784 3985
3785 3987
3786 3987
3787 3990
3788 3990
3789 3992
3790 3992
3791 3994
3792 3994
3794 3997
3795 3997
3796 3999
3797 3999
3798 4002
3799 4002
3800 4004
3801 4004
3802 4006
3803 4006
3804 4009
3805 4009
3806 4011
3807 4011
3808 4014
3809 4014
3810 4016
3811 4016
3812 4019
3813 4019
3814 4021
3815 4021
3816 4023
3817 4023
3818 4026
3819 4026
3820 4028
3821 4028
3822 4031
3823 4031
3824 4033
3825 4033
3826 4036
3827 4036
3828 4038
3829 4038
3830 4040
3831 4040
3832 4043
3833 4043
3834 4045
3835 4045
3837 4048
3838 4048
3839 4050
3840 4050
3841 4053
3842 4053
3843 4055
3844 4057
3845 4057
3846 4060
3847 4060
3848 4062
3849 4062
3850 4065
3851 4065
3852 4067
3853 4067
3854 4070
3855 4070
3856 4072
3857 4072
3858 4075
3859 4075
3860 4077
3861 4077
3862 4079
3863 4079
3864 4082
3865 4082
3866 4084
3867 4087
3868 4087
3869 4089
3870 4089
3871 4092
3872 4092
3873 4094
3874 4094
3875 4097
3876 4097
3877 4099
3878 4099
3880 4101
3881 4101
3882 4104
3883 4104
3884 4106
3885 4109
3886 4109
3887 4111
3888 4111
3889 4114
3890 4114
3891 4116
3892 4116
3893 4119
3894 4119
3895 4121
3896 4121
3897 4124
3898 4126
3899 4126
3900 4128
3901 4128
3902 4131
3903 4131
3904 4133
3905 4133
3906 4136
3907 4136
3908 4138
3909 4141
3910 4141
3911 4143
3912 4143
3913 4146
3914 4146
3915 4148
3916 4148
3917 4151
3918 4151
3919 4153
3920 4156
3921 4156
3923 4158
3924 4158
3925 4161
3926 4161
3927 4163
3928 4163
3929 4165
3930 4168
3931 4168
3932 4170
3933 4170
3934 4173
3935 4173
3936 4175
3937 4175
3938 4178
3939 4180
3940 4180
3941 4183
3942 4183
3943 4185
3944 4185
3945 4188
3946 4190
3947 4190
3948 4193
3949 4193
3950 4195
3951 4195
3952 4198
3953 4198
3954 4200
3955 4203
3956 4203
3957 4205
3958 4205
3959 4208
3960 4208
3961 4210
3962 4213
3963 4213
3964 4215
3966 4215
3967 4218
3968 4218
3969 4220
3970 4222
3971 4222
3972 4225
3973 4225
3974 4227
3975 4227
3976 4230
3977 4232
3978 4232
3979 4235
3980 4235
3981 4237
3982 4240
3983 4240
3984 4242
3985 4242
3986 4245
3987 4245
3988 4247
3989 4250
3990 4250
3991 4252
3992 4252
3993 4255
3994 4257
3995 4257
3996 4260
3997 4260
3998 4262
3999 4262
4000 4265
4001 4267
4002 4267
4003 4270
4004 4270
4005 4272
4006 4275
4007 4275
4009 4277
4010 4277
4011 4280
4012 4282
