81 135 81 368
82 136 82 368
83 138 83 367
84 140 84 367
85 141 85 367
87 143 87 366
88 145 88 366
89 146 89 366
90 148 90 366
91 150 91 365
92 152 92 365
93 153 93 365
94 155 94 364
95 157 95 364
96 158 96 364
97 160 97 363
98 162 98 363
99 163 99 363
100 165 100 363
101 167 101 362
102 168 102 362
103 170 103 362
104 172 104 362
105 173 105 361
106 175 106 361
107 177 107 361
108 178 108 361
109 180 109 360
110 182 110 360
111 183 111 360
112 185 112 360
113 187 113 359
114 188 114 359
115 190 115 359
116 192 116 359
117 193 117 358
118 195 118 358
119 197 119 358
120 198 120 358
121 200 121 357
122 202 122 357
123 203 123 357
124 205 124 357
125 207 125 356
126 208 126 356
127 210 127 356
128 212 128 356
130 213 130 356
131 215 131 355
132 217 132 355
133 218 133 355
134 220 134 355
135 222 135 355
136 223 136 354
137 225 137 354
138 227 138 354
139 228 139 354
140 230 140 354
141 232 141 353
142 233 142 353
143 235 143 353
144 237 144 353
145 238 145 353
146 240 146 353
147 242 147 352
148 243 148 352
149 245 149 352
150 247 150 352
151 248 151 352
152 250 152 352
153 252 153 351
154 253 154 351
155 255 155 351
156 257 156 351
157 258 157 351
158 260 158 351
159 262 159 351
160 263 160 350
161 265 161 350
162 267 162 350
163 268 163 350
164 270 164 350
165 271 165 350
166 273 166 350
167 275 167 350
168 276 168 349
169 278 169 349
170 280 170 349
171 281 171 349
173 283 173 349
174 285 174 349
175 286 175 349
176 288 176 349
177 290 177 348
178 291 178 348
179 293 179 348
180 295 180 348
181 296 181 348
182 298 182 348
183 300 183 348
184 301 184 348
185 303 185 348
186 305 186 348
187 306 187 348
188 308 188 347
189 310 189 347
190 311 190 347
191 313 191 347
192 315 192 347
193 316 193 347
194 318 194 347
195 320 195 347
196 321 196 347
197 323 197 347
198 325 198 347
199 326 199 347
200 328 200 347
201 330 201 347
202 331 202 347
203 333 203 347
204 335 204 347
205 336 205 346
206 338 206 346
207 340 207 346
208 341 208 346
209 343 209 346
210 345 210 346
211 346 211 346
212 348 212 346
213 350 213 346
214 351 214 346
216 353 216 346
217 354 217 346
218 356 218 346
219 358 219 346
220 359 220 346
221 361 221 346
222 363 222 346
223 364 223 346
224 366 224 346
225 368 225 346
226 369 226 346
227 371 227 346
228 373 228 346
229 374 229 346
230 376 230 346
231 378 231 346
232 379 232 346
233 381 233 346
234 383 234 346
235 384 235 346
236 386 236 346
237 388 237 346
238 389 238 346
239 391 239 346
240 393 240 346
241 394 241 346
242 396 242 346
243 398 243 347
244 399 244 347
245 401 245 347
246 402 246 347
247 404 247 347
248 406 248 347
249 407 249 347
250 409 250 347
251 411 251 347
252 412 252 347
253 414 253 347
254 416 254 347
255 417 255 347
256 419 256 347
257 421 257 347
259 422 259 347
260 424 260 348
261 426 261 348
262 427 262 348
263 429 263 348
264 431 264 348
265 432 265 348
266 434 266 348
267 435 267 348
268 437 268 348
269 439 269 348
270 440 270 348
271 442 271 348
272 444 272 349
273 445 273 349
274 447 274 349
275 449 275 349
276 450 276 349
277 452 277 349
278 454 278 349
279 455 279 349
280 457 280 350
281 459 281 350
282 460 282 350
283 462 283 350
284 463 284 350
285 465 285 350
286 467 286 350
287 468 287 350
288 470 288 351
289 472 289 351
290 473 290 351
291 475 291 351
292 477 292 351
293 478 293 351
294 480 294 351
295 482 295 352
296 483 296 352
297 485 297 352
298 487 298 352
299 488 299 352
300 490 300 352
302 491 302 353
303 493 303 353
304 495 304 353
305 496 305 353
306 498 306 353
307 500 307 353
308 501 308 354
309 503 309 354
310 505 310 354
311 506 311 354
312 508 312 354
313 509 313 355
314 511 314 355
315 513 315 355
316 514 316 355
317 516 317 355
318 518 318 356
319 519 319 356
320 521 320 356
321 523 321 356
322 524 322 356
323 526 323 357
324 528 324 357
325 529 325 357
326 531 326 357
327 532 327 357
328 534 328 358
329 536 329 358
330 537 330 358
331 539 331 358
332 541 332 359
333 542 333 359
334 544 334 359
335 546 335 359
336 547 336 360
337 549 337 360
338 550 338 360
339 552 339 360
340 554 340 361
341 555 341 361
342 557 342 361
343 559 343 361
345 560 345 362
346 562 346 362
347 564 347 362
348 565 348 362
349 567 349 363
350 568 350 363
351 570 351 363
352 572 352 364
353 573 353 364
354 575 354 364
355 577 355 364
356 578 356 365
357 580 357 365
358 581 358 365
359 583 359 365
360 585 360 366
361 586 361 366
362 588 362 366
363 590 363 367
364 591 364 367
365 593 365 367
366 594 366 367
367 596 367 368
368 598 368 368
369 599 369 368
370 601 370 369
371 603 371 369
372 604 372 369
373 606 373 370
374 608 374 370
375 609 375 370
376 611 376 371
377 612 377 371
378 614 378 371
379 616 379 372
380 617 380 372
381 619 381 372
382 621 382 373
383 622 383 373
384 624 384 373
385 625 385 374
386 627 386 374
388 629 388 375
389 630 389 375
390 632 390 375
391 634 391 376
392 635 392 376
393 637 393 376
394 638 394 376
395 640 395 377
396 642 396 377
397 643 397 378
398 645 398 378
399 646 399 378
400 648 400 379
401 650 401 379
402 651 402 379
403 653 403 380
404 655 404 380
405 656 405 381
406 658 406 381
407 659 407 381
408 661 408 382
409 663 409 382
410 664 410 383
411 666 411 383
412 668 412 384
413 669 413 384
414 671 414 384
415 672 415 385
416 674 416 385
417 676 417 386
418 677 418 386
419 679 419 386
420 680 420 387
421 682 421 387
422 684 422 388
423 685 423 388
424 687 424 388
425 689 425 389
426 690 426 389
427 692 427 390
428 693 428 390
429 695 429 391
430 697 430 391
432 698 432 391
433 700 433 392
434 701 434 392
435 703 435 393
436 705 436 393
437 706 437 394
438 708 438 394
439 709 439 394
440 711 440 395
441 713 441 396
442 714 442 396
443 716 443 396
444 718 444 397
445 719 445 397
446 721 446 398
447 722 447 398
448 724 448 399
449 726 449 399
450 727 450 400
451 729 451 400
452 730 452 400
453 732 453 401
454 734 454 402
455 735 455 402
456 737 456 403
457 738 457 403
458 740 458 404
459 742 459 404
460 743 460 404
461 745 461 405
462 746 462 405
463 748 463 406
464 750 464 407
465 751 465 407
466 753 466 408
467 754 467 408
468 756 468 409
469 758 469 409
470 759 470 409
471 761 471 410
472 762 472 410
473 764 473 411
475 766 475 412
476 767 476 412
477 769 477 413
478 770 478 413
479 772 479 414
480 774 480 414
481 775 481 415
482 777 482 415
483 778 483 416
484 780 484 416
485 782 485 417
486 783 486 417
487 785 487 418
488 786 488 418
489 788 489 419
490 790 490 420
491 791 491 420
492 793 492 421
493 794 493 421
494 796 494 422
495 798 495 423
496 799 496 423
497 801 497 424
498 802 498 424
499 804 499 425
500 806 500 426
501 807 501 426
502 809 502 427
503 810 503 427
504 812 504 428
505 813 505 428
506 815 506 429
507 817 507 430
508 818 508 430
509 820 509 431
510 821 510 431
511 823 511 432
512 825 512 433
513 826 513 433
514 828 514 434
515 829 515 434
516 831 516 435
518 833 518 436
519 834 519 436
520 836 520 437
521 837 521 437
522 839 522 438
523 840 523 438
524 842 524 439
525 844 525 440
526 845 526 440
527 847 527 441
528 848 528 441
529 850 529 442
530 852 530 443
531 853 531 443
532 855 532 444
533 856 533 445
534 858 534 445
535 859 535 446
536 861 536 447
537 863 537 447
538 864 538 448
539 866 539 449
540 867 540 449
541 869 541 450
542 871 542 451
543 872 543 451
544 874 544 452
545 875 545 452
546 877 546 453
547 878 547 454
548 880 548 455
549 882 549 455
550 883 550 456
551 885 551 457
552 886 552 457
553 888 553 458
554 889 554 458
555 891 555 459
556 893 556 460
557 894 557 460
558 896 558 461
559 897 559 462
561 899 561 463
562 900 562 463
563 902 563 464
564 904 564 465
565 905 565 465
566 907 566 466
567 908 567 467
568 910 568 468
569 911 569 468
570 913 570 469
571 915 571 470
572 916 572 470
573 918 573 471
574 919 574 472
575 921 575 472
576 922 576 473
577 924 577 474
578 926 578 475
579 927 579 475
580 929 580 476
581 930 581 477
582 932 582 478
583 933 583 478
584 935 584 479
585 936 585 479
586 938 586 480
587 940 587 481
588 941 588 482
589 943 589 483
590 944 590 483
591 946 591 484
592 947 592 485
593 949 593 486
594 951 594 487
595 952 595 487
596 954 596 488
597 955 597 488
598 957 598 489
599 958 599 490
600 960 600 491
601 961 601 491
602 963 602 492
604 965 604 493
605 966 605 494
606 968 606 495
607 969 607 495
608 971 608 496
609 972 609 497
610 974 610 498
611 975 611 498
612 977 612 499
613 979 613 500
614 980 614 501
615 982 615 502
616 983 616 502
617 985 617 503
618 986 618 504
619 988 619 505
620 989 620 505
621 991 621 506
622 993 622 507
623 994 623 508
624 996 624 509
625 997 625 509
626 999 626 510
627 1000 627 511
628 1002 628 512
629 1003 629 513
630 1005 630 514
631 1006 631 514
632 1008 632 515
633 1010 633 516
634 1011 634 517
635 1013 635 518
636 1014 636 518
637 1016 637 519
638 1017 638 520
639 1019 639 521
640 1020 640 522
641 1022 641 523
642 1023 642 523
643 1025 643 524
644 1027 644 525
645 1028 645 526
647 1030 647 527
648 1031 648 528
649 1033 649 529
650 1034 650 529
651 1036 651 530
652 1037 652 531
653 1039 653 532
654 1040 654 532
655 1042 655 534
656 1043 656 534
657 1045 657 535
658 1046 658 536
659 1048 659 537
660 1050 660 538
661 1051 661 539
662 1053 662 540
663 1054 663 540
664 1056 664 541
665 1057 665 542
666 1059 666 543
667 1060 667 544
668 1062 668 545
669 1063 669 545
670 1065 670 547
671 1066 671 547
672 1068 672 548
673 1069 673 549
674 1071 674 550
675 1073 675 551
676 1074 676 552
677 1076 677 553
678 1077 678 553
679 1079 679 555
680 1080 680 555
681 1082 681 556
682 1083 682 557
683 1085 683 558
684 1086 684 559
685 1088 685 560
686 1089 686 561
687 1091 687 562
688 1092 688 562
690 1094 690 564
691 1095 691 564
692 1097 692 565
693 1098 693 566
694 1100 694 567
695 1101 695 568
696 1103 696 569
697 1105 697 570
698 1106 698 571
699 1108 699 572
700 1109 700 573
701 1111 701 574
702 1112 702 574
703 1114 703 576
704 1115 704 576
705 1117 705 577
706 1118 706 578
707 1120 707 579
708 1121 708 580
709 1123 709 581
710 1124 710 582
711 1126 711 583
712 1127 712 584
713 1129 713 585
714 1130 714 586
715 1132 715 587
716 1133 716 587
717 1135 717 589
718 1136 718 589
719 1138 719 591
720 1139 720 591
721 1141 721 592
722 1142 722 593
723 1144 723 594
724 1145 724 595
725 1147 725 596
726 1148 726 597
727 1150 727 598
728 1151 728 599
729 1153 729 600
730 1154 730 601
731 1156 731 602
733 1157 733 603
734 1159 734 604
735 1160 735 605
736 1162 736 606
737 1163 737 607
738 1165 738 608
739 1166 739 609
740 1168 740 610
741 1169 741 611
742 1171 742 612
743 1172 743 613
744 1174 744 614
745 1175 745 615
746 1177 746 616
747 1178 747 617
748 1180 748 618
749 1181 749 619
750 1183 750 620
751 1184 751 621
752 1186 752 622
753 1187 753 623
754 1189 754 624
755 1190 755 625
756 1192 756 626
757 1193 757 627
758 1195 758 628
759 1196 759 629
760 1198 760 630
761 1199 761 631
762 1201 762 632
763 1202 763 633
764 1204 764 634
765 1205 765 635
766 1207 766 636
767 1208 767 637
768 1210 768 638
769 1211 769 639
770 1213 770 640
771 1214 771 641
772 1216 772 642
773 1217 773 643
774 1219 774 645
776 1220 776 645
777 1222 777 647
778 1223 778 647
779 1225 779 649
780 1226 780 649
781 1228 781 651
782 1229 782 652
783 1231 783 653
784 1232 784 654
785 1234 785 655
786 1235 786 656
787 1237 787 657
788 1238 788 658
789 1239 789 659
790 1241 790 660
791 1242 791 661
792 1244 792 662
793 1245 793 663
794 1247 794 664
795 1248 795 665
796 1250 796 667
797 1251 797 667
798 1253 798 669
799 1254 799 670
800 1256 800 671
801 1257 801 672
802 1259 802 673
803 1260 803 674
804 1262 804 675
805 1263 805 676
806 1265 806 678
807 1266 807 678
808 1267 808 679
809 1269 809 681
810 1270 810 681
811 1272 811 683
812 1273 812 684
813 1275 813 685
814 1276 814 686
815 1278 815 687
816 1279 816 688
817 1281 817 689
818 1282 818 690
820 1284 820 692
821 1285 821 693
822 1287 822 694
823 1288 823 695
824 1289 824 696
825 1291 825 697
826 1292 826 698
827 1294 827 699
828 1295 828 700
829 1297 829 702
830 1298 830 702
831 1300 831 704
832 1301 832 705
833 1303 833 706
834 1304 834 707
835 1306 835 709
836 1307 836 709
837 1308 837 710
838 1310 838 712
839 1311 839 712
840 1313 840 714
841 1314 841 715
842 1316 842 716
843 1317 843 717
844 1319 844 719
845 1320 845 719
846 1322 846 721
847 1323 847 722
848 1324 848 723
849 1326 849 724
850 1327 850 725
851 1329 851 726
852 1330 852 727
853 1332 853 729
854 1333 854 730
855 1335 855 731
856 1336 856 732
857 1337 857 733
858 1339 858 734
859 1340 859 735
860 1342 860 737
861 1343 861 738
863 1345 863 739
864 1346 864 740
865 1348 865 742
866 1349 866 742
867 1350 867 743
868 1352 868 745
869 1353 869 746
870 1355 870 747
871 1356 871 748
872 1358 872 750
873 1359 873 751
874 1360 874 751
875 1362 875 753
876 1363 876 754
877 1365 877 755
878 1366 878 756
879 1368 879 758
880 1369 880 759
881 1371 881 760
882 1372 882 761
883 1373 883 762
884 1375 884 764
885 1376 885 764
886 1378 886 766
887 1379 887 767
888 1381 888 769
889 1382 889 769
890 1383 890 770
891 1385 891 772
892 1386 892 773
893 1388 893 774
894 1389 894 775
895 1391 895 777
896 1392 896 778
897 1393 897 779
898 1395 898 780
899 1396 899 781
900 1398 900 783
901 1399 901 784
902 1401 902 785
903 1402 903 786
904 1403 904 787
906 1405 906 789
907 1406 907 790
908 1408 908 791
909 1409 909 792
910 1410 910 793
911 1412 911 795
912 1413 912 796
913 1415 913 797
914 1416 914 798
915 1418 915 800
916 1419 916 801
917 1420 917 802
918 1422 918 803
919 1423 919 804
920 1425 920 806
921 1426 921 807
922 1427 922 808
923 1429 923 810
924 1430 924 810
925 1432 925 812
926 1433 926 813
927 1435 927 815
928 1436 928 816
929 1437 929 817
930 1439 930 818
931 1440 931 819
932 1442 932 821
933 1443 933 822
934 1444 934 823
935 1446 935 824
936 1447 936 825
937 1449 937 827
938 1450 938 828
939 1451 939 829
940 1453 940 831
941 1454 941 832
942 1456 942 833
943 1457 943 834
944 1458 944 835
945 1460 945 837
946 1461 946 838
947 1463 947 840
949 1464 949 841
950 1465 950 841
951 1467 951 843
952 1468 952 844
953 1470 953 846
954 1471 954 847
955 1472 955 848
956 1474 956 850
957 1475 957 851
958 1477 958 852
959 1478 959 853
960 1479 960 854
961 1481 961 856
962 1482 962 857
963 1484 963 859
964 1485 964 860
965 1486 965 861
966 1488 966 862
967 1489 967 863
968 1490 968 864
969 1492 969 866
970 1493 970 867
971 1495 971 869
972 1496 972 870
973 1497 973 871
974 1499 974 873
975 1500 975 873
976 1502 976 875
977 1503 977 876
978 1504 978 877
979 1506 979 879
980 1507 980 880
981 1509 981 882
982 1510 982 883
983 1511 983 884
984 1513 984 886
985 1514 985 887
986 1515 986 888
987 1517 987 889
988 1518 988 890
989 1520 989 892
990 1521 990 893
992 1522 992 894
993 1524 993 896
994 1525 994 897
995 1526 995 898
996 1528 996 900
997 1529 997 901
998 1531 998 903
999 1532 999 904
1000 1533 1000 905
1001 1535 1001 907
1002 1536 1002 908
1003 1537 1003 908
1004 1539 1004 910
1005 1540 1005 911
1006 1541 1006 912
1007 1543 1007 914
1008 1544 1008 915
1009 1546 1009 917
1010 1547 1010 918
1011 1548 1011 919
1012 1550 1012 921
1013 1551 1013 922
1014 1552 1014 923
1015 1554 1015 925
1016 1555 1016 926
1017 1556 1017 927
1018 1558 1018 929
1019 1559 1019 930
1020 1561 1020 932
1021 1562 1021 933
1022 1563 1022 934
1023 1565 1023 936
1024 1566 1024 937
1025 1567 1025 938
1026 1569 1026 940
1027 1570 1027 941
1028 1571 1028 942
1029 1573 1029 944
1030 1574 1030 945
1031 1575 1031 946
1032 1577 1032 948
1033 1578 1033 949
1035 1580 1035 951
1036 1581 1036 952
1037 1582 1037 953
1038 1584 1038 955
1039 1585 1039 956
1040 1586 1040 957
1041 1588 1041 959
1042 1589 1042 960
1043 1590 1043 961
1044 1592 1044 963
1045 1593 1045 964
1046 1594 1046 965
1047 1596 1047 967
1048 1597 1048 968
1049 1598 1049 969
1050 1600 1050 971
1051 1601 1051 972
1052 1602 1052 973
1053 1604 1053 975
1054 1605 1054 976
1055 1606 1055 977
1056 1608 1056 979
1057 1609 1057 980
1058 1610 1058 981
1059 1612 1059 983
1060 1613 1060 984
1061 1614 1061 985
1062 1616 1062 987
1063 1617 1063 988
1064 1619 1064 990
1065 1620 1065 991
1066 1621 1066 992
1067 1623 1067 994
1068 1624 1068 995
1069 1625 1069 996
1070 1627 1070 998
1071 1628 1071 999
1072 1629 1072 1000
1073 1630 1073 1001
1074 1632 1074 1003
1075 1633 1075 1004
1076 1634 1076 1005
1078 1636 1078 1008
1079 1637 1079 1009
1080 1638 1080 1010
1081 1640 1081 1012
1082 1641 1082 1013
1083 1642 1083 1014
1084 1644 1084 1016
1085 1645 1085 1017
1086 1646 1086 1018
1087 1648 1087 1020
1088 1649 1088 1021
1089 1650 1089 1022
1090 1652 1090 1024
1091 1653 1091 1025
1092 1654 1092 1026
1093 1656 1093 1029
1094 1657 1094 1030
1095 1658 1095 1031
1096 1660 1096 1033
1097 1661 1097 1034
1098 1662 1098 1035
1099 1664 1099 1037
1100 1665 1100 1038
1101 1666 1101 1039
1102 1667 1102 1040
1103 1669 1103 1042
1104 1670 1104 1043
1105 1671 1105 1045
1106 1673 1106 1047
1107 1674 1107 1048
1108 1675 1108 1049
1109 1677 1109 1051
1110 1678 1110 1052
1111 1679 1111 1053
1112 1681 1112 1055
1113 1682 1113 1056
1114 1683 1114 1057
1115 1684 1115 1059
1116 1686 1116 1061
1117 1687 1117 1062
1118 1688 1118 1063
1119 1690 1119 1065
1121 1691 1121 1066
1122 1692 1122 1067
1123 1694 1123 1069
1124 1695 1124 1070
1125 1696 1125 1072
1126 1698 1126 1074
1127 1699 1127 1075
1128 1700 1128 1076
1129 1701 1129 1077
1130 1703 1130 1079
1131 1704 1131 1080
1132 1705 1132 1081
1133 1707 1133 1084
1134 1708 1134 1085
1135 1709 1135 1086
1136 1710 1136 1087
1137 1712 1137 1089
1138 1713 1138 1090
1139 1714 1139 1091
1140 1716 1140 1094
1141 1717 1141 1095
1142 1718 1142 1096
1143 1720 1143 1098
1144 1721 1144 1099
1145 1722 1145 1100
1146 1723 1146 1101
1147 1725 1147 1104
1148 1726 1148 1105
1149 1727 1149 1106
1150 1729 1150 1108
1151 1730 1151 1109
1152 1731 1152 1110
1153 1732 1153 1111
1154 1734 1154 1114
1155 1735 1155 1115
1156 1736 1156 1116
1157 1737 1157 1117
1158 1739 1158 1119
1159 1740 1159 1120
1160 1741 1160 1121
1161 1743 1161 1124
1162 1744 1162 1125
1164 1745 1164 1126
1165 1746 1165 1127
1166 1748 1166 1129
1167 1749 1167 1130
1168 1750 1168 1132
1169 1752 1169 1134
1170 1753 1170 1135
1171 1754 1171 1136
1172 1755 1172 1137
1173 1757 1173 1140
1174 1758 1174 1141
1175 1759 1175 1142
1176 1760 1176 1143
1177 1762 1177 1145
1178 1763 1178 1146
1179 1764 1179 1148
1180 1766 1180 1150
1181 1767 1181 1151
1182 1768 1182 1152
1183 1769 1183 1153
1184 1771 1184 1156
1185 1772 1185 1157
1186 1773 1186 1158
1187 1774 1187 1159
1188 1776 1188 1161
1189 1777 1189 1163
1190 1778 1190 1164
1191 1779 1191 1165
1192 1781 1192 1167
1193 1782 1193 1168
1194 1783 1194 1170
1195 1784 1195 1171
1196 1786 1196 1173
1197 1787 1197 1174
1198 1788 1198 1175
1199 1789 1199 1177
1200 1791 1200 1179
1201 1792 1201 1180
1202 1793 1202 1181
1203 1794 1203 1182
1204 1796 1204 1185
1205 1797 1205 1186
1207 1798 1207 1187
1208 1799 1208 1188
1209 1801 1209 1191
1210 1802 1210 1192
1211 1803 1211 1193
1212 1804 1212 1194
1213 1806 1213 1196
1214 1807 1214 1198
1215 1808 1215 1199
1216 1809 1216 1200
1217 1811 1217 1202
1218 1812 1218 1204
1219 1813 1219 1205
1220 1814 1220 1206
1221 1816 1221 1208
1222 1817 1222 1210
1223 1818 1223 1211
1224 1819 1224 1212
1225 1821 1225 1214
1226 1822 1226 1215
1227 1823 1227 1217
1228 1824 1228 1218
1229 1826 1229 1220
1230 1827 1230 1221
1231 1828 1231 1223
1232 1829 1232 1224
1233 1831 1233 1226
1234 1832 1234 1227
1235 1833 1235 1229
1236 1834 1236 1230
1237 1835 1237 1231
1238 1837 1238 1233
1239 1838 1239 1235
1240 1839 1240 1236
1241 1840 1241 1237
1242 1842 1242 1240
1243 1843 1243 1241
1244 1844 1244 1242
1245 1845 1245 1243
1246 1847 1246 1246
1247 1848 1247 1247
1248 1849 1248 1248
1249 1850 1249 1249
1251 1851 1251 1250
1252 1853 1252 1253
1253 1854 1253 1254
1254 1855 1254 1255
1255 1856 1255 1257
1256 1858 1256 1259
1257 1859 1257 1260
1258 1860 1258 1261
1259 1861 1259 1263
1260 1862 1260 1264
1261 1864 1261 1266
1262 1865 1262 1268
1263 1866 1263 1269
1264 1867 1264 1270
1265 1868 1265 1271
1266 1870 1266 1274
1267 1871 1267 1275
1268 1872 1268 1276
1269 1873 1269 1277
1270 1875 1270 1280
1271 1876 1271 1281
1272 1877 1272 1282
1273 1878 1273 1284
1274 1879 1274 1285
1275 1881 1275 1287
1276 1882 1276 1289
1277 1883 1277 1290
1278 1884 1278 1291
1279 1885 1279 1292
1280 1887 1280 1295
1281 1888 1281 1296
1282 1889 1282 1297
1283 1890 1283 1299
1284 1891 1284 1300
1285 1893 1285 1302
1286 1894 1286 1304
1287 1895 1287 1305
1288 1896 1288 1306
1289 1897 1289 1307
1290 1899 1290 1310
1291 1900 1291 1311
1292 1901 1292 1312
1294 1902 1294 1314
1295 1903 1295 1315
1296 1905 1296 1317
1297 1906 1297 1319
1298 1907 1298 1320
1299 1908 1299 1321
1300 1909 1300 1322
1301 1911 1301 1325
1302 1912 1302 1326
1303 1913 1303 1328
1304 1914 1304 1329
1305 1915 1305 1330
1306 1917 1306 1333
1307 1918 1307 1334
1308 1919 1308 1335
1309 1920 1309 1336
1310 1921 1310 1338
1311 1922 1311 1339
1312 1924 1312 1342
1313 1925 1313 1343
1314 1926 1314 1344
1315 1927 1315 1345
1316 1928 1316 1347
1317 1930 1317 1349
1318 1931 1318 1350
1319 1932 1319 1352
1320 1933 1320 1353
1321 1934 1321 1354
1322 1935 1322 1356
1323 1937 1323 1358
1324 1938 1324 1359
1325 1939 1325 1361
1326 1940 1326 1362
1327 1941 1327 1363
1328 1943 1328 1366
1329 1944 1329 1367
1330 1945 1330 1369
1331 1946 1331 1370
1332 1947 1332 1371
1333 1948 1333 1372
1334 1950 1334 1375
1335 1951 1335 1376
1337 1952 1337 1378
1338 1953 1338 1379
1339 1954 1339 1380
1340 1955 1340 1382
1341 1957 1341 1384
1342 1958 1342 1385
1343 1959 1343 1387
1344 1960 1344 1388
1345 1961 1345 1389
1346 1962 1346 1391
1347 1964 1347 1393
1348 1965 1348 1395
1349 1966 1349 1396
1350 1967 1350 1397
1351 1968 1351 1399
1352 1969 1352 1400
1353 1970 1353 1401
1354 1972 1354 1404
1355 1973 1355 1405
1356 1974 1356 1406
1357 1975 1357 1408
1358 1976 1358 1409
1359 1977 1359 1410
1360 1979 1360 1413
1361 1980 1361 1414
1362 1981 1362 1416
1363 1982 1363 1417
1364 1983 1364 1418
1365 1984 1365 1420
1366 1985 1366 1421
1367 1987 1367 1424
1368 1988 1368 1425
1369 1989 1369 1426
1370 1990 1370 1428
1371 1991 1371 1429
1372 1992 1372 1430
1373 1994 1373 1433
1374 1995 1374 1434
1375 1996 1375 1436
1376 1997 1376 1437
1377 1998 1377 1438
1378 1999 1378 1440
1380 2000 1380 1441
1381 2002 1381 1444
1382 2003 1382 1445
1383 2004 1383 1446
1384 2005 1384 1448
1385 2006 1385 1449
1386 2007 1386 1450
1387 2008 1387 1452
1388 2010 1388 1454
1389 2011 1389 1456
1390 2012 1390 1457
1391 2013 1391 1458
1392 2014 1392 1460
1393 2015 1393 1461
1394 2016 1394 1463
1395 2017 1395 1464
1396 2019 1396 1467
1397 2020 1397 1468
1398 2021 1398 1469
1399 2022 1399 1471
1400 2023 1400 1472
1401 2024 1401 1473
1402 2025 1402 1475
1403 2026 1403 1476
1404 2028 1404 1479
1405 2029 1405 1480
1406 2030 1406 1482
1407 2031 1407 1483
1408 2032 1408 1484
1409 2033 1409 1486
1410 2034 1410 1487
1411 2035 1411 1488
1412 2037 1412 1491
1413 2038 1413 1493
1414 2039 1414 1494
1415 2040 1415 1495
1416 2041 1416 1497
1417 2042 1417 1498
1418 2043 1418 1499
1419 2044 1419 1501
1420 2046 1420 1504
1421 2047 1421 1505
1423 2048 1423 1506
1424 2049 1424 1508
1425 2050 1425 1509
1426 2051 1426 1510
1427 2052 1427 1512
1428 2053 1428 1513
1429 2054 1429 1515
1430 2056 1430 1517
1431 2057 1431 1519
1432 2058 1432 1520
1433 2059 1433 1521
1434 2060 1434 1523
1435 2061 1435 1524
1436 2062 1436 1526
1437 2063 1437 1527
1438 2064 1438 1528
1439 2065 1439 1530
1440 2067 1440 1533
1441 2068 1441 1534
1442 2069 1442 1535
1443 2070 1443 1537
1444 2071 1444 1538
1445 2072 1445 1540
1446 2073 1446 1541
1447 2074 1447 1542
1448 2075 1448 1544
1449 2076 1449 1545
1450 2078 1450 1548
1451 2079 1451 1549
1452 2080 1452 1551
1453 2081 1453 1552
1454 2082 1454 1554
1455 2083 1455 1555
1456 2084 1456 1556
1457 2085 1457 1558
1458 2086 1458 1559
1459 2087 1459 1561
1460 2089 1460 1564
1461 2090 1461 1565
1462 2091 1462 1566
1463 2092 1463 1568
1464 2093 1464 1569
1466 2094 1466 1571
1467 2095 1467 1572
1468 2096 1468 1573
1469 2097 1469 1575
1470 2098 1470 1576
1471 2099 1471 1578
1472 2100 1472 1579
1473 2102 1473 1582
1474 2103 1474 1583
1475 2104 1475 1585
1476 2105 1476 1586
1477 2106 1477 1588
1478 2107 1478 1589
1479 2108 1479 1591
1480 2109 1480 1592
1481 2110 1481 1593
1482 2111 1482 1595
1483 2112 1483 1596
1484 2113 1484 1598
1485 2114 1485 1599
1486 2116 1486 1602
1487 2117 1487 1603
1488 2118 1488 1605
1489 2119 1489 1606
1490 2120 1490 1608
1491 2121 1491 1609
1492 2122 1492 1611
1493 2123 1493 1612
1494 2124 1494 1613
1495 2125 1495 1615
1496 2126 1496 1616
1497 2127 1497 1618
1498 2128 1498 1619
1499 2129 1499 1621
1500 2130 1500 1622
1501 2132 1501 1625
1502 2133 1502 1626
1503 2134 1503 1628
1504 2135 1504 1629
1505 2136 1505 1631
1506 2137 1506 1632
1507 2138 1507 1634
1509 2139 1509 1635
1510 2140 1510 1637
1511 2141 1511 1638
1512 2142 1512 1640
1513 2143 1513 1641
1514 2144 1514 1642
1515 2145 1515 1644
1516 2146 1516 1645
1517 2147 1517 1647
1518 2148 1518 1648
1519 2149 1519 1650
1520 2151 1520 1653
1521 2152 1521 1654
1522 2153 1522 1656
1523 2154 1523 1657
1524 2155 1524 1659
1525 2156 1525 1660
1526 2157 1526 1661
1527 2158 1527 1663
1528 2159 1528 1664
1529 2160 1529 1666
1530 2161 1530 1667
1531 2162 1531 1669
1532 2163 1532 1670
1533 2164 1533 1672
1534 2165 1534 1673
1535 2166 1535 1675
1536 2167 1536 1676
1537 2168 1537 1678
1538 2169 1538 1679
1539 2170 1539 1681
1540 2171 1540 1682
1541 2172 1541 1684
1542 2173 1542 1685
1543 2175 1543 1688
1544 2176 1544 1690
1545 2177 1545 1691
1546 2178 1546 1693
1547 2179 1547 1694
1548 2180 1548 1695
1549 2181 1549 1697
1550 2182 1550 1698
1552 2183 1552 1700
1553 2184 1553 1701
1554 2185 1554 1703
1555 2186 1555 1704
1556 2187 1556 1706
1557 2188 1557 1707
1558 2189 1558 1709
1559 2190 1559 1710
1560 2191 1560 1712
1561 2192 1561 1713
1562 2193 1562 1715
1563 2194 1563 1716
1564 2195 1564 1718
1565 2196 1565 1719
1566 2197 1566 1721
1567 2198 1567 1722
1568 2199 1568 1724
1569 2200 1569 1725
1570 2201 1570 1727
1571 2202 1571 1728
1572 2203 1572 1730
1573 2204 1573 1731
1574 2205 1574 1733
1575 2206 1575 1734
1576 2207 1576 1736
1577 2208 1577 1737
1578 2209 1578 1739
1579 2210 1579 1740
1580 2211 1580 1742
1581 2212 1581 1744
1582 2213 1582 1745
1583 2214 1583 1747
1584 2215 1584 1748
1585 2216 1585 1750
1586 2217 1586 1751
1587 2218 1587 1753
1588 2219 1588 1754
1589 2220 1589 1756
1590 2221 1590 1757
1591 2222 1591 1759
1592 2223 1592 1760
1593 2224 1593 1762
1595 2225 1595 1763
1596 2226 1596 1765
1597 2227 1597 1766
1598 2228 1598 1768
1599 2229 1599 1769
1600 2230 1600 1771
1601 2231 1601 1772
1602 2232 1602 1774
1603 2233 1603 1775
1604 2234 1604 1777
1605 2235 1605 1779
1606 2236 1606 1780
1607 2237 1607 1782
1608 2238 1608 1783
1609 2239 1609 1785
1610 2240 1610 1786
1611 2241 1611 1788
1612 2242 1612 1789
1613 2243 1613 1791
1614 2244 1614 1792
1615 2245 1615 1794
1616 2246 1616 1795
1617 2247 1617 1797
1618 2248 1618 1799
1619 2249 1619 1800
1620 2250 1620 1802
1621 2251 1621 1803
1622 2252 1622 1805
1623 2253 1623 1806
1624 2254 1624 1808
1625 2255 1625 1809
1626 2256 1626 1811
1627 2257 1627 1812
1628 2258 1628 1814
1629 2259 1629 1816
1630 2260 1630 1817
1631 2261 1631 1819
1632 2262 1632 1820
1633 2263 1633 1822
1634 2264 1634 1823
1635 2265 1635 1825
1636 2266 1636 1826
1637 2267 1637 1828
1639 2268 1639 1830
1640 2269 1640 1831
1641 2270 1641 1833
1642 2271 1642 1834
1643 2272 1643 1836
1644 2273 1644 1837
1645 2274 1645 1839
1646 2275 1646 1841
1647 2276 1647 1842
1648 2277 1648 1844
1649 2278 1649 1845
1650 2279 1650 1847
1651 2279 1651 1847
1652 2280 1652 1848
1653 2281 1653 1850
1654 2282 1654 1851
1655 2283 1655 1853
1656 2284 1656 1855
1657 2285 1657 1856
1658 2286 1658 1858
1659 2287 1659 1859
1660 2288 1660 1861
1661 2289 1661 1863
1662 2290 1662 1864
1663 2291 1663 1866
1664 2292 1664 1867
1665 2293 1665 1869
1666 2294 1666 1870
1667 2295 1667 1872
1668 2296 1668 1874
1669 2297 1669 1875
1670 2298 1670 1877
1671 2299 1671 1878
1672 2300 1672 1880
1673 2301 1673 1881
1674 2302 1674 1883
1675 2302 1675 1883
1676 2303 1676 1885
1677 2304 1677 1886
1678 2305 1678 1888
1679 2306 1679 1889
1680 2307 1680 1891
1682 2308 1682 1893
1683 2309 1683 1894
1684 2310 1684 1896
1685 2311 1685 1897
1686 2312 1686 1899
1687 2313 1687 1901
1688 2314 1688 1902
1689 2315 1689 1904
1690 2316 1690 1905
1691 2317 1691 1907
1692 2318 1692 1909
1693 2318 1693 1909
1694 2319 1694 1910
1695 2320 1695 1912
1696 2321 1696 1913
1697 2322 1697 1915
1698 2323 1698 1917
1699 2324 1699 1918
1700 2325 1700 1920
1701 2326 1701 1921
1702 2327 1702 1923
1703 2328 1703 1925
1704 2329 1704 1926
1705 2330 1705 1928
1706 2331 1706 1929
1707 2332 1707 1931
1708 2332 1708 1931
1709 2333 1709 1933
1710 2334 1710 1934
1711 2335 1711 1936
1712 2336 1712 1938
1713 2337 1713 1939
1714 2338 1714 1941
1715 2339 1715 1942
1716 2340 1716 1944
1717 2341 1717 1946
1718 2342 1718 1947
1719 2343 1719 1949
1720 2344 1720 1950
1721 2344 1721 1950
1722 2345 1722 1952
1723 2346 1723 1954
1725 2347 1725 1955
1726 2348 1726 1957
1727 2349 1727 1959
1728 2350 1728 1960
1729 2351 1729 1962
1730 2352 1730 1963
1731 2353 1731 1965
1732 2354 1732 1967
1733 2355 1733 1968
1734 2355 1734 1968
1735 2356 1735 1970
1736 2357 1736 1972
1737 2358 1737 1973
1738 2359 1738 1975
1739 2360 1739 1977
1740 2361 1740 1978
1741 2362 1741 1980
1742 2363 1742 1981
1743 2364 1743 1983
1744 2365 1744 1985
1745 2365 1745 1985
1746 2366 1746 1986
1747 2367 1747 1988
1748 2368 1748 1990
1749 2369 1749 1991
1750 2370 1750 1993
1751 2371 1751 1995
1752 2372 1752 1996
1753 2373 1753 1998
1754 2374 1754 2000
1755 2374 1755 2000
1756 2375 1756 2001
1757 2376 1757 2003
1758 2377 1758 2004
1759 2378 1759 2006
1760 2379 1760 2008
1761 2380 1761 2009
1762 2381 1762 2011
1763 2382 1763 2013
1764 2382 1764 2013
1765 2383 1765 2014
1766 2384 1766 2016
1768 2385 1768 2018
1769 2386 1769 2019
1770 2387 1770 2021
1771 2388 1771 2023
1772 2389 1772 2024
1773 2390 1773 2026
1774 2390 1774 2026
1775 2391 1775 2028
1776 2392 1776 2029
1777 2393 1777 2031
1778 2394 1778 2033
1779 2395 1779 2034
1780 2396 1780 2036
1781 2397 1781 2038
1782 2398 1782 2039
1783 2398 1783 2039
1784 2399 1784 2041
1785 2400 1785 2043
1786 2401 1786 2044
1787 2402 1787 2046
1788 2403 1788 2048
1789 2404 1789 2049
1790 2405 1790 2051
1791 2405 1791 2051
1792 2406 1792 2053
1793 2407 1793 2054
1794 2408 1794 2056
1795 2409 1795 2058
1796 2410 1796 2059
1797 2411 1797 2061
1798 2412 1798 2063
1799 2412 1799 2063
1800 2413 1800 2064
1801 2414 1801 2066
1802 2415 1802 2068
1803 2416 1803 2069
1804 2417 1804 2071
1805 2418 1805 2073
1806 2418 1806 2073
1807 2419 1807 2074
1808 2420 1808 2076
1809 2421 1809 2078
1811 2422 1811 2079
1812 2423 1812 2081
1813 2424 1813 2083
1814 2424 1814 2083
1815 2425 1815 2085
1816 2426 1816 2086
1817 2427 1817 2088
1818 2428 1818 2090
1819 2429 1819 2091
1820 2430 1820 2093
1821 2430 1821 2093
1822 2431 1822 2095
1823 2432 1823 2096
1824 2433 1824 2098
1825 2434 1825 2100
1826 2435 1826 2101
1827 2436 1827 2103
1828 2436 1828 2103
1829 2437 1829 2105
1830 2438 1830 2107
1831 2439 1831 2108
1832 2440 1832 2110
1833 2441 1833 2112
1834 2442 1834 2113
1835 2442 1835 2113
1836 2443 1836 2115
1837 2444 1837 2117
1838 2445 1838 2118
1839 2446 1839 2120
1840 2447 1840 2122
1841 2447 1841 2122
1842 2448 1842 2124
1843 2449 1843 2125
1844 2450 1844 2127
1845 2451 1845 2129
1846 2452 1846 2130
1847 2452 1847 2130
1848 2453 1848 2132
1849 2454 1849 2134
1850 2455 1850 2136
1851 2456 1851 2137
1852 2457 1852 2139
1854 2458 1854 2141
1855 2458 1855 2141
1856 2459 1856 2142
1857 2460 1857 2144
1858 2461 1858 2146
1859 2462 1859 2148
1860 2462 1860 2148
1861 2463 1861 2149
1862 2464 1862 2151
1863 2465 1863 2153
1864 2466 1864 2154
1865 2467 1865 2156
1866 2467 1866 2156
1867 2468 1867 2158
1868 2469 1868 2160
1869 2470 1869 2161
1870 2471 1870 2163
1871 2472 1871 2165
1872 2472 1872 2165
1873 2473 1873 2167
1874 2474 1874 2168
1875 2475 1875 2170
1876 2476 1876 2172
1877 2477 1877 2173
1878 2477 1878 2173
1879 2478 1879 2175
1880 2479 1880 2177
1881 2480 1881 2179
1882 2481 1882 2180
1883 2481 1883 2180
1884 2482 1884 2182
1885 2483 1885 2184
1886 2484 1886 2186
1887 2485 1887 2187
1888 2485 1888 2187
1889 2486 1889 2189
1890 2487 1890 2191
1891 2488 1891 2193
1892 2489 1892 2194
1893 2490 1893 2196
1894 2490 1894 2196
1895 2491 1895 2198
1897 2492 1897 2200
1898 2493 1898 2201
1899 2494 1899 2203
1900 2494 1900 2203
1901 2495 1901 2205
1902 2496 1902 2207
1903 2497 1903 2208
1904 2498 1904 2210
1905 2498 1905 2210
1906 2499 1906 2212
1907 2500 1907 2213
1908 2501 1908 2215
1909 2502 1909 2217
1910 2502 1910 2217
1911 2503 1911 2219
1912 2504 1912 2221
1913 2505 1913 2222
1914 2506 1914 2224
1915 2506 1915 2224
1916 2507 1916 2226
1917 2508 1917 2228
1918 2509 1918 2229
1919 2510 1919 2231
1920 2510 1920 2231
1921 2511 1921 2233
1922 2512 1922 2235
1923 2513 1923 2236
1924 2514 1924 2238
1925 2514 1925 2238
1926 2515 1926 2240
1927 2516 1927 2242
1928 2517 1928 2243
1929 2517 1929 2243
1930 2518 1930 2245
1931 2519 1931 2247
1932 2520 1932 2249
1933 2521 1933 2250
1934 2521 1934 2250
1935 2522 1935 2252
1936 2523 1936 2254
1937 2524 1937 2256
1938 2525 1938 2258
1940 2525 1940 2258
1941 2526 1941 2259
1942 2527 1942 2261
1943 2528 1943 2263
1944 2528 1944 2263
1945 2529 1945 2265
1946 2530 1946 2266
1947 2531 1947 2268
1948 2532 1948 2270
1949 2532 1949 2270
1950 2533 1950 2272
1951 2534 1951 2273
1952 2535 1952 2275
1953 2535 1953 2275
1954 2536 1954 2277
1955 2537 1955 2279
1956 2538 1956 2281
1957 2539 1957 2282
1958 2539 1958 2282
1959 2540 1959 2284
1960 2541 1960 2286
1961 2542 1961 2288
1962 2542 1962 2288
1963 2543 1963 2290
1964 2544 1964 2291
1965 2545 1965 2293
1966 2545 1966 2293
1967 2546 1967 2295
1968 2547 1968 2297
1969 2548 1969 2298
1970 2548 1970 2298
1971 2549 1971 2300
1972 2550 1972 2302
1973 2551 1973 2304
1974 2552 1974 2306
1975 2552 1975 2306
1976 2553 1976 2307
1977 2554 1977 2309
1978 2555 1978 2311
1979 2555 1979 2311
1980 2556 1980 2313
1981 2557 1981 2315
1983 2558 1983 2316
1984 2558 1984 2316
1985 2559 1985 2318
1986 2560 1986 2320
1987 2561 1987 2322
1988 2561 1988 2322
1989 2562 1989 2324
1990 2563 1990 2325
1991 2564 1991 2327
1992 2564 1992 2327
1993 2565 1993 2329
1994 2566 1994 2331
1995 2567 1995 2333
1996 2567 1996 2333
1997 2568 1997 2334
1998 2569 1998 2336
1999 2570 1999 2338
2000 2570 2000 2338
2001 2571 2001 2340
2002 2572 2002 2342
2003 2573 2003 2343
2004 2573 2004 2343
2005 2574 2005 2345
2006 2575 2006 2347
2007 2576 2007 2349
2008 2576 2008 2349
2009 2577 2009 2351
2010 2578 2010 2352
2011 2578 2011 2352
2012 2579 2012 2354
2013 2580 2013 2356
2014 2581 2014 2358
2015 2581 2015 2358
2016 2582 2016 2360
2017 2583 2017 2362
2018 2584 2018 2363
2019 2584 2019 2363
2020 2585 2020 2365
2021 2586 2021 2367
2022 2587 2022 2369
2023 2587 2023 2369
2024 2588 2024 2371
2026 2589 2026 2372
2027 2589 2027 2372
2028 2590 2028 2374
2029 2591 2029 2376
2030 2592 2030 2378
2031 2592 2031 2378
2032 2593 2032 2380
2033 2594 2033 2382
2034 2595 2034 2383
2035 2595 2035 2383
2036 2596 2036 2385
2037 2597 2037 2387
2038 2597 2038 2387
2039 2598 2039 2389
2040 2599 2040 2391
2041 2600 2041 2393
2042 2600 2042 2393
2043 2601 2043 2394
2044 2602 2044 2396
2045 2602 2045 2396
2046 2603 2046 2398
2047 2604 2047 2400
2048 2605 2048 2402
2049 2605 2049 2402
2050 2606 2050 2404
2051 2607 2051 2405
2052 2608 2052 2407
2053 2608 2053 2407
2054 2609 2054 2409
2055 2610 2055 2411
2056 2610 2056 2411
2057 2611 2057 2413
2058 2612 2058 2415
2059 2612 2059 2415
2060 2613 2060 2416
2061 2614 2061 2418
2062 2615 2062 2420
2063 2615 2063 2420
2064 2616 2064 2422
2065 2617 2065 2424
2066 2617 2066 2424
2067 2618 2067 2426
2068 2619 2068 2428
2070 2620 2070 2429
2071 2620 2071 2429
2072 2621 2072 2431
2073 2622 2073 2433
2074 2622 2074 2433
2075 2623 2075 2435
2076 2624 2076 2437
2077 2624 2077 2437
2078 2625 2078 2439
2079 2626 2079 2441
2080 2627 2080 2442
2081 2627 2081 2442
2082 2628 2082 2444
2083 2629 2083 2446
2084 2629 2084 2446
2085 2630 2085 2448
2086 2631 2086 2450
2087 2631 2087 2450
2088 2632 2088 2452
2089 2633 2089 2454
2090 2634 2090 2455
2091 2634 2091 2455
2092 2635 2092 2457
2093 2636 2093 2459
2094 2636 2094 2459
2095 2637 2095 2461
2096 2638 2096 2463
2097 2638 2097 2463
2098 2639 2098 2465
2099 2640 2099 2467
2100 2640 2100 2467
2101 2641 2101 2468
2102 2642 2102 2470
2103 2642 2103 2470
2104 2643 2104 2472
2105 2644 2105 2474
2106 2645 2106 2476
2107 2645 2107 2476
2108 2646 2108 2478
2109 2647 2109 2480
2110 2647 2110 2480
2111 2648 2111 2481
2113 2649 2113 2483
2114 2649 2114 2483
2115 2650 2115 2485
2116 2651 2116 2487
2117 2651 2117 2487
2118 2652 2118 2489
2119 2653 2119 2491
2120 2653 2120 2491
2121 2654 2121 2493
2122 2655 2122 2495
2123 2655 2123 2495
2124 2656 2124 2496
2125 2657 2125 2498
2126 2657 2126 2498
2127 2658 2127 2500
2128 2659 2128 2502
2129 2659 2129 2502
2130 2660 2130 2504
2131 2661 2131 2506
2132 2661 2132 2506
2133 2662 2133 2508
2134 2663 2134 2510
2135 2663 2135 2510
2136 2664 2136 2512
2137 2665 2137 2513
2138 2665 2138 2513
2139 2666 2139 2515
2140 2667 2140 2517
2141 2667 2141 2517
2142 2668 2142 2519
2143 2669 2143 2521
2144 2669 2144 2521
2145 2670 2145 2523
2146 2671 2146 2525
2147 2671 2147 2525
2148 2672 2148 2527
2149 2673 2149 2529
2150 2673 2150 2529
2151 2674 2151 2530
2152 2675 2152 2532
2153 2675 2153 2532
2154 2676 2154 2534
2156 2677 2156 2536
2157 2677 2157 2536
2158 2678 2158 2538
2159 2679 2159 2540
2160 2679 2160 2540
2161 2680 2161 2542
2162 2681 2162 2544
2163 2681 2163 2544
2164 2682 2164 2546
2165 2683 2165 2547
2166 2683 2166 2547
2167 2684 2167 2549
2168 2684 2168 2549
2169 2685 2169 2551
2170 2686 2170 2553
2171 2686 2171 2553
2172 2687 2172 2555
2173 2688 2173 2557
2174 2688 2174 2557
2175 2689 2175 2559
2176 2690 2176 2561
2177 2690 2177 2561
2178 2691 2178 2563
2179 2692 2179 2565
2180 2692 2180 2565
2181 2693 2181 2567
2182 2693 2182 2567
2183 2694 2183 2568
2184 2695 2184 2570
2185 2695 2185 2570
2186 2696 2186 2572
2187 2697 2187 2574
2188 2697 2188 2574
2189 2698 2189 2576
2190 2699 2190 2578
2191 2699 2191 2578
2192 2700 2192 2580
2193 2701 2193 2582
2194 2701 2194 2582
2195 2702 2195 2584
2196 2702 2196 2584
2197 2703 2197 2586
2199 2704 2199 2588
2200 2704 2200 2588
2201 2705 2201 2589
2202 2706 2202 2591
2203 2706 2203 2591
2204 2707 2204 2593
2205 2707 2205 2593
2206 2708 2206 2595
2207 2709 2207 2597
2208 2709 2208 2597
2209 2710 2209 2599
2210 2711 2210 2601
2211 2711 2211 2601
2212 2712 2212 2603
2213 2712 2213 2603
2214 2713 2214 2605
2215 2714 2215 2607
2216 2714 2216 2607
2217 2715 2217 2609
2218 2716 2218 2611
2219 2716 2219 2611
2220 2717 2220 2613
2221 2717 2221 2613
2222 2718 2222 2614
2223 2719 2223 2616
2224 2719 2224 2616
2225 2720 2225 2618
2226 2721 2226 2620
2227 2721 2227 2620
2228 2722 2228 2622
2229 2722 2229 2622
2230 2723 2230 2624
2231 2724 2231 2626
2232 2724 2232 2626
2233 2725 2233 2628
2234 2725 2234 2628
2235 2726 2235 2630
2236 2727 2236 2632
2237 2727 2237 2632
2238 2728 2238 2634
2239 2729 2239 2636
2240 2729 2240 2636
2242 2730 2242 2638
2243 2730 2243 2638
2244 2731 2244 2640
2245 2732 2245 2642
2246 2732 2246 2642
2247 2733 2247 2644
2248 2733 2248 2644
2249 2734 2249 2645
2250 2735 2250 2647
2251 2735 2251 2647
2252 2736 2252 2649
2253 2736 2253 2649
2254 2737 2254 2651
2255 2738 2255 2653
2256 2738 2256 2653
2257 2739 2257 2655
2258 2739 2258 2655
2259 2740 2259 2657
2260 2741 2260 2659
2261 2741 2261 2659
2262 2742 2262 2661
2263 2742 2263 2661
2264 2743 2264 2663
2265 2744 2265 2665
2266 2744 2266 2665
2267 2745 2267 2667
2268 2745 2268 2667
2269 2746 2269 2669
2270 2747 2270 2671
2271 2747 2271 2671
2272 2748 2272 2673
2273 2748 2273 2673
2274 2749 2274 2675
2275 2750 2275 2677
2276 2750 2276 2677
2277 2751 2277 2679
2278 2751 2278 2679
2279 2752 2279 2681
2280 2753 2280 2682
2281 2753 2281 2682
2282 2754 2282 2684
2283 2754 2283 2684
2285 2755 2285 2686
2286 2756 2286 2688
2287 2756 2287 2688
2288 2757 2288 2690
2289 2757 2289 2690
2290 2758 2290 2692
2291 2758 2291 2692
2292 2759 2292 2694
2293 2760 2293 2696
2294 2760 2294 2696
2295 2761 2295 2698
2296 2761 2296 2698
2297 2762 2297 2700
2298 2763 2298 2702
2299 2763 2299 2702
2300 2764 2300 2704
2301 2764 2301 2704
2302 2765 2302 2706
2303 2765 2303 2706
2304 2766 2304 2708
2305 2767 2305 2710
2306 2767 2306 2710
2307 2768 2307 2712
2308 2768 2308 2712
2309 2769 2309 2714
2310 2769 2310 2714
2311 2770 2311 2716
2312 2771 2312 2718
2313 2771 2313 2718
2314 2772 2314 2720
2315 2772 2315 2720
2316 2773 2316 2722
2317 2773 2317 2722
2318 2774 2318 2724
2319 2775 2319 2726
2320 2775 2320 2726
2321 2776 2321 2728
2322 2776 2322 2728
2323 2777 2323 2730
2324 2777 2324 2730
2325 2778 2325 2732
2326 2779 2326 2734
2328 2779 2328 2734
2329 2780 2329 2736
2330 2780 2330 2736
2331 2781 2331 2738
2332 2781 2332 2738
2333 2782 2333 2740
2334 2783 2334 2742
2335 2783 2335 2742
2336 2784 2336 2744
2337 2784 2337 2744
2338 2785 2338 2746
2339 2785 2339 2746
2340 2786 2340 2748
2341 2787 2341 2750
2342 2787 2342 2750
2343 2788 2343 2752
2344 2788 2344 2752
2345 2789 2345 2753
2346 2789 2346 2753
2347 2790 2347 2755
2348 2790 2348 2755
2349 2791 2349 2757
2350 2792 2350 2759
2351 2792 2351 2759
2352 2793 2352 2761
2353 2793 2353 2761
2354 2794 2354 2763
2355 2794 2355 2763
2356 2795 2356 2765
2357 2795 2357 2765
2358 2796 2358 2767
2359 2797 2359 2769
2360 2797 2360 2769
2361 2798 2361 2771
2362 2798 2362 2771
2363 2799 2363 2773
2364 2799 2364 2773
2365 2800 2365 2775
2366 2800 2366 2775
2367 2801 2367 2777
2368 2801 2368 2777
2369 2802 2369 2779
2371 2803 2371 2781
2372 2803 2372 2781
2373 2804 2373 2783
2374 2804 2374 2783
2375 2805 2375 2785
2376 2805 2376 2785
2377 2806 2377 2787
2378 2806 2378 2787
2379 2807 2379 2789
2380 2808 2380 2791
2381 2808 2381 2791
2382 2809 2382 2793
2383 2809 2383 2793
2384 2810 2384 2795
2385 2810 2385 2795
2386 2811 2386 2797
2387 2811 2387 2797
2388 2812 2388 2799
2389 2812 2389 2799
2390 2813 2390 2801
2391 2813 2391 2801
2392 2814 2392 2803
2393 2815 2393 2805
2394 2815 2394 2805
2395 2816 2395 2807
2396 2816 2396 2807
2397 2817 2397 2809
2398 2817 2398 2809
2399 2818 2399 2811
2400 2818 2400 2811
2401 2819 2401 2813
2402 2819 2402 2813
2403 2820 2403 2815
2404 2820 2404 2815
2405 2821 2405 2817
2406 2821 2406 2817
2407 2822 2407 2820
2408 2823 2408 2822
2409 2823 2409 2822
2410 2824 2410 2824
2411 2824 2411 2824
2412 2825 2412 2826
2414 2825 2414 2826
2415 2826 2415 2828
2416 2826 2416 2828
2417 2827 2417 2830
2418 2827 2418 2830
2419 2828 2419 2832
2420 2828 2420 2832
2421 2829 2421 2834
2422 2829 2422 2834
2423 2830 2423 2836
2424 2830 2424 2836
2425 2831 2425 2838
2426 2831 2426 2838
2427 2832 2427 2840
2428 2833 2428 2842
2429 2833 2429 2842
2430 2834 2430 2844
2431 2834 2431 2844
2432 2835 2432 2846
2433 2835 2433 2846
2434 2836 2434 2848
2435 2836 2435 2848
2436 2837 2436 2850
2437 2837 2437 2850
2438 2838 2438 2852
2439 2838 2439 2852
2440 2839 2440 2854
2441 2839 2441 2854
2442 2840 2442 2856
2443 2840 2443 2856
2444 2841 2444 2858
2445 2841 2445 2858
2446 2842 2446 2860
2447 2842 2447 2860
2448 2843 2448 2862
2449 2843 2449 2862
2450 2844 2450 2864
2451 2844 2451 2864
2452 2845 2452 2866
2453 2845 2453 2866
2454 2846 2454 2868
2455 2846 2455 2868
2457 2847 2457 2870
2458 2847 2458 2870
2459 2848 2459 2872
2460 2849 2460 2874
2461 2849 2461 2874
2462 2850 2462 2876
2463 2850 2463 2876
2464 2851 2464 2878
2465 2851 2465 2878
2466 2852 2466 2880
2467 2852 2467 2880
2468 2853 2468 2882
2469 2853 2469 2882
2470 2854 2470 2884
2471 2854 2471 2884
2472 2855 2472 2886
2473 2855 2473 2886
2474 2856 2474 2888
2475 2856 2475 2888
2476 2857 2476 2891
2477 2857 2477 2891
2478 2858 2478 2893
2479 2858 2479 2893
2480 2859 2480 2895
2481 2859 2481 2895
2482 2860 2482 2897
2483 2860 2483 2897
2484 2861 2484 2899
2485 2861 2485 2899
2486 2862 2486 2901
2487 2862 2487 2901
2488 2863 2488 2903
2489 2863 2489 2903
2490 2864 2490 2905
2491 2864 2491 2905
2492 2865 2492 2907
2493 2865 2493 2907
2494 2866 2494 2909
2495 2866 2495 2909
2496 2867 2496 2911
2497 2867 2497 2911
2498 2868 2498 2913
2499 2868 2499 2913
2501 2869 2501 2915
2502 2869 2502 2915
2503 2870 2503 2917
2504 2870 2504 2917
2505 2870 2505 2917
2506 2871 2506 2919
2507 2871 2507 2919
2508 2872 2508 2921
2509 2872 2509 2921
2510 2873 2510 2923
2511 2873 2511 2923
2512 2874 2512 2925
2513 2874 2513 2925
2514 2875 2514 2927
2515 2875 2515 2927
2516 2876 2516 2929
2517 2876 2517 2929
2518 2877 2518 2932
2519 2877 2519 2932
2520 2878 2520 2934
2521 2878 2521 2934
2522 2879 2522 2936
2523 2879 2523 2936
2524 2880 2524 2938
2525 2880 2525 2938
2526 2881 2526 2940
2527 2881 2527 2940
2528 2882 2528 2942
2529 2882 2529 2942
2530 2883 2530 2944
2531 2883 2531 2944
2532 2884 2532 2946
2533 2884 2533 2946
2534 2885 2534 2948
2535 2885 2535 2948
2536 2886 2536 2950
2537 2886 2537 2950
2538 2886 2538 2950
2539 2887 2539 2952
2540 2887 2540 2952
2541 2888 2541 2954
2542 2888 2542 2954
2544 2889 2544 2956
2545 2889 2545 2956
2546 2890 2546 2958
2547 2890 2547 2958
2548 2891 2548 2960
2549 2891 2549 2960
2550 2892 2550 2963
2551 2892 2551 2963
2552 2893 2552 2965
2553 2893 2553 2965
2554 2894 2554 2967
2555 2894 2555 2967
2556 2895 2556 2969
2557 2895 2557 2969
2558 2895 2558 2969
2559 2896 2559 2971
2560 2896 2560 2971
2561 2897 2561 2973
2562 2897 2562 2973
2563 2898 2563 2975
2564 2898 2564 2975
2565 2899 2565 2977
2566 2899 2566 2977
2567 2900 2567 2979
2568 2900 2568 2979
2569 2901 2569 2981
2570 2901 2570 2981
2571 2902 2571 2983
2572 2902 2572 2983
2573 2902 2573 2983
2574 2903 2574 2985
2575 2903 2575 2985
2576 2904 2576 2987
2577 2904 2577 2987
2578 2905 2578 2990
2579 2905 2579 2990
2580 2906 2580 2992
2581 2906 2581 2992
2582 2907 2582 2994
2583 2907 2583 2994
2584 2908 2584 2996
2585 2908 2585 2996
2587 2909 2587 2998
2588 2909 2588 2998
2589 2909 2589 2998
2590 2910 2590 3000
2591 2910 2591 3000
2592 2911 2592 3002
2593 2911 2593 3002
2594 2912 2594 3004
2595 2912 2595 3004
2596 2913 2596 3006
2597 2913 2597 3006
2598 2914 2598 3008
2599 2914 2599 3008
2600 2914 2600 3008
2601 2915 2601 3010
2602 2915 2602 3010
2603 2916 2603 3012
2604 2916 2604 3012
2605 2917 2605 3015
2606 2917 2606 3015
2607 2918 2607 3017
2608 2918 2608 3017
2609 2919 2609 3019
2610 2919 2610 3019
2611 2919 2611 3019
2612 2920 2612 3021
2613 2920 2613 3021
2614 2921 2614 3023
2615 2921 2615 3023
2616 2922 2616 3025
2617 2922 2617 3025
2618 2923 2618 3027
2619 2923 2619 3027
2620 2924 2620 3029
2621 2924 2621 3029
2622 2924 2622 3029
2623 2925 2623 3031
2624 2925 2624 3031
2625 2926 2625 3033
2626 2926 2626 3033
2627 2927 2627 3036
2628 2927 2628 3036
2630 2928 2630 3038
2631 2928 2631 3038
2632 2928 2632 3038
2633 2929 2633 3040
2634 2929 2634 3040
2635 2930 2635 3042
2636 2930 2636 3042
2637 2931 2637 3044
2638 2931 2638 3044
2639 2932 2639 3046
2640 2932 2640 3046
2641 2932 2641 3046
2642 2933 2642 3048
2643 2933 2643 3048
2644 2934 2644 3050
2645 2934 2645 3050
2646 2935 2646 3052
2647 2935 2647 3052
2648 2936 2648 3054
2649 2936 2649 3054
2650 2936 2650 3054
2651 2937 2651 3057
2652 2937 2652 3057
2653 2938 2653 3059
2654 2938 2654 3059
2655 2939 2655 3061
2656 2939 2656 3061
2657 2939 2657 3061
2658 2940 2658 3063
2659 2940 2659 3063
2660 2941 2660 3065
2661 2941 2661 3065
2662 2942 2662 3067
2663 2942 2663 3067
2664 2943 2664 3069
2665 2943 2665 3069
2666 2943 2666 3069
2667 2944 2667 3071
2668 2944 2668 3071
2669 2945 2669 3073
2670 2945 2670 3073
2671 2946 2671 3076
2673 2946 2673 3076
2674 2946 2674 3076
2675 2947 2675 3078
2676 2947 2676 3078
2677 2948 2677 3080
2678 2948 2678 3080
2679 2949 2679 3082
2680 2949 2680 3082
2681 2949 2681 3082
2682 2950 2682 3084
2683 2950 2683 3084
2684 2951 2684 3086
2685 2951 2685 3086
2686 2952 2686 3088
2687 2952 2687 3088
2688 2952 2688 3088
2689 2953 2689 3090
2690 2953 2690 3090
2691 2954 2691 3093
2692 2954 2692 3093
2693 2955 2693 3095
2694 2955 2694 3095
2695 2955 2695 3095
2696 2956 2696 3097
2697 2956 2697 3097
2698 2957 2698 3099
2699 2957 2699 3099
2700 2958 2700 3101
2701 2958 2701 3101
2702 2958 2702 3101
2703 2959 2703 3103
2704 2959 2704 3103
2705 2960 2705 3105
2706 2960 2706 3105
2707 2961 2707 3107
2708 2961 2708 3107
2709 2961 2709 3107
2710 2962 2710 3110
2711 2962 2711 3110
2712 2963 2712 3112
2713 2963 2713 3112
2714 2964 2714 3114
2716 2964 2716 3114
2717 2964 2717 3114
2718 2965 2718 3116
2719 2965 2719 3116
2720 2966 2720 3118
2721 2966 2721 3118
2722 2966 2722 3118
2723 2967 2723 3120
2724 2967 2724 3120
2725 2968 2725 3122
2726 2968 2726 3122
2727 2969 2727 3124
2728 2969 2728 3124
2729 2969 2729 3124
2730 2970 2730 3127
2731 2970 2731 3127
2732 2971 2732 3129
2733 2971 2733 3129
2734 2971 2734 3129
2735 2972 2735 3131
2736 2972 2736 3131
2737 2973 2737 3133
2738 2973 2738 3133
2739 2974 2739 3135
2740 2974 2740 3135
2741 2974 2741 3135
2742 2975 2742 3137
2743 2975 2743 3137
2744 2976 2744 3139
2745 2976 2745 3139
2746 2976 2746 3139
2747 2977 2747 3142
2748 2977 2748 3142
2749 2978 2749 3144
2750 2978 2750 3144
2751 2978 2751 3144
2752 2979 2752 3146
2753 2979 2753 3146
2754 2980 2754 3148
2755 2980 2755 3148
2756 2981 2756 3150
2757 2981 2757 3150
2759 2981 2759 3150
2760 2982 2760 3152
2761 2982 2761 3152
2762 2983 2762 3154
2763 2983 2763 3154
2764 2983 2764 3154
2765 2984 2765 3157
2766 2984 2766 3157
2767 2985 2767 3159
2768 2985 2768 3159
2769 2985 2769 3159
2770 2986 2770 3161
2771 2986 2771 3161
2772 2987 2772 3163
2773 2987 2773 3163
2774 2987 2774 3163
2775 2988 2775 3165
2776 2988 2776 3165
2777 2989 2777 3167
2778 2989 2778 3167
2779 2990 2779 3169
2780 2990 2780 3169
2781 2990 2781 3169
2782 2991 2782 3172
2783 2991 2783 3172
2784 2992 2784 3174
2785 2992 2785 3174
2786 2992 2786 3174
2787 2993 2787 3176
2788 2993 2788 3176
2789 2994 2789 3178
2790 2994 2790 3178
2791 2994 2791 3178
2792 2995 2792 3180
2793 2995 2793 3180
2794 2996 2794 3182
2795 2996 2795 3182
2796 2996 2796 3182
2797 2997 2797 3185
2798 2997 2798 3185
2799 2998 2799 3187
2800 2998 2800 3187
2802 2998 2802 3187
2803 2999 2803 3189
2804 2999 2804 3189
2805 3000 2805 3191
2806 3000 2806 3191
2807 3000 2807 3191
2808 3001 2808 3193
2809 3001 2809 3193
2810 3002 2810 3195
2811 3002 2811 3195
2812 3002 2812 3195
2813 3003 2813 3197
2814 3003 2814 3197
2815 3004 2815 3200
2816 3004 2816 3200
2817 3004 2817 3200
2818 3005 2818 3202
2819 3005 2819 3202
2820 3006 2820 3204
2821 3006 2821 3204
2822 3006 2822 3204
2823 3007 2823 3206
2824 3007 2824 3206
2825 3008 2825 3208
2826 3008 2826 3208
2827 3008 2827 3208
2828 3009 2828 3210
2829 3009 2829 3210
2830 3009 2830 3210
2831 3010 2831 3213
2832 3010 2832 3213
2833 3011 2833 3215
2834 3011 2834 3215
2835 3011 2835 3215
2836 3012 2836 3217
2837 3012 2837 3217
2838 3013 2838 3219
2839 3013 2839 3219
2840 3013 2840 3219
2841 3014 2841 3221
2842 3014 2842 3221
2843 3015 2843 3223
2845 3015 2845 3223
2846 3015 2846 3223
2847 3016 2847 3226
2848 3016 2848 3226
2849 3017 2849 3228
2850 3017 2850 3228
2851 3017 2851 3228
2852 3018 2852 3230
2853 3018 2853 3230
2854 3018 2854 3230
2855 3019 2855 3232
2856 3019 2856 3232
2857 3020 2857 3234
2858 3020 2858 3234
2859 3020 2859 3234
2860 3021 2860 3237
2861 3021 2861 3237
2862 3022 2862 3239
2863 3022 2863 3239
2864 3022 2864 3239
2865 3023 2865 3241
2866 3023 2866 3241
2867 3024 2867 3243
2868 3024 2868 3243
2869 3024 2869 3243
2870 3025 2870 3245
2871 3025 2871 3245
2872 3025 2872 3245
2873 3026 2873 3247
2874 3026 2874 3247
2875 3027 2875 3250
2876 3027 2876 3250
2877 3027 2877 3250
2878 3028 2878 3252
2879 3028 2879 3252
2880 3029 2880 3254
2881 3029 2881 3254
2882 3029 2882 3254
2883 3030 2883 3256
2884 3030 2884 3256
2885 3030 2885 3256
2886 3031 2886 3258
2887 3031 2887 3258
2889 3032 2889 3261
2890 3032 2890 3261
2891 3032 2891 3261
2892 3033 2892 3263
2893 3033 2893 3263
2894 3034 2894 3265
2895 3034 2895 3265
2896 3034 2896 3265
2897 3035 2897 3267
2898 3035 2898 3267
2899 3035 2899 3267
2900 3036 2900 3269
2901 3036 2901 3269
2902 3037 2902 3271
2903 3037 2903 3271
2904 3037 2904 3271
2905 3038 2905 3274
2906 3038 2906 3274
2907 3038 2907 3274
2908 3039 2908 3276
2909 3039 2909 3276
2910 3040 2910 3278
2911 3040 2911 3278
2912 3040 2912 3278
2913 3041 2913 3280
2914 3041 2914 3280
2915 3042 2915 3282
2916 3042 2916 3282
2917 3042 2917 3282
2918 3043 2918 3285
2919 3043 2919 3285
2920 3043 2920 3285
2921 3044 2921 3287
2922 3044 2922 3287
2923 3045 2923 3289
2924 3045 2924 3289
2925 3045 2925 3289
2926 3046 2926 3291
2927 3046 2927 3291
2928 3046 2928 3291
2929 3047 2929 3293
2930 3047 2930 3293
2932 3048 2932 3296
2933 3048 2933 3296
2934 3048 2934 3296
2935 3049 2935 3298
2936 3049 2936 3298
2937 3049 2937 3298
2938 3050 2938 3300
2939 3050 2939 3300
2940 3051 2940 3302
2941 3051 2941 3302
2942 3051 2942 3302
2943 3052 2943 3304
2944 3052 2944 3304
2945 3052 2945 3304
2946 3053 2946 3307
2947 3053 2947 3307
2948 3054 2948 3309
2949 3054 2949 3309
2950 3054 2950 3309
2951 3055 2951 3311
2952 3055 2952 3311
2953 3055 2953 3311
2954 3056 2954 3313
2955 3056 2955 3313
2956 3057 2956 3315
2957 3057 2957 3315
2958 3057 2958 3315
2959 3058 2959 3318
2960 3058 2960 3318
2961 3058 2961 3318
2962 3059 2962 3320
2963 3059 2963 3320
2964 3060 2964 3322
2965 3060 2965 3322
2966 3060 2966 3322
2967 3061 2967 3324
2968 3061 2968 3324
2969 3061 2969 3324
2970 3062 2970 3326
2971 3062 2971 3326
2972 3063 2972 3329
2973 3063 2973 3329
2975 3063 2975 3329
2976 3064 2976 3331
2977 3064 2977 3331
2978 3064 2978 3331
2979 3065 2979 3333
2980 3065 2980 3333
2981 3065 2981 3333
2982 3066 2982 3335
2983 3066 2983 3335
2984 3067 2984 3338
2985 3067 2985 3338
2986 3067 2986 3338
2987 3068 2987 3340
2988 3068 2988 3340
2989 3068 2989 3340
2990 3069 2990 3342
2991 3069 2991 3342
2992 3070 2992 3344
2993 3070 2993 3344
2994 3070 2994 3344
2995 3071 2995 3346
2996 3071 2996 3346
2997 3071 2997 3346
2998 3072 2998 3349
2999 3072 2999 3349
3000 3073 3000 3351
3001 3073 3001 3351
3002 3073 3002 3351
3003 3074 3003 3353
3004 3074 3004 3353
3005 3074 3005 3353
3006 3075 3006 3355
3007 3075 3007 3355
3008 3075 3008 3355
3009 3076 3009 3358
3010 3076 3010 3358
3011 3077 3011 3360
3012 3077 3012 3360
3013 3077 3013 3360
3014 3078 3014 3362
3015 3078 3015 3362
3016 3078 3016 3362
3018 3079 3018 3364
3019 3079 3019 3364
3020 3080 3020 3366
3021 3080 3021 3366
3022 3080 3022 3366
3023 3081 3023 3369
3024 3081 3024 3369
3025 3081 3025 3369
3026 3082 3026 3371
3027 3082 3027 3371
3028 3082 3028 3371
3029 3083 3029 3373
3030 3083 3030 3373
3031 3084 3031 3375
3032 3084 3032 3375
3033 3084 3033 3375
3034 3085 3034 3378
3035 3085 3035 3378
3036 3085 3036 3378
3037 3086 3037 3380
3038 3086 3038 3380
3039 3086 3039 3380
3040 3087 3040 3382
3041 3087 3041 3382
3042 3088 3042 3384
3043 3088 3043 3384
3044 3088 3044 3384
3045 3089 3045 3386
3046 3089 3046 3386
3047 3089 3047 3386
3048 3090 3048 3389
3049 3090 3049 3389
3050 3091 3050 3391
3051 3091 3051 3391
3052 3091 3052 3391
3053 3092 3053 3393
3054 3092 3054 3393
3055 3092 3055 3393
3056 3093 3056 3395
3057 3093 3057 3395
3058 3093 3058 3395
3059 3094 3059 3398
3061 3094 3061 3398
3062 3095 3062 3400
3063 3095 3063 3400
3064 3095 3064 3400
3065 3096 3065 3402
3066 3096 3066 3402
3067 3096 3067 3402
3068 3097 3068 3404
3069 3097 3069 3404
3070 3097 3070 3404
3071 3098 3071 3407
3072 3098 3072 3407
3073 3099 3073 3409
3074 3099 3074 3409
3075 3099 3075 3409
3076 3100 3076 3411
3077 3100 3077 3411
3078 3100 3078 3411
3079 3101 3079 3413
3080 3101 3080 3413
3081 3101 3081 3413
3082 3102 3082 3416
3083 3102 3083 3416
3084 3103 3084 3418
3085 3103 3085 3418
3086 3103 3086 3418
3087 3104 3087 3420
3088 3104 3088 3420
3089 3104 3089 3420
3090 3105 3090 3422
3091 3105 3091 3422
3092 3105 3092 3422
3093 3106 3093 3425
3094 3106 3094 3425
3095 3107 3095 3427
3096 3107 3096 3427
3097 3107 3097 3427
3098 3108 3098 3429
3099 3108 3099 3429
3100 3108 3100 3429
3101 3109 3101 3431
3102 3109 3102 3431
3104 3109 3104 3431
3105 3110 3105 3434
3106 3110 3106 3434
3107 3111 3107 3436
3108 3111 3108 3436
3109 3111 3109 3436
3110 3112 3110 3438
3111 3112 3111 3438
3112 3112 3112 3438
3113 3113 3113 3440
3114 3113 3114 3440
3115 3113 3115 3440
3116 3114 3116 3443
3117 3114 3117 3443
3118 3114 3118 3443
3119 3115 3119 3445
3120 3115 3120 3445
3121 3116 3121 3447
3122 3116 3122 3447
3123 3116 3123 3447
3124 3117 3124 3449
3125 3117 3125 3449
3126 3117 3126 3449
3127 3118 3127 3452
3128 3118 3128 3452
3129 3118 3129 3452
3130 3119 3130 3454
3131 3119 3131 3454
3132 3120 3132 3456
3133 3120 3133 3456
3134 3120 3134 3456
3135 3121 3135 3458
3136 3121 3136 3458
3137 3121 3137 3458
3138 3122 3138 3461
3139 3122 3139 3461
3140 3122 3140 3461
3141 3123 3141 3463
3142 3123 3142 3463
3143 3124 3143 3465
3144 3124 3144 3465
3145 3124 3145 3465
3147 3125 3147 3467
3148 3125 3148 3467
3149 3125 3149 3467
3150 3126 3150 3470
3151 3126 3151 3470
3152 3126 3152 3470
3153 3127 3153 3472
3154 3127 3154 3472
3155 3128 3155 3474
3156 3128 3156 3474
3157 3128 3157 3474
3158 3129 3158 3476
3159 3129 3159 3476
3160 3129 3160 3476
3161 3130 3161 3479
3162 3130 3162 3479
3163 3130 3163 3479
3164 3131 3164 3481
3165 3131 3165 3481
3166 3132 3166 3483
3167 3132 3167 3483
3168 3132 3168 3483
3169 3133 3169 3486
3170 3133 3170 3486
3171 3133 3171 3486
3172 3134 3172 3488
3173 3134 3173 3488
3174 3134 3174 3488
3175 3135 3175 3490
3176 3135 3176 3490
3177 3136 3177 3492
3178 3136 3178 3492
3179 3136 3179 3492
3180 3137 3180 3495
3181 3137 3181 3495
3182 3137 3182 3495
3183 3138 3183 3497
3184 3138 3184 3497
3185 3138 3185 3497
3186 3139 3186 3499
3187 3139 3187 3499
3188 3140 3188 3501
3190 3140 3190 3501
3191 3140 3191 3501
3192 3141 3192 3504
3193 3141 3193 3504
3194 3141 3194 3504
3195 3142 3195 3506
3196 3142 3196 3506
3197 3142 3197 3506
3198 3143 3198 3508
3199 3143 3199 3508
3200 3144 3200 3511
3201 3144 3201 3511
3202 3144 3202 3511
3203 3145 3203 3513
3204 3145 3204 3513
3205 3145 3205 3513
3206 3146 3206 3515
3207 3146 3207 3515
3208 3146 3208 3515
3209 3147 3209 3517
3210 3147 3210 3517
3211 3148 3211 3520
3212 3148 3212 3520
3213 3148 3213 3520
3214 3149 3214 3522
3215 3149 3215 3522
3216 3149 3216 3522
3217 3150 3217 3524
3218 3150 3218 3524
3219 3150 3219 3524
3220 3151 3220 3527
3221 3151 3221 3527
3222 3152 3222 3529
3223 3152 3223 3529
3224 3152 3224 3529
3225 3153 3225 3531
3226 3153 3226 3531
3227 3153 3227 3531
3228 3154 3228 3533
3229 3154 3229 3533
3230 3154 3230 3533
3231 3155 3231 3536
3233 3155 3233 3536
3234 3156 3234 3538
3235 3156 3235 3538
3236 3156 3236 3538
3237 3157 3237 3540
3238 3157 3238 3540
3239 3157 3239 3540
3240 3158 3240 3543
3241 3158 3241 3543
3242 3158 3242 3543
3243 3159 3243 3545
3244 3159 3244 3545
3245 3160 3245 3547
3246 3160 3246 3547
3247 3160 3247 3547
3248 3161 3248 3549
3249 3161 3249 3549
3250 3161 3250 3549
3251 3162 3251 3552
3252 3162 3252 3552
3253 3162 3253 3552
3254 3163 3254 3554
3255 3163 3255 3554
3256 3164 3256 3556
3257 3164 3257 3556
3258 3164 3258 3556
3259 3165 3259 3559
3260 3165 3260 3559
3261 3165 3261 3559
3262 3166 3262 3561
3263 3166 3263 3561
3264 3167 3264 3563
3265 3167 3265 3563
3266 3167 3266 3563
3267 3168 3267 3565
3268 3168 3268 3565
3269 3168 3269 3565
3270 3169 3270 3568
3271 3169 3271 3568
3272 3169 3272 3568
3273 3170 3273 3570
3274 3170 3274 3570
3276 3171 3276 3572
3277 3171 3277 3572
3278 3171 3278 3572
3279 3172 3279 3575
3280 3172 3280 3575
3281 3172 3281 3575
3282 3173 3282 3577
3283 3173 3283 3577
3284 3174 3284 3579
3285 3174 3285 3579
3286 3174 3286 3579
3287 3175 3287 3582
3288 3175 3288 3582
3289 3175 3289 3582
3290 3176 3290 3584
3291 3176 3291 3584
3292 3176 3292 3584
3293 3177 3293 3586
3294 3177 3294 3586
3295 3178 3295 3588
3296 3178 3296 3588
3297 3178 3297 3588
3298 3179 3298 3591
3299 3179 3299 3591
3300 3179 3300 3591
3301 3180 3301 3593
3302 3180 3302 3593
3303 3181 3303 3595
3304 3181 3304 3595
3305 3181 3305 3595
3306 3182 3306 3598
3307 3182 3307 3598
3308 3182 3308 3598
3309 3183 3309 3600
3310 3183 3310 3600
3311 3184 3311 3602
3312 3184 3312 3602
3313 3184 3313 3602
3314 3185 3314 3605
3315 3185 3315 3605
3316 3185 3316 3605
3317 3186 3317 3607
3318 3186 3318 3607
3320 3186 3320 3607
3321 3187 3321 3609
3322 3187 3322 3609
3323 3188 3323 3612
3324 3188 3324 3612
3325 3188 3325 3612
3326 3189 3326 3614
3327 3189 3327 3614
3328 3189 3328 3614
3329 3190 3329 3616
3330 3190 3330 3616
3331 3191 3331 3619
3332 3191 3332 3619
3333 3191 3333 3619
3334 3192 3334 3621
3335 3192 3335 3621
3336 3192 3336 3621
3337 3193 3337 3623
3338 3193 3338 3623
3339 3194 3339 3625
3340 3194 3340 3625
3341 3194 3341 3625
3342 3195 3342 3628
3343 3195 3343 3628
3344 3195 3344 3628
3345 3196 3345 3630
3346 3196 3346 3630
3347 3197 3347 3632
3348 3197 3348 3632
3349 3197 3349 3632
3350 3198 3350 3635
3351 3198 3351 3635
3352 3198 3352 3635
3353 3199 3353 3637
3354 3199 3354 3637
3355 3200 3355 3639
3356 3200 3356 3639
3357 3200 3357 3639
3358 3201 3358 3642
3359 3201 3359 3642
3360 3202 3360 3644
3361 3202 3361 3644
3363 3202 3363 3644
3364 3203 3364 3646
3365 3203 3365 3646
3366 3203 3366 3646
3367 3204 3367 3649
3368 3204 3368 3649
3369 3205 3369 3651
3370 3205 3370 3651
3371 3205 3371 3651
3372 3206 3372 3653
3373 3206 3373 3653
3374 3206 3374 3653
3375 3207 3375 3656
3376 3207 3376 3656
3377 3208 3377 3658
3378 3208 3378 3658
3379 3208 3379 3658
3380 3209 3380 3660
3381 3209 3381 3660
3382 3209 3382 3660
3383 3210 3383 3663
3384 3210 3384 3663
3385 3211 3385 3665
3386 3211 3386 3665
3387 3211 3387 3665
3388 3212 3388 3667
3389 3212 3389 3667
3390 3213 3390 3670
3391 3213 3391 3670
3392 3213 3392 3670
3393 3214 3393 3672
3394 3214 3394 3672
3395 3214 3395 3672
3396 3215 3396 3674
3397 3215 3397 3674
3398 3216 3398 3677
3399 3216 3399 3677
3400 3216 3400 3677
3401 3217 3401 3679
3402 3217 3402 3679
3403 3218 3403 3681
3404 3218 3404 3681
3406 3218 3406 3681
3407 3219 3407 3684
3408 3219 3408 3684
3409 3219 3409 3684
3410 3220 3410 3686
3411 3220 3411 3686
3412 3221 3412 3688
3413 3221 3413 3688
3414 3221 3414 3688
3415 3222 3415 3691
3416 3222 3416 3691
3417 3223 3417 3693
3418 3223 3418 3693
3419 3223 3419 3693
3420 3224 3420 3695
3421 3224 3421 3695
3422 3224 3422 3695
3423 3225 3423 3698
3424 3225 3424 3698
3425 3226 3425 3700
3426 3226 3426 3700
3427 3226 3427 3700
3428 3227 3428 3702
3429 3227 3429 3702
3430 3228 3430 3705
3431 3228 3431 3705
3432 3228 3432 3705
3433 3229 3433 3707
3434 3229 3434 3707
3435 3230 3435 3709
3436 3230 3436 3709
3437 3230 3437 3709
3438 3231 3438 3712
3439 3231 3439 3712
3440 3231 3440 3712
3441 3232 3441 3714
3442 3232 3442 3714
3443 3233 3443 3717
3444 3233 3444 3717
3445 3233 3445 3717
3446 3234 3446 3719
3447 3234 3447 3719
3449 3235 3449 3721
3450 3235 3450 3721
3451 3235 3451 3721
3452 3236 3452 3724
3453 3236 3453 3724
3454 3237 3454 3726
3455 3237 3455 3726
3456 3237 3456 3726
3457 3238 3457 3728
3458 3238 3458 3728
3459 3239 3459 3731
3460 3239 3460 3731
3461 3239 3461 3731
3462 3240 3462 3733
3463 3240 3463 3733
3464 3241 3464 3735
3465 3241 3465 3735
3466 3241 3466 3735
3467 3242 3467 3738
3468 3242 3468 3738
3469 3243 3469 3740
3470 3243 3470 3740
3471 3243 3471 3740
3472 3244 3472 3742
3473 3244 3473 3742
3474 3245 3474 3745
3475 3245 3475 3745
3476 3245 3476 3745
3477 3246 3477 3747
3478 3246 3478 3747
3479 3247 3479 3750
3480 3247 3480 3750
3481 3247 3481 3750
3482 3248 3482 3752
3483 3248 3483 3752
3484 3249 3484 3754
3485 3249 3485 3754
3486 3249 3486 3754
3487 3250 3487 3757
3488 3250 3488 3757
3489 3251 3489 3759
3490 3251 3490 3759
3492 3251 3492 3759
3493 3252 3493 3761
3494 3252 3494 3761
3495 3253 3495 3764
3496 3253 3496 3764
3497 3253 3497 3764
3498 3254 3498 3766
3499 3254 3499 3766
3500 3255 3500 3768
3501 3255 3501 3768
3502 3255 3502 3768
3503 3256 3503 3771
3504 3256 3504 3771
3505 3257 3505 3773
3506 3257 3506 3773
3507 3257 3507 3773
3508 3258 3508 3776
3509 3258 3509 3776
3510 3259 3510 3778
3511 3259 3511 3778
3512 3259 3512 3778
3513 3260 3513 3780
3514 3260 3514 3780
3515 3261 3515 3783
3516 3261 3516 3783
3517 3261 3517 3783
3518 3262 3518 3785
3519 3262 3519 3785
3520 3263 3520 3787
3521 3263 3521 3787
3522 3264 3522 3790
3523 3264 3523 3790
3524 3264 3524 3790
3525 3265 3525 3792
3526 3265 3526 3792
3527 3266 3527 3795
3528 3266 3528 3795
3529 3266 3529 3795
3530 3267 3530 3797
3531 3267 3531 3797
3532 3268 3532 3799
3533 3268 3533 3799
3535 3268 3535 3799
3536 3269 3536 3802
3537 3269 3537 3802
3538 3270 3538 3804
3539 3270 3539 3804
3540 3271 3540 3806
3541 3271 3541 3806
3542 3271 3542 3806
3543 3272 3543 3809
3544 3272 3544 3809
3545 3273 3545 3811
3546 3273 3546 3811
3547 3273 3547 3811
3548 3274 3548 3814
3549 3274 3549 3814
3550 3275 3550 3816
3551 3275 3551 3816
3552 3275 3552 3816
3553 3276 3553 3818
3554 3276 3554 3818
3555 3277 3555 3821
3556 3277 3556 3821
3557 3278 3557 3823
3558 3278 3558 3823
3559 3278 3559 3823
3560 3279 3560 3826
3561 3279 3561 3826
3562 3280 3562 3828
3563 3280 3563 3828
3564 3281 3564 3830
3565 3281 3565 3830
3566 3281 3566 3830
3567 3282 3567 3833
3568 3282 3568 3833
3569 3283 3569 3835
3570 3283 3570 3835
3571 3283 3571 3835
3572 3284 3572 3838
3573 3284 3573 3838
3574 3285 3574 3840
3575 3285 3575 3840
3576 3286 3576 3842
3578 3286 3578 3842
3579 3286 3579 3842
3580 3287 3580 3845
3581 3287 3581 3845
3582 3288 3582 3847
3583 3288 3583 3847
3584 3289 3584 3849
3585 3289 3585 3849
3586 3289 3586 3849
3587 3290 3587 3852
3588 3290 3588 3852
3589 3291 3589 3854
3590 3291 3590 3854
3591 3292 3591 3857
3592 3292 3592 3857
3593 3292 3593 3857
3594 3293 3594 3859
3595 3293 3595 3859
3596 3294 3596 3861
3597 3294 3597 3861
3598 3295 3598 3864
3599 3295 3599 3864
3600 3295 3600 3864
3601 3296 3601 3866
3602 3296 3602 3866
3603 3297 3603 3869
3604 3297 3604 3869
3605 3298 3605 3871
3606 3298 3606 3871
3607 3298 3607 3871
3608 3299 3608 3873
3609 3299 3609 3873
3610 3300 3610 3876
3611 3300 3611 3876
3612 3301 3612 3878
3613 3301 3613 3878
3614 3301 3614 3878
3615 3302 3615 3881
3616 3302 3616 3881
3617 3303 3617 3883
3618 3303 3618 3883
3619 3304 3619 3886
3621 3304 3621 3886
3622 3304 3622 3886
3623 3305 3623 3888
3624 3305 3624 3888
3625 3306 3625 3890
3626 3306 3626 3890
3627 3307 3627 3893
3628 3307 3628 3893
3629 3308 3629 3895
3630 3308 3630 3895
3631 3308 3631 3895
3632 3309 3632 3898
3633 3309 3633 3898
3634 3310 3634 3900
3635 3310 3635 3900
3636 3311 3636 3902
3637 3311 3637 3902
3638 3312 3638 3905
3639 3312 3639 3905
3640 3312 3640 3905
3641 3313 3641 3907
3642 3313 3642 3907
3643 3314 3643 3910
3644 3314 3644 3910
3645 3315 3645 3912
3646 3315 3646 3912
3647 3315 3647 3912
3648 3316 3648 3915
3649 3316 3649 3915
3650 3317 3650 3917
3651 3317 3651 3917
3652 3318 3652 3919
3653 3318 3653 3919
3654 3319 3654 3922
3655 3319 3655 3922
3656 3320 3656 3924
3657 3320 3657 3924
3658 3320 3658 3924
3659 3321 3659 3927
3660 3321 3660 3927
3661 3322 3661 3929
3662 3322 3662 3929
3664 3323 3664 3931
3665 3323 3665 3931
3666 3324 3666 3934
3667 3324 3667 3934
3668 3324 3668 3934
3669 3325 3669 3936
3670 3325 3670 3936
3671 3326 3671 3939
3672 3326 3672 3939
3673 3327 3673 3941
3674 3327 3674 3941
3675 3328 3675 3944
3676 3328 3676 3944
3677 3329 3677 3946
3678 3329 3678 3946
3679 3329 3679 3946
3680 3330 3680 3948
3681 3330 3681 3948
3682 3331 3682 3951
3683 3331 3683 3951
3684 3332 3684 3953
3685 3332 3685 3953
3686 3333 3686 3956
3687 3333 3687 3956
3688 3334 3688 3958
3689 3334 3689 3958
3690 3334 3690 3958
3691 3335 3691 3961
3692 3335 3692 3961
3693 3336 3693 3963
3694 3336 3694 3963
3695 3337 3695 3965
3696 3337 3696 3965
3697 3338 3697 3968
3698 3338 3698 3968
3699 3339 3699 3970
3700 3339 3700 3970
3701 3340 3701 3973
3702 3340 3702 3973
3703 3340 3703 3973
3704 3341 3704 3975
3705 3341 3705 3975
3706 3342 3706 3978
3708 3342 3708 3978
3709 3343 3709 3980
3710 3343 3710 3980
3711 3344 3711 3983
3712 3344 3712 3983
3713 3345 3713 3985
3714 3345 3714 3985
3715 3346 3715 3987
3716 3346 3716 3987
3717 3347 3717 3990
3718 3347 3718 3990
3719 3347 3719 3990
3720 3348 3720 3992
3721 3348 3721 3992
3722 3349 3722 3995
3723 3349 3723 3995
3724 3350 3724 3997
3725 3350 3725 3997
3726 3351 3726 4000
3727 3351 3727 4000
3728 3352 3728 4002
3729 3352 3729 4002
3730 3353 3730 4005
3731 3353 3731 4005
3732 3354 3732 4007
3733 3354 3733 4007
3734 3355 3734 4009
3735 3355 3735 4009
3736 3355 3736 4009
3737 3356 3737 4012
3738 3356 3738 4012
3739 3357 3739 4014
3740 3357 3740 4014
3741 3358 3741 4017
3742 3358 3742 4017
3743 3359 3743 4019
3744 3359 3744 4019
3745 3360 3745 4022
3746 3360 3746 4022
3747 3361 3747 4024
3748 3361 3748 4024
3749 3362 3749 4027
3751 3362 3751 4027
3752 3363 3752 4029
3753 3363 3753 4029
3754 3364 3754 4032
3755 3364 3755 4032
3756 3365 3756 4034
3757 3365 3757 4034
3758 3366 3758 4036
3759 3366 3759 4036
3760 3366 3760 4036
3761 3367 3761 4039
3762 3367 3762 4039
3763 3368 3763 4041
3764 3368 3764 4041
3765 3369 3765 4044
3766 3369 3766 4044
3767 3370 3767 4046
3768 3370 3768 4046
3769 3371 3769 4049
3770 3371 3770 4049
3771 3372 3771 4051
3772 3372 3772 4051
3773 3373 3773 4054
3774 3373 3774 4054
3775 3374 3775 4056
3776 3374 3776 4056
3777 3375 3777 4059
3778 3375 3778 4059
3779 3376 3779 4061
3780 3376 3780 4061
3781 3377 3781 4064
3782 3377 3782 4064
3783 3378 3783 4066
3784 3378 3784 4066
3785 3379 3785 4069
3786 3379 3786 4069
3787 3380 3787 4071
3788 3380 3788 4071
3789 3381 3789 4073
3790 3381 3790 4073
3791 3382 3791 4076
3792 3382 3792 4076
3794 3383 3794 4078
3795 3383 3795 4078
3796 3384 3796 4081
3797 3384 3797 4081
3798 3385 3798 4083
3799 3385 3799 4083
3800 3386 3800 4086
3801 3386 3801 4086
3802 3387 3802 4088
3803 3387 3803 4088
3804 3388 3804 4091
3805 3388 3805 4091
3806 3389 3806 4093
3807 3389 3807 4093
3808 3390 3808 4096
3809 3390 3809 4096
3810 3391 3810 4098
3811 3391 3811 4098
3812 3392 3812 4101
3813 3392 3813 4101
3814 3393 3814 4103
3815 3393 3815 4103
3816 3394 3816 4106
3817 3394 3817 4106
3818 3395 3818 4108
3819 3395 3819 4108
3820 3396 3820 4111
3821 3396 3821 4111
3822 3397 3822 4113
3823 3397 3823 4113
3824 3398 3824 4116
3825 3398 3825 4116
3826 3399 3826 4118
3827 3399 3827 4118
3828 3400 3828 4121
3829 3400 3829 4121
3830 3401 3830 4123
3831 3401 3831 4123
3832 3402 3832 4126
3833 3402 3833 4126
3834 3403 3834 4128
3835 3403 3835 4128
3837 3404 3837 4131
3838 3404 3838 4131
3839 3405 3839 4133
3840 3405 3840 4133
3841 3406 3841 4136
3842 3406 3842 4136
3843 3407 3843 4138
3844 3408 3844 4141
3845 3408 3845 4141
3846 3409 3846 4143
3847 3409 3847 4143
3848 3410 3848 4146
3849 3410 3849 4146
3850 3411 3850 4148
3851 3411 3851 4148
3852 3412 3852 4151
3853 3412 3853 4151
3854 3413 3854 4153
3855 3413 3855 4153
3856 3414 3856 4156
3857 3414 3857 4156
3858 3415 3858 4158
3859 3415 3859 4158
3860 3416 3860 4161
3861 3416 3861 4161
3862 3417 3862 4163
3863 3417 3863 4163
3864 3418 3864 4166
3865 3418 3865 4166
3866 3419 3866 4168
3867 3420 3867 4171
3868 3420 3868 4171
3869 3421 3869 4173
3870 3421 3870 4173
3871 3422 3871 4176
3872 3422 3872 4176
3873 3423 3873 4178
3874 3423 3874 4178
3875 3424 3875 4181
3876 3424 3876 4181
3877 3425 3877 4183
3878 3425 3878 4183
3880 3426 3880 4186
3881 3426 3881 4186
3882 3427 3882 4188
3883 3427 3883 4188
3884 3428 3884 4191
3885 3429 3885 4193
3886 3429 3886 4193
3887 3430 3887 4196
3888 3430 3888 4196
3889 3431 3889 4198
3890 3431 3890 4198
3891 3432 3891 4201
3892 3432 3892 4201
3893 3433 3893 4203
3894 3433 3894 4203
3895 3434 3895 4206
3896 3434 3896 4206
3897 3435 3897 4208
3898 3436 3898 4211
3899 3436 3899 4211
3900 3437 3900 4213
3901 3437 3901 4213
3902 3438 3902 4216
3903 3438 3903 4216
3904 3439 3904 4218
3905 3439 3905 4218
3906 3440 3906 4221
3907 3440 3907 4221
3908 3441 3908 4223
3909 3442 3909 4226
3910 3442 3910 4226
3911 3443 3911 4228
3912 3443 3912 4228
3913 3444 3913 4231
3914 3444 3914 4231
3915 3445 3915 4233
3916 3445 3916 4233
3917 3446 3917 4236
3918 3446 3918 4236
3919 3447 3919 4238
3920 3448 3920 4241
3921 3448 3921 4241
3923 3449 3923 4243
3924 3449 3924 4243
3925 3450 3925 4246
3926 3450 3926 4246
3927 3451 3927 4249
3928 3451 3928 4249
3929 3452 3929 4251
3930 3453 3930 4254
3931 3453 3931 4254
3932 3454 3932 4256
3933 3454 3933 4256
3934 3455 3934 4259
3935 3455 3935 4259
3936 3456 3936 4261
3937 3456 3937 4261
3938 3457 3938 4264
3939 3458 3939 4266
3940 3458 3940 4266
3941 3459 3941 4269
3942 3459 3942 4269
3943 3460 3943 4271
3944 3460 3944 4271
3945 3461 3945 4274
3946 3462 3946 4276
3947 3462 3947 4276
3948 3463 3948 4279
3949 3463 3949 4279
3950 3464 3950 4282
3951 3464 3951 4282
3952 3465 3952 4284
3953 3465 3953 4284
3954 3466 3954 4287
3955 3467 3955 4289
3956 3467 3956 4289
3957 3468 3957 4292
3958 3468 3958 4292
3959 3469 3959 4294
3960 3469 3960 4294
3961 3470 3961 4297
3962 3471 3962 4299
3963 3471 3963 4299
3964 3472 3964 4302
3966 3472 3966 4302
3967 3473 3967 4304
3968 3473 3968 4304
3969 3474 3969 4307
3970 3475 3970 4310
3971 3475 3971 4310
3972 3476 3972 4312
3973 3476 3973 4312
3974 3477 3974 4315
3975 3477 3975 4315
3976 3478 3976 4317
3977 3479 3977 4320
3978 3479 3978 4320
3979 3480 3979 4322
3980 3480 3980 4322
3981 3481 3981 4325
3982 3482 3982 4327
3983 3482 3983 4327
3984 3483 3984 4330
3985 3483 3985 4330
3986 3484 3986 4332
3987 3484 3987 4332
3988 3485 3988 4335
3989 3486 3989 4338
3990 3486 3990 4338
3991 3487 3991 4340
3992 3487 3992 4340
3993 3488 3993 4343
3994 3489 3994 4345
3995 3489 3995 4345
3996 3490 3996 4348
3997 3490 3997 4348
3998 3491 3998 4350
3999 3491 3999 4350
4000 3492 4000 4353
4001 3493 4001 4356
4002 3493 4002 4356
4003 3494 4003 4358
4004 3494 4004 4358
4005 3495 4005 4361
4006 3496 4006 4363
4007 3496 4007 4363
4009 3497 4009 4366
4010 3497 4010 4366
4011 3498 4011 4368
4012 3499 4012 4371
