81 368
82 368
83 368
84 367
85 367
87 367
88 367
89 366
90 366
91 366
92 365
93 365
94 365
95 365
96 364
97 364
98 364
99 364
100 363
101 363
102 363
103 363
104 362
105 362
106 362
107 362
108 362
109 361
110 361
111 361
112 361
113 360
114 360
115 360
116 360
117 359
118 359
119 359
120 359
121 359
122 358
123 358
124 358
125 358
126 358
127 357
128 357
130 357
131 357
132 357
133 356
134 356
135 356
136 356
137 356
138 356
139 355
140 355
141 355
142 355
143 355
144 355
145 354
146 354
147 354
148 354
149 354
150 354
151 354
152 353
153 353
154 353
155 353
156 353
157 353
158 353
159 352
160 352
161 352
162 352
163 352
164 352
165 352
166 352
167 351
168 351
169 351
170 351
171 351
173 351
174 351
175 351
176 351
177 351
178 351
179 350
180 350
181 350
182 350
183 350
184 350
185 350
186 350
187 350
188 350
189 350
190 350
191 350
192 349
193 349
194 349
195 349
196 349
197 349
198 349
199 349
200 349
201 349
202 349
203 349
204 349
205 349
206 349
207 349
208 349
209 349
210 349
211 349
212 349
213 349
214 349
216 349
217 349
218 349
219 349
220 349
221 349
222 349
223 349
224 349
225 349
226 349
227 349
228 349
229 349
230 349
231 349
232 349
233 349
234 349
235 349
236 349
237 349
238 349
239 349
240 349
241 349
242 349
243 349
244 349
245 349
246 349
247 350
248 350
249 350
250 350
251 350
252 350
253 350
254 350
255 350
256 350
257 350
259 350
260 350
261 350
262 351
263 351
264 351
265 351
266 351
267 351
268 351
269 351
270 351
271 351
272 352
273 352
274 352
275 352
276 352
277 352
278 352
279 352
280 352
281 353
282 353
283 353
284 353
285 353
286 353
287 353
288 354
289 354
290 354
291 354
292 354
293 354
294 354
295 355
296 355
297 355
298 355
299 355
300 355
302 356
303 356
304 356
305 356
306 356
307 356
308 357
309 357
310 357
311 357
312 357
313 358
314 358
315 358
316 358
317 358
318 359
319 359
320 359
321 359
322 359
323 360
324 360
325 360
326 360
327 360
328 361
329 361
330 361
331 361
332 362
333 362
334 362
335 362
336 363
337 363
338 363
339 363
340 364
341 364
342 364
343 364
345 365
346 365
347 365
348 365
349 366
350 366
351 366
352 366
353 367
354 367
355 367
356 367
357 368
358 368
359 368
360 369
361 369
362 369
363 370
364 370
365 370
366 370
367 371
368 371
369 371
370 372
371 372
372 372
373 373
374 373
375 373
376 374
377 374
378 374
379 375
380 375
381 375
382 376
383 376
384 376
385 376
386 377
388 377
389 377
390 378
391 378
392 378
393 379
394 379
395 380
396 380
397 380
398 381
399 381
400 381
401 382
402 382
403 382
404 383
405 383
406 384
407 384
408 384
409 385
410 385
411 386
412 386
413 386
414 387
415 387
416 387
417 388
418 388
419 389
420 389
421 389
422 390
423 390
424 391
425 391
426 391
427 392
428 392
429 393
430 393
432 394
433 394
434 394
435 395
436 395
437 396
438 396
439 397
440 397
441 398
442 398
443 398
444 399
445 399
446 400
447 400
448 401
449 401
450 402
451 402
452 402
453 403
454 404
455 404
456 404
457 405
458 405
459 406
460 406
461 407
462 407
463 408
464 408
465 409
466 409
467 410
468 410
469 411
470 411
471 412
472 412
473 413
475 413
476 414
477 414
478 415
479 415
480 416
481 416
482 417
483 417
484 418
485 419
486 419
487 420
488 420
489 421
490 421
491 422
492 422
493 423
494 423
495 424
496 424
497 425
498 425
499 426
500 427
501 427
502 428
503 428
504 429
505 429
506 430
507 431
508 431
509 432
510 432
511 433
512 433
513 434
514 435
515 435
516 436
518 436
519 437
520 437
521 438
522 439
523 439
524 440
525 440
526 441
527 442
528 442
529 443
530 444
531 444
532 445
533 445
534 446
535 446
536 447
537 448
538 448
539 449
540 449
541 450
542 451
543 451
544 452
545 453
546 453
547 454
548 455
549 455
550 456
551 457
552 457
553 458
554 458
555 459
556 460
557 460
558 461
559 462
561 462
562 463
563 464
564 465
565 465
566 466
567 466
568 467
569 468
570 468
571 469
572 470
573 471
574 471
575 472
576 472
577 473
578 474
579 475
580 475
581 476
582 477
583 477
584 478
585 479
586 479
587 480
588 481
589 482
590 482
591 483
592 484
593 485
594 485
595 486
596 487
597 487
598 488
599 489
600 490
601 490
602 491
604 492
605 492
606 493
607 494
608 495
609 495
610 496
611 497
612 498
613 499
614 499
615 500
616 501
617 502
618 502
619 503
620 504
621 505
622 506
623 506
624 507
625 508
626 509
627 509
628 510
629 511
630 512
631 512
632 513
633 514
634 515
635 516
636 516
637 517
638 518
639 519
640 519
641 520
642 521
643 522
644 523
645 523
647 524
648 525
649 526
650 526
651 528
652 528
653 529
654 530
655 531
656 531
657 532
658 533
659 534
660 535
661 536
662 537
663 537
664 538
665 539
666 540
667 540
668 541
669 542
670 543
671 544
672 545
673 545
674 546
675 548
676 548
677 549
678 550
679 551
680 551
681 553
682 553
683 554
684 555
685 556
686 557
687 558
688 558
690 559
691 560
692 561
693 562
694 563
695 563
696 565
697 566
698 566
699 568
700 568
701 569
702 570
703 571
704 572
705 573
706 573
707 575
708 575
709 576
710 577
711 578
712 579
713 580
714 581
715 582
716 582
717 584
718 584
719 585
720 586
721 587
722 588
723 589
724 590
725 591
726 592
727 593
728 593
729 595
730 595
731 596
733 597
734 598
735 599
736 600
737 601
738 602
739 603
740 604
741 605
742 606
743 607
744 608
745 608
746 610
747 610
748 612
749 612
750 614
751 614
752 615
753 616
754 617
755 618
756 619
757 620
758 621
759 622
760 623
761 624
762 625
763 626
764 627
765 628
766 629
767 630
768 631
769 632
770 633
771 634
772 635
773 636
774 637
776 638
777 639
778 640
779 641
780 642
781 643
782 644
783 645
784 646
785 647
786 648
787 649
788 650
789 651
790 652
791 653
792 654
793 655
794 656
795 657
796 658
797 659
798 660
799 661
800 663
801 663
802 665
803 665
804 667
805 667
806 669
807 670
808 670
809 672
810 672
811 674
812 675
813 676
814 677
815 678
816 679
817 680
818 681
820 682
821 683
822 685
823 685
824 686
825 688
826 688
827 690
828 690
829 692
830 693
831 694
832 695
833 696
834 697
835 699
836 699
837 700
838 701
839 702
840 704
841 704
842 706
843 707
844 708
845 709
846 710
847 711
848 712
849 713
850 714
851 716
852 716
853 718
854 719
855 720
856 721
857 722
858 723
859 724
860 726
861 726
863 728
864 729
865 730
866 731
867 732
868 733
869 734
870 736
871 736
872 738
873 739
874 740
875 741
876 742
877 743
878 744
879 746
880 747
881 748
882 749
883 750
884 751
885 752
886 754
887 755
888 756
889 757
890 758
891 759
892 760
893 762
894 763
895 764
896 765
897 766
898 767
899 768
900 770
901 771
902 772
903 773
904 774
906 775
907 776
908 778
909 779
910 780
911 781
912 782
913 784
914 784
915 786
916 787
917 788
918 789
919 790
920 792
921 793
922 794
923 795
924 796
925 798
926 799
927 800
928 801
929 802
930 804
931 805
932 806
933 807
934 808
935 810
936 810
937 812
938 813
939 814
940 816
941 816
942 818
943 819
944 820
945 822
946 822
947 824
949 825
950 826
951 828
952 828
953 830
954 831
955 832
956 834
957 834
958 836
959 837
960 838
961 840
962 841
963 842
964 843
965 844
966 846
967 847
968 848
969 849
970 850
971 852
972 853
973 854
974 856
975 856
976 858
977 859
978 860
979 862
980 863
981 865
982 865
983 866
984 868
985 869
986 870
987 872
988 873
989 874
990 875
992 876
993 878
994 879
995 880
996 882
997 883
998 884
999 885
1000 886
1001 888
1002 889
1003 890
1004 892
1005 893
1006 894
1007 895
1008 896
1009 898
1010 899
1011 900
1012 902
1013 903
1014 904
1015 906
1016 907
1017 908
1018 909
1019 910
1020 912
1021 913
1022 914
1023 916
1024 917
1025 918
1026 920
1027 921
1028 922
1029 924
1030 924
1031 925
1032 927
1033 928
1035 930
1036 931
1037 932
1038 934
1039 935
1040 936
1041 938
1042 939
1043 940
1044 942
1045 943
1046 944
1047 946
1048 946
1049 947
1050 949
1051 950
1052 951
1053 953
1054 954
1055 955
1056 957
1057 958
1058 959
1059 961
1060 962
1061 963
1062 965
1063 966
1064 968
1065 969
1066 970
1067 972
1068 973
1069 974
1070 976
1071 977
1072 978
1073 979
1074 981
1075 982
1076 983
1078 985
1079 986
1080 987
1081 989
1082 990
1083 991
1084 993
1085 994
1086 995
1087 997
1088 998
1089 999
1090 1001
1091 1002
1092 1003
1093 1005
1094 1006
1095 1007
1096 1009
1097 1010
1098 1011
1099 1013
1100 1014
1101 1015
1102 1016
1103 1018
1104 1019
1105 1020
1106 1022
1107 1023
1108 1024
1109 1026
1110 1027
1111 1028
1112 1030
1113 1031
1114 1032
1115 1033
1116 1036
1117 1037
1118 1038
1119 1040
1121 1041
1122 1042
1123 1044
1124 1045
1125 1046
1126 1048
1127 1049
1128 1050
1129 1051
1130 1053
1131 1054
1132 1055
1133 1057
1134 1058
1135 1060
1136 1061
1137 1063
1138 1064
1139 1065
1140 1067
1141 1068
1142 1069
1143 1071
1144 1072
1145 1073
1146 1074
1147 1076
1148 1078
1149 1079
1150 1081
1151 1082
1152 1083
1153 1084
1154 1086
1155 1087
1156 1088
1157 1089
1158 1091
1159 1093
1160 1094
1161 1096
1162 1097
1164 1098
1165 1099
1166 1101
1167 1102
1168 1103
1169 1106
1170 1107
1171 1108
1172 1109
1173 1111
1174 1112
1175 1113
1176 1114
1177 1116
1178 1118
1179 1119
1180 1121
1181 1122
1182 1123
1183 1124
1184 1126
1185 1127
1186 1129
1187 1130
1188 1132
1189 1133
1190 1134
1191 1135
1192 1137
1193 1138
1194 1140
1195 1141
1196 1143
1197 1144
1198 1145
1199 1146
1200 1149
1201 1150
1202 1151
1203 1152
1204 1154
1205 1155
1207 1156
1208 1157
1209 1160
1210 1161
1211 1162
1212 1163
1213 1165
1214 1166
1215 1168
1216 1169
1217 1171
1218 1172
1219 1173
1220 1174
1221 1177
1222 1178
1223 1179
1224 1180
1225 1182
1226 1184
1227 1185
1228 1186
1229 1188
1230 1189
1231 1190
1232 1192
1233 1194
1234 1195
1235 1196
1236 1197
1237 1198
1238 1201
1239 1202
1240 1203
1241 1204
1242 1206
1243 1208
1244 1209
1245 1210
1246 1212
1247 1213
1248 1215
1249 1216
1251 1217
1252 1219
1253 1220
1254 1222
1255 1223
1256 1225
1257 1226
1258 1227
1259 1229
1260 1230
1261 1232
1262 1233
1263 1234
1264 1236
1265 1237
1266 1239
1267 1240
1268 1242
1269 1243
1270 1245
1271 1246
1272 1247
1273 1249
1274 1250
1275 1252
1276 1253
1277 1255
1278 1256
1279 1257
1280 1259
1281 1261
1282 1262
1283 1263
1284 1264
1285 1267
1286 1268
1287 1269
1288 1270
1289 1271
1290 1274
1291 1275
1292 1276
1294 1277
1295 1279
1296 1281
1297 1282
1298 1283
1299 1285
1300 1286
1301 1288
1302 1289
1303 1291
1304 1292
1305 1293
1306 1295
1307 1297
1308 1298
1309 1299
1310 1300
1311 1302
1312 1304
1313 1305
1314 1306
1315 1308
1316 1309
1317 1311
1318 1313
1319 1314
1320 1315
1321 1316
1322 1317
1323 1320
1324 1321
1325 1322
1326 1324
1327 1325
1328 1327
1329 1329
1330 1330
1331 1331
1332 1332
1333 1333
1334 1336
1335 1337
1337 1338
1338 1340
1339 1341
1340 1342
1341 1345
1342 1346
1343 1347
1344 1348
1345 1350
1346 1351
1347 1353
1348 1355
1349 1356
1350 1357
1351 1358
1352 1360
1353 1361
1354 1363
1355 1365
1356 1366
1357 1367
1358 1369
1359 1370
1360 1372
1361 1374
1362 1375
1363 1376
1364 1377
1365 1379
1366 1380
1367 1382
1368 1384
1369 1385
1370 1386
1371 1388
1372 1389
1373 1391
1374 1393
1375 1394
1376 1395
1377 1396
1378 1398
1380 1399
1381 1402
1382 1403
1383 1404
1384 1405
1385 1407
1386 1408
1387 1409
1388 1412
1389 1413
1390 1414
1391 1416
1392 1417
1393 1418
1394 1420
1395 1421
1396 1423
1397 1425
1398 1426
1399 1427
1400 1429
1401 1430
1402 1431
1403 1433
1404 1435
1405 1436
1406 1438
1407 1439
1408 1440
1409 1442
1410 1443
1411 1444
1412 1447
1413 1448
1414 1450
1415 1451
1416 1452
1417 1453
1418 1455
1419 1456
1420 1459
1421 1460
1423 1461
1424 1463
1425 1464
1426 1465
1427 1467
1428 1468
1429 1469
1430 1472
1431 1473
1432 1475
1433 1476
1434 1477
1435 1479
1436 1480
1437 1481
1438 1483
1439 1484
1440 1487
1441 1488
1442 1489
1443 1491
1444 1492
1445 1493
1446 1495
1447 1496
1448 1497
1449 1499
1450 1501
1451 1503
1452 1504
1453 1505
1454 1507
1455 1508
1456 1509
1457 1511
1458 1512
1459 1513
1460 1516
1461 1517
1462 1519
1463 1520
1464 1521
1466 1523
1467 1524
1468 1525
1469 1527
1470 1528
1471 1530
1472 1531
1473 1534
1474 1535
1475 1536
1476 1538
1477 1539
1478 1540
1479 1542
1480 1543
1481 1545
1482 1546
1483 1547
1484 1549
1485 1550
1486 1553
1487 1554
1488 1555
1489 1557
1490 1558
1491 1560
1492 1561
1493 1562
1494 1564
1495 1565
1496 1566
1497 1568
1498 1569
1499 1571
1500 1572
1501 1575
1502 1576
1503 1578
1504 1579
1505 1580
1506 1582
1507 1583
1509 1584
1510 1586
1511 1587
1512 1589
1513 1590
1514 1591
1515 1593
1516 1594
1517 1596
1518 1597
1519 1598
1520 1601
1521 1603
1522 1604
1523 1605
1524 1607
1525 1608
1526 1610
1527 1611
1528 1612
1529 1614
1530 1615
1531 1617
1532 1618
1533 1619
1534 1621
1535 1622
1536 1624
1537 1625
1538 1626
1539 1628
1540 1629
1541 1631
1542 1632
1543 1635
1544 1636
1545 1638
1546 1639
1547 1641
1548 1642
1549 1643
1550 1645
1552 1646
1553 1648
1554 1649
1555 1651
1556 1652
1557 1653
1558 1655
1559 1656
1560 1658
1561 1659
1562 1661
1563 1662
1564 1663
1565 1665
1566 1666
1567 1668
1568 1669
1569 1671
1570 1672
1571 1673
1572 1675
1573 1676
1574 1678
1575 1679
1576 1681
1577 1682
1578 1684
1579 1685
1580 1686
1581 1688
1582 1689
1583 1691
1584 1692
1585 1694
1586 1695
1587 1697
1588 1698
1589 1699
1590 1701
1591 1702
1592 1704
1593 1705
1595 1707
1596 1708
1597 1710
1598 1711
1599 1713
1600 1714
1601 1715
1602 1717
1603 1718
1604 1720
1605 1721
1606 1723
1607 1724
1608 1726
1609 1727
1610 1729
1611 1730
1612 1732
1613 1733
1614 1735
1615 1736
1616 1737
1617 1739
1618 1740
1619 1742
1620 1743
1621 1745
1622 1746
1623 1748
1624 1749
1625 1751
1626 1752
1627 1754
1628 1755
1629 1757
1630 1758
1631 1760
1632 1761
1633 1763
1634 1764
1635 1766
1636 1767
1637 1769
1639 1770
1640 1772
1641 1773
1642 1775
1643 1776
1644 1778
1645 1779
1646 1780
1647 1782
1648 1783
1649 1785
1650 1786
1651 1786
1652 1788
1653 1789
1654 1791
1655 1792
1656 1794
1657 1795
1658 1797
1659 1798
1660 1800
1661 1801
1662 1803
1663 1805
1664 1806
1665 1808
1666 1809
1667 1811
1668 1812
1669 1814
1670 1815
1671 1817
1672 1818
1673 1820
1674 1821
1675 1821
1676 1823
1677 1824
1678 1826
1679 1827
1680 1829
1682 1830
1683 1832
1684 1833
1685 1835
1686 1836
1687 1838
1688 1839
1689 1841
1690 1842
1691 1844
1692 1845
1693 1845
1694 1847
1695 1849
1696 1850
1697 1852
1698 1853
1699 1855
1700 1856
1701 1858
1702 1859
1703 1861
1704 1862
1705 1864
1706 1865
1707 1867
1708 1867
1709 1868
1710 1870
1711 1872
1712 1873
1713 1875
1714 1876
1715 1878
1716 1879
1717 1881
1718 1882
1719 1884
1720 1885
1721 1885
1722 1887
1723 1889
1725 1890
1726 1892
1727 1893
1728 1895
1729 1896
1730 1898
1731 1899
1732 1901
1733 1903
1734 1903
1735 1904
1736 1906
1737 1907
1738 1909
1739 1910
1740 1912
1741 1913
1742 1915
1743 1917
1744 1918
1745 1918
1746 1920
1747 1921
1748 1923
1749 1924
1750 1926
1751 1928
1752 1929
1753 1931
1754 1932
1755 1932
1756 1934
1757 1935
1758 1937
1759 1939
1760 1940
1761 1942
1762 1943
1763 1945
1764 1945
1765 1946
1766 1948
1768 1950
1769 1951
1770 1953
1771 1954
1772 1956
1773 1958
1774 1958
1775 1959
1776 1961
1777 1962
1778 1964
1779 1965
1780 1967
1781 1969
1782 1970
1783 1970
1784 1972
1785 1973
1786 1975
1787 1977
1788 1978
1789 1980
1790 1981
1791 1981
1792 1983
1793 1985
1794 1986
1795 1988
1796 1989
1797 1991
1798 1993
1799 1993
1800 1994
1801 1996
1802 1997
1803 1999
1804 2001
1805 2002
1806 2002
1807 2004
1808 2005
1809 2007
1811 2009
1812 2010
1813 2012
1814 2012
1815 2013
1816 2015
1817 2017
1818 2018
1819 2020
1820 2022
1821 2022
1822 2023
1823 2025
1824 2026
1825 2028
1826 2030
1827 2031
1828 2031
1829 2033
1830 2034
1831 2036
1832 2038
1833 2039
1834 2041
1835 2041
1836 2043
1837 2044
1838 2046
1839 2047
1840 2049
1841 2049
1842 2051
1843 2052
1844 2054
1845 2056
1846 2057
1847 2057
1848 2059
1849 2061
1850 2062
1851 2064
1852 2065
1854 2067
1855 2067
1856 2069
1857 2070
1858 2072
1859 2074
1860 2074
1861 2075
1862 2077
1863 2079
1864 2080
1865 2082
1866 2082
1867 2083
1868 2085
1869 2087
1870 2088
1871 2090
1872 2090
1873 2092
1874 2093
1875 2095
1876 2097
1877 2098
1878 2098
1879 2100
1880 2102
1881 2103
1882 2105
1883 2105
1884 2107
1885 2108
1886 2110
1887 2112
1888 2112
1889 2113
1890 2115
1891 2117
1892 2118
1893 2120
1894 2120
1895 2122
1897 2123
1898 2125
1899 2126
1900 2126
1901 2128
1902 2130
1903 2131
1904 2133
1905 2133
1906 2135
1907 2137
1908 2138
1909 2140
1910 2140
1911 2142
1912 2143
1913 2145
1914 2147
1915 2147
1916 2148
1917 2150
1918 2152
1919 2153
1920 2153
1921 2155
1922 2157
1923 2158
1924 2160
1925 2160
1926 2162
1927 2163
1928 2165
1929 2165
1930 2167
1931 2168
1932 2170
1933 2172
1934 2172
1935 2173
1936 2175
1937 2177
1938 2178
1940 2178
1941 2180
1942 2182
1943 2184
1944 2184
1945 2185
1946 2187
1947 2189
1948 2190
1949 2190
1950 2192
1951 2194
1952 2195
1953 2195
1954 2197
1955 2199
1956 2201
1957 2202
1958 2202
1959 2204
1960 2206
1961 2207
1962 2207
1963 2209
1964 2211
1965 2212
1966 2212
1967 2214
1968 2216
1969 2218
1970 2218
1971 2219
1972 2221
1973 2223
1974 2224
1975 2224
1976 2226
1977 2228
1978 2230
1979 2230
1980 2231
1981 2233
1983 2235
1984 2235
1985 2236
1986 2238
1987 2240
1988 2240
1989 2242
1990 2243
1991 2245
1992 2245
1993 2247
1994 2248
1995 2250
1996 2250
1997 2252
1998 2254
1999 2255
2000 2255
2001 2257
2002 2259
2003 2260
2004 2260
2005 2262
2006 2264
2007 2266
2008 2266
2009 2267
2010 2269
2011 2269
2012 2271
2013 2273
2014 2274
2015 2274
2016 2276
2017 2278
2018 2280
2019 2280
2020 2281
2021 2283
2022 2285
2023 2285
2024 2286
2026 2288
2027 2288
2028 2290
2029 2292
2030 2293
2031 2293
2032 2295
2033 2297
2034 2299
2035 2299
2036 2300
2037 2302
2038 2302
2039 2304
2040 2306
2041 2307
2042 2307
2043 2309
2044 2311
2045 2311
2046 2313
2047 2314
2048 2316
2049 2316
2050 2318
2051 2320
2052 2321
2053 2321
2054 2323
2055 2325
2056 2325
2057 2327
2058 2328
2059 2328
2060 2330
2061 2332
2062 2334
2063 2334
2064 2335
2065 2337
2066 2337
2067 2339
2068 2341
2070 2343
2071 2343
2072 2344
2073 2346
2074 2346
2075 2348
2076 2350
2077 2350
2078 2351
2079 2353
2080 2355
2081 2355
2082 2357
2083 2358
2084 2358
2085 2360
2086 2362
2087 2362
2088 2364
2089 2366
2090 2367
2091 2367
2092 2369
2093 2371
2094 2371
2095 2373
2096 2374
2097 2374
2098 2376
2099 2378
2100 2378
2101 2380
2102 2382
2103 2382
2104 2383
2105 2385
2106 2387
2107 2387
2108 2389
2109 2390
2110 2390
2111 2392
2113 2394
2114 2394
2115 2396
2116 2398
2117 2398
2118 2399
2119 2401
2120 2401
2121 2403
2122 2405
2123 2405
2124 2407
2125 2408
2126 2408
2127 2410
2128 2412
2129 2412
2130 2414
2131 2415
2132 2415
2133 2417
2134 2419
2135 2419
2136 2421
2137 2423
2138 2423
2139 2424
2140 2426
2141 2426
2142 2428
2143 2430
2144 2430
2145 2432
2146 2433
2147 2433
2148 2435
2149 2437
2150 2437
2151 2439
2152 2441
2153 2441
2154 2443
2156 2444
2157 2444
2158 2446
2159 2448
2160 2448
2161 2450
2162 2452
2163 2452
2164 2453
2165 2455
2166 2455
2167 2457
2168 2457
2169 2459
2170 2461
2171 2461
2172 2462
2173 2464
2174 2464
2175 2466
2176 2468
2177 2468
2178 2470
2179 2472
2180 2472
2181 2473
2182 2473
2183 2475
2184 2477
2185 2477
2186 2479
2187 2481
2188 2481
2189 2482
2190 2484
2191 2484
2192 2486
2193 2488
2194 2488
2195 2490
2196 2490
2197 2492
2199 2493
2200 2493
2201 2495
2202 2497
2203 2497
2204 2499
2205 2499
2206 2501
2207 2503
2208 2503
2209 2504
2210 2506
2211 2506
2212 2508
2213 2508
2214 2510
2215 2512
2216 2512
2217 2514
2218 2515
2219 2515
2220 2517
2221 2517
2222 2519
2223 2521
2224 2521
2225 2523
2226 2525
2227 2525
2228 2526
2229 2526
2230 2528
2231 2530
2232 2530
2233 2532
2234 2532
2235 2534
2236 2536
2237 2536
2238 2538
2239 2539
2240 2539
2242 2541
2243 2541
2244 2543
2245 2545
2246 2545
2247 2547
2248 2547
2249 2549
2250 2550
2251 2550
2252 2552
2253 2552
2254 2554
2255 2556
2256 2556
2257 2558
2258 2558
2259 2560
2260 2562
2261 2562
2262 2563
2263 2563
2264 2565
2265 2567
2266 2567
2267 2569
2268 2569
2269 2571
2270 2573
2271 2573
2272 2575
2273 2575
2274 2577
2275 2578
2276 2578
2277 2580
2278 2580
2279 2582
2280 2584
2281 2584
2282 2586
2283 2586
2285 2588
2286 2590
2287 2590
2288 2591
2289 2591
2290 2593
2291 2593
2292 2595
2293 2597
2294 2597
2295 2599
2296 2599
2297 2601
2298 2603
2299 2603
2300 2605
2301 2605
2302 2606
2303 2606
2304 2608
2305 2610
2306 2610
2307 2612
2308 2612
2309 2614
2310 2614
2311 2616
2312 2618
2313 2618
2314 2620
2315 2620
2316 2621
2317 2621
2318 2623
2319 2625
2320 2625
2321 2627
2322 2627
2323 2629
2324 2629
2325 2631
2326 2633
2328 2633
2329 2635
2330 2635
2331 2637
2332 2637
2333 2638
2334 2640
2335 2640
2336 2642
2337 2642
2338 2644
2339 2644
2340 2646
2341 2648
2342 2648
2343 2650
2344 2650
2345 2652
2346 2652
2347 2654
2348 2654
2349 2655
2350 2657
2351 2657
2352 2659
2353 2659
2354 2661
2355 2661
2356 2663
2357 2663
2358 2665
2359 2667
2360 2667
2361 2669
2362 2669
2363 2671
2364 2671
2365 2673
2366 2673
2367 2675
2368 2675
2369 2676
2371 2678
2372 2678
2373 2680
2374 2680
2375 2682
2376 2682
2377 2684
2378 2684
2379 2686
2380 2688
2381 2688
2382 2690
2383 2690
2384 2692
2385 2692
2386 2694
2387 2694
2388 2696
2389 2696
2390 2697
2391 2697
2392 2699
2393 2701
2394 2701
2395 2703
2396 2703
2397 2705
2398 2705
2399 2707
2400 2707
2401 2709
2402 2709
2403 2711
2404 2711
2405 2713
2406 2713
2407 2715
2408 2717
2409 2717
2410 2719
2411 2719
2412 2720
2414 2720
2415 2722
2416 2722
2417 2724
2418 2724
2419 2726
2420 2726
2421 2728
2422 2728
2423 2730
2424 2730
2425 2732
2426 2732
2427 2734
2428 2736
2429 2736
2430 2738
2431 2738
2432 2740
2433 2740
2434 2742
2435 2742
2436 2744
2437 2744
2438 2746
2439 2746
2440 2747
2441 2747
2442 2749
2443 2749
2444 2751
2445 2751
2446 2753
2447 2753
2448 2755
2449 2755
2450 2757
2451 2757
2452 2759
2453 2759
2454 2761
2455 2761
2457 2763
2458 2763
2459 2765
2460 2767
2461 2767
2462 2769
2463 2769
2464 2771
2465 2771
2466 2773
2467 2773
2468 2775
2469 2775
2470 2777
2471 2777
2472 2778
2473 2778
2474 2780
2475 2780
2476 2782
2477 2782
2478 2784
2479 2784
2480 2786
2481 2786
2482 2788
2483 2788
2484 2790
2485 2790
2486 2792
2487 2792
2488 2794
2489 2794
2490 2796
2491 2796
2492 2798
2493 2798
2494 2800
2495 2800
2496 2802
2497 2802
2498 2804
2499 2804
2501 2806
2502 2806
2503 2808
2504 2808
2505 2808
2506 2810
2507 2810
2508 2812
2509 2812
2510 2814
2511 2814
2512 2816
2513 2816
2514 2818
2515 2818
2516 2820
2517 2820
2518 2822
2519 2822
2520 2823
2521 2823
2522 2825
2523 2825
2524 2827
2525 2827
2526 2829
2527 2829
2528 2831
2529 2831
2530 2833
2531 2833
2532 2835
2533 2835
2534 2837
2535 2837
2536 2839
2537 2839
2538 2839
2539 2841
2540 2841
2541 2843
2542 2843
2544 2845
2545 2845
2546 2847
2547 2847
2548 2849
2549 2849
2550 2851
2551 2851
2552 2853
2553 2853
2554 2855
2555 2855
2556 2857
2557 2857
2558 2857
2559 2859
2560 2859
2561 2861
2562 2861
2563 2863
2564 2863
2565 2865
2566 2865
2567 2867
2568 2867
2569 2869
2570 2869
2571 2871
2572 2871
2573 2871
2574 2873
2575 2873
2576 2875
2577 2875
2578 2877
2579 2877
2580 2879
2581 2879
2582 2881
2583 2881
2584 2883
2585 2883
2587 2885
2588 2885
2589 2885
2590 2887
2591 2887
2592 2889
2593 2889
2594 2891
2595 2891
2596 2893
2597 2893
2598 2895
2599 2895
2600 2895
2601 2897
2602 2897
2603 2899
2604 2899
2605 2901
2606 2901
2607 2903
2608 2903
2609 2905
2610 2905
2611 2905
2612 2907
2613 2907
2614 2909
2615 2909
2616 2911
2617 2911
2618 2913
2619 2913
2620 2915
2621 2915
2622 2915
2623 2917
2624 2917
2625 2919
2626 2919
2627 2921
2628 2921
2630 2923
2631 2923
2632 2923
2633 2925
2634 2925
2635 2927
2636 2927
2637 2929
2638 2929
2639 2931
2640 2931
2641 2931
2642 2933
2643 2933
2644 2935
2645 2935
2646 2937
2647 2937
2648 2939
2649 2939
2650 2939
2651 2941
2652 2941
2653 2943
2654 2943
2655 2945
2656 2945
2657 2945
2658 2947
2659 2947
2660 2949
2661 2949
2662 2951
2663 2951
2664 2953
2665 2953
2666 2953
2667 2955
2668 2955
2669 2957
2670 2957
2671 2959
2673 2959
2674 2959
2675 2961
2676 2961
2677 2963
2678 2963
2679 2965
2680 2965
2681 2965
2682 2967
2683 2967
2684 2969
2685 2969
2686 2971
2687 2971
2688 2971
2689 2973
2690 2973
2691 2975
2692 2975
2693 2977
2694 2977
2695 2977
2696 2979
2697 2979
2698 2981
2699 2981
2700 2983
2701 2983
2702 2983
2703 2985
2704 2985
2705 2987
2706 2987
2707 2989
2708 2989
2709 2989
2710 2991
2711 2991
2712 2993
2713 2993
2714 2995
2716 2995
2717 2995
2718 2997
2719 2997
2720 2999
2721 2999
2722 2999
2723 3001
2724 3001
2725 3003
2726 3003
2727 3006
2728 3006
2729 3006
2730 3008
2731 3008
2732 3010
2733 3010
2734 3010
2735 3012
2736 3012
2737 3014
2738 3014
2739 3016
2740 3016
2741 3016
2742 3018
2743 3018
2744 3020
2745 3020
2746 3020
2747 3022
2748 3022
2749 3024
2750 3024
2751 3024
2752 3026
2753 3026
2754 3028
2755 3028
2756 3030
2757 3030
2759 3030
2760 3032
2761 3032
2762 3034
2763 3034
2764 3034
2765 3036
2766 3036
2767 3038
2768 3038
2769 3038
2770 3040
2771 3040
2772 3042
2773 3042
2774 3042
2775 3044
2776 3044
2777 3046
2778 3046
2779 3048
2780 3048
2781 3048
2782 3050
2783 3050
2784 3053
2785 3053
2786 3053
2787 3055
2788 3055
2789 3057
2790 3057
2791 3057
2792 3059
2793 3059
2794 3061
2795 3061
2796 3061
2797 3063
2798 3063
2799 3065
2800 3065
2802 3065
2803 3067
2804 3067
2805 3069
2806 3069
2807 3069
2808 3071
2809 3071
2810 3073
2811 3073
2812 3073
2813 3075
2814 3075
2815 3077
2816 3077
2817 3077
2818 3079
2819 3079
2820 3081
2821 3081
2822 3081
2823 3083
2824 3083
2825 3086
2826 3086
2827 3086
2828 3088
2829 3088
2830 3088
2831 3090
2832 3090
2833 3092
2834 3092
2835 3092
2836 3094
2837 3094
2838 3096
2839 3096
2840 3096
2841 3098
2842 3098
2843 3100
2845 3100
2846 3100
2847 3102
2848 3102
2849 3104
2850 3104
2851 3104
2852 3106
2853 3106
2854 3106
2855 3108
2856 3108
2857 3110
2858 3110
2859 3110
2860 3112
2861 3112
2862 3115
2863 3115
2864 3115
2865 3117
2866 3117
2867 3119
2868 3119
2869 3119
2870 3121
2871 3121
2872 3121
2873 3123
2874 3123
2875 3125
2876 3125
2877 3125
2878 3127
2879 3127
2880 3129
2881 3129
2882 3129
2883 3131
2884 3131
2885 3131
2886 3133
2887 3133
2889 3135
2890 3135
2891 3135
2892 3137
2893 3137
2894 3139
2895 3139
2896 3139
2897 3142
2898 3142
2899 3142
2900 3144
2901 3144
2902 3146
2903 3146
2904 3146
2905 3148
2906 3148
2907 3148
2908 3150
2909 3150
2910 3152
2911 3152
2912 3152
2913 3154
2914 3154
2915 3156
2916 3156
2917 3156
2918 3158
2919 3158
2920 3158
2921 3160
2922 3160
2923 3162
2924 3162
2925 3162
2926 3165
2927 3165
2928 3165
2929 3167
2930 3167
2932 3169
2933 3169
2934 3169
2935 3171
2936 3171
2937 3171
2938 3173
2939 3173
2940 3175
2941 3175
2942 3175
2943 3177
2944 3177
2945 3177
2946 3179
2947 3179
2948 3181
2949 3181
2950 3181
2951 3183
2952 3183
2953 3183
2954 3186
2955 3186
2956 3188
2957 3188
2958 3188
2959 3190
2960 3190
2961 3190
2962 3192
2963 3192
2964 3194
2965 3194
2966 3194
2967 3196
2968 3196
2969 3196
2970 3198
2971 3198
2972 3200
2973 3200
2975 3200
2976 3202
2977 3202
2978 3202
2979 3205
2980 3205
2981 3205
2982 3207
2983 3207
2984 3209
2985 3209
2986 3209
2987 3211
2988 3211
2989 3211
2990 3213
2991 3213
2992 3215
2993 3215
2994 3215
2995 3217
2996 3217
2997 3217
2998 3219
2999 3219
3000 3221
3001 3221
3002 3221
3003 3224
3004 3224
3005 3224
3006 3226
3007 3226
3008 3226
3009 3228
3010 3228
3011 3230
3012 3230
3013 3230
3014 3232
3015 3232
3016 3232
3018 3234
3019 3234
3020 3236
3021 3236
3022 3236
3023 3238
3024 3238
3025 3238
3026 3241
3027 3241
3028 3241
3029 3243
3030 3243
3031 3245
3032 3245
3033 3245
3034 3247
3035 3247
3036 3247
3037 3249
3038 3249
3039 3249
3040 3251
3041 3251
3042 3253
3043 3253
3044 3253
3045 3255
3046 3255
3047 3255
3048 3258
3049 3258
3050 3260
3051 3260
3052 3260
3053 3262
3054 3262
3055 3262
3056 3264
3057 3264
3058 3264
3059 3266
3061 3266
3062 3268
3063 3268
3064 3268
3065 3270
3066 3270
3067 3270
3068 3272
3069 3272
3070 3272
3071 3275
3072 3275
3073 3277
3074 3277
3075 3277
3076 3279
3077 3279
3078 3279
3079 3281
3080 3281
3081 3281
3082 3283
3083 3283
3084 3285
3085 3285
3086 3285
3087 3287
3088 3287
3089 3287
3090 3290
3091 3290
3092 3290
3093 3292
3094 3292
3095 3294
3096 3294
3097 3294
3098 3296
3099 3296
3100 3296
3101 3298
3102 3298
3104 3298
3105 3300
3106 3300
3107 3302
3108 3302
3109 3302
3110 3305
3111 3305
3112 3305
3113 3307
3114 3307
3115 3307
3116 3309
3117 3309
3118 3309
3119 3311
3120 3311
3121 3313
3122 3313
3123 3313
3124 3315
3125 3315
3126 3315
3127 3318
3128 3318
3129 3318
3130 3320
3131 3320
3132 3322
3133 3322
3134 3322
3135 3324
3136 3324
3137 3324
3138 3326
3139 3326
3140 3326
3141 3328
3142 3328
3143 3330
3144 3330
3145 3330
3147 3333
3148 3333
3149 3333
3150 3335
3151 3335
3152 3335
3153 3337
3154 3337
3155 3339
3156 3339
3157 3339
3158 3341
3159 3341
3160 3341
3161 3343
3162 3343
3163 3343
3164 3346
3165 3346
3166 3348
3167 3348
3168 3348
3169 3350
3170 3350
3171 3350
3172 3352
3173 3352
3174 3352
3175 3354
3176 3354
3177 3356
3178 3356
3179 3356
3180 3359
3181 3359
3182 3359
3183 3361
3184 3361
3185 3361
3186 3363
3187 3363
3188 3365
3190 3365
3191 3365
3192 3367
3193 3367
3194 3367
3195 3369
3196 3369
3197 3369
3198 3372
3199 3372
3200 3374
3201 3374
3202 3374
3203 3376
3204 3376
3205 3376
3206 3378
3207 3378
3208 3378
3209 3380
3210 3380
3211 3382
3212 3382
3213 3382
3214 3385
3215 3385
3216 3385
3217 3387
3218 3387
3219 3387
3220 3389
3221 3389
3222 3391
3223 3391
3224 3391
3225 3393
3226 3393
3227 3393
3228 3395
3229 3395
3230 3395
3231 3398
3233 3398
3234 3400
3235 3400
3236 3400
3237 3402
3238 3402
3239 3402
3240 3404
3241 3404
3242 3404
3243 3406
3244 3406
3245 3409
3246 3409
3247 3409
3248 3411
3249 3411
3250 3411
3251 3413
3252 3413
3253 3413
3254 3415
3255 3415
3256 3417
3257 3417
3258 3417
3259 3420
3260 3420
3261 3420
3262 3422
3263 3422
3264 3424
3265 3424
3266 3424
3267 3426
3268 3426
3269 3426
3270 3428
3271 3428
3272 3428
3273 3430
3274 3430
3276 3433
3277 3433
3278 3433
3279 3435
3280 3435
3281 3435
3282 3437
3283 3437
3284 3439
3285 3439
3286 3439
3287 3441
3288 3441
3289 3441
3290 3444
3291 3444
3292 3444
3293 3446
3294 3446
3295 3448
3296 3448
3297 3448
3298 3450
3299 3450
3300 3450
3301 3452
3302 3452
3303 3455
3304 3455
3305 3455
3306 3457
3307 3457
3308 3457
3309 3459
3310 3459
3311 3461
3312 3461
3313 3461
3314 3463
3315 3463
3316 3463
3317 3466
3318 3466
3320 3466
3321 3468
3322 3468
3323 3470
3324 3470
3325 3470
3326 3472
3327 3472
3328 3472
3329 3474
3330 3474
3331 3477
3332 3477
3333 3477
3334 3479
3335 3479
3336 3479
3337 3481
3338 3481
3339 3483
3340 3483
3341 3483
3342 3486
3343 3486
3344 3486
3345 3488
3346 3488
3347 3490
3348 3490
3349 3490
3350 3492
3351 3492
3352 3492
3353 3494
3354 3494
3355 3497
3356 3497
3357 3497
3358 3499
3359 3499
3360 3501
3361 3501
3363 3501
3364 3503
3365 3503
3366 3503
3367 3505
3368 3505
3369 3508
3370 3508
3371 3508
3372 3510
3373 3510
3374 3510
3375 3512
3376 3512
3377 3514
3378 3514
3379 3514
3380 3517
3381 3517
3382 3517
3383 3519
3384 3519
3385 3521
3386 3521
3387 3521
3388 3523
3389 3523
3390 3525
3391 3525
3392 3525
3393 3528
3394 3528
3395 3528
3396 3530
3397 3530
3398 3532
3399 3532
3400 3532
3401 3534
3402 3534
3403 3537
3404 3537
3406 3537
3407 3539
3408 3539
3409 3539
3410 3541
3411 3541
3412 3543
3413 3543
3414 3543
3415 3546
3416 3546
3417 3548
3418 3548
3419 3548
3420 3550
3421 3550
3422 3550
3423 3552
3424 3552
3425 3554
3426 3554
3427 3554
3428 3557
3429 3557
3430 3559
3431 3559
3432 3559
3433 3561
3434 3561
3435 3563
3436 3563
3437 3563
3438 3566
3439 3566
3440 3566
3441 3568
3442 3568
3443 3570
3444 3570
3445 3570
3446 3572
3447 3572
3449 3575
3450 3575
3451 3575
3452 3577
3453 3577
3454 3579
3455 3579
3456 3579
3457 3581
3458 3581
3459 3584
3460 3584
3461 3584
3462 3586
3463 3586
3464 3588
3465 3588
3466 3588
3467 3590
3468 3590
3469 3593
3470 3593
3471 3593
3472 3595
3473 3595
3474 3597
3475 3597
3476 3597
3477 3599
3478 3599
3479 3602
3480 3602
3481 3602
3482 3604
3483 3604
3484 3606
3485 3606
3486 3606
3487 3608
3488 3608
3489 3611
3490 3611
3492 3611
3493 3613
3494 3613
3495 3615
3496 3615
3497 3615
3498 3617
3499 3617
3500 3620
3501 3620
3502 3620
3503 3622
3504 3622
3505 3624
3506 3624
3507 3624
3508 3626
3509 3626
3510 3629
3511 3629
3512 3629
3513 3631
3514 3631
3515 3633
3516 3633
3517 3633
3518 3635
3519 3635
3520 3638
3521 3638
3522 3640
3523 3640
3524 3640
3525 3642
3526 3642
3527 3645
3528 3645
3529 3645
3530 3647
3531 3647
3532 3649
3533 3649
3535 3649
3536 3651
3537 3651
3538 3654
3539 3654
3540 3656
3541 3656
3542 3656
3543 3658
3544 3658
3545 3660
3546 3660
3547 3660
3548 3663
3549 3663
3550 3665
3551 3665
3552 3665
3553 3667
3554 3667
3555 3670
3556 3670
3557 3672
3558 3672
3559 3672
3560 3674
3561 3674
3562 3676
3563 3676
3564 3679
3565 3679
3566 3679
3567 3681
3568 3681
3569 3683
3570 3683
3571 3683
3572 3685
3573 3685
3574 3688
3575 3688
3576 3690
3578 3690
3579 3690
3580 3692
3581 3692
3582 3695
3583 3695
3584 3697
3585 3697
3586 3697
3587 3699
3588 3699
3589 3701
3590 3701
3591 3704
3592 3704
3593 3704
3594 3706
3595 3706
3596 3708
3597 3708
3598 3711
3599 3711
3600 3711
3601 3713
3602 3713
3603 3715
3604 3715
3605 3718
3606 3718
3607 3718
3608 3720
3609 3720
3610 3722
3611 3722
3612 3724
3613 3724
3614 3724
3615 3727
3616 3727
3617 3729
3618 3729
3619 3731
3621 3731
3622 3731
3623 3734
3624 3734
3625 3736
3626 3736
3627 3738
3628 3738
3629 3740
3630 3740
3631 3740
3632 3743
3633 3743
3634 3745
3635 3745
3636 3747
3637 3747
3638 3750
3639 3750
3640 3750
3641 3752
3642 3752
3643 3754
3644 3754
3645 3757
3646 3757
3647 3757
3648 3759
3649 3759
3650 3761
3651 3761
3652 3764
3653 3764
3654 3766
3655 3766
3656 3768
3657 3768
3658 3768
3659 3770
3660 3770
3661 3773
3662 3773
3664 3775
3665 3775
3666 3777
3667 3777
3668 3777
3669 3780
3670 3780
3671 3782
3672 3782
3673 3784
3674 3784
3675 3787
3676 3787
3677 3789
3678 3789
3679 3789
3680 3791
3681 3791
3682 3794
3683 3794
3684 3796
3685 3796
3686 3798
3687 3798
3688 3801
3689 3801
3690 3801
3691 3803
3692 3803
3693 3805
3694 3805
3695 3808
3696 3808
3697 3810
3698 3810
3699 3812
3700 3812
3701 3814
3702 3814
3703 3814
3704 3817
3705 3817
3706 3819
3708 3819
3709 3821
3710 3821
3711 3824
3712 3824
3713 3826
3714 3826
3715 3828
3716 3828
3717 3831
3718 3831
3719 3831
3720 3833
3721 3833
3722 3835
3723 3835
3724 3838
3725 3838
3726 3840
3727 3840
3728 3842
3729 3842
3730 3845
3731 3845
3732 3847
3733 3847
3734 3849
3735 3849
3736 3849
3737 3852
3738 3852
3739 3854
3740 3854
3741 3856
3742 3856
3743 3859
3744 3859
3745 3861
3746 3861
3747 3863
3748 3863
3749 3866
3751 3866
3752 3868
3753 3868
3754 3871
3755 3871
3756 3873
3757 3873
3758 3875
3759 3875
3760 3875
3761 3878
3762 3878
3763 3880
3764 3880
3765 3882
3766 3882
3767 3885
3768 3885
3769 3887
3770 3887
3771 3889
3772 3889
3773 3892
3774 3892
3775 3894
3776 3894
3777 3896
3778 3896
3779 3899
3780 3899
3781 3901
3782 3901
3783 3903
3784 3903
3785 3906
3786 3906
3787 3908
3788 3908
3789 3910
3790 3910
3791 3913
3792 3913
3794 3915
3795 3915
3796 3918
3797 3918
3798 3920
3799 3920
3800 3922
3801 3922
3802 3925
3803 3925
3804 3927
3805 3927
3806 3929
3807 3929
3808 3932
3809 3932
3810 3934
3811 3934
3812 3936
3813 3936
3814 3939
3815 3939
3816 3941
3817 3941
3818 3944
3819 3944
3820 3946
3821 3946
3822 3948
3823 3948
3824 3951
3825 3951
3826 3953
3827 3953
3828 3955
3829 3955
3830 3958
3831 3958
3832 3960
3833 3960
3834 3963
3835 3963
3837 3965
3838 3965
3839 3967
3840 3967
3841 3970
3842 3970
3843 3972
3844 3974
3845 3974
3846 3977
3847 3977
3848 3979
3849 3979
3850 3982
3851 3982
3852 3984
3853 3984
3854 3986
3855 3986
3856 3989
3857 3989
3858 3991
3859 3991
3860 3993
3861 3993
3862 3996
3863 3996
3864 3998
3865 3998
3866 4001
3867 4003
3868 4003
3869 4005
3870 4005
3871 4008
3872 4008
3873 4010
3874 4010
3875 4013
3876 4013
3877 4015
3878 4015
3880 4017
3881 4017
3882 4020
3883 4020
3884 4022
3885 4025
3886 4025
3887 4027
3888 4027
3889 4029
3890 4029
3891 4032
3892 4032
3893 4034
3894 4034
3895 4036
3896 4036
3897 4039
3898 4041
3899 4041
3900 4044
3901 4044
3902 4046
3903 4046
3904 4049
3905 4049
3906 4051
3907 4051
3908 4053
3909 4056
3910 4056
3911 4058
3912 4058
3913 4061
3914 4061
3915 4063
3916 4063
3917 4065
3918 4065
3919 4068
3920 4070
3921 4070
3923 4073
3924 4073
3925 4075
3926 4075
3927 4077
3928 4077
3929 4080
3930 4082
3931 4082
3932 4085
3933 4085
3934 4087
3935 4087
3936 4089
3937 4089
3938 4092
3939 4094
3940 4094
3941 4097
3942 4097
3943 4099
3944 4099
3945 4102
3946 4104
3947 4104
3948 4106
3949 4106
3950 4109
3951 4109
3952 4111
3953 4111
3954 4114
3955 4116
3956 4116
3957 4118
3958 4118
3959 4121
3960 4121
3961 4123
3962 4126
3963 4126
3964 4128
3966 4128
3967 4131
3968 4131
3969 4133
3970 4135
3971 4135
3972 4138
3973 4138
3974 4140
3975 4140
3976 4143
3977 4145
3978 4145
3979 4148
3980 4148
3981 4150
3982 4153
3983 4153
3984 4155
3985 4155
3986 4157
3987 4157
3988 4160
3989 4162
3990 4162
3991 4165
3992 4165
3993 4167
3994 4170
3995 4170
3996 4172
3997 4172
3998 4174
3999 4174
4000 4177
4001 4179
4002 4179
4003 4182
4004 4182
4005 4184
4006 4187
4007 4187
4009 4189
4010 4189
4011 4192
4012 4194
