81 135
82 136
83 138
84 140
85 141
87 143
88 145
89 146
90 148
91 150
92 152
93 153
94 155
95 157
96 158
97 160
98 162
99 163
100 165
101 167
102 168
103 170
104 172
105 173
106 175
107 177
108 178
109 180
110 182
111 183
112 185
113 187
114 188
115 190
116 192
117 193
118 195
119 197
120 198
121 200
122 202
123 203
124 205
125 207
126 208
127 210
128 212
130 213
131 215
132 217
133 218
134 220
135 222
136 223
137 225
138 227
139 228
140 230
141 232
142 233
143 235
144 237
145 238
146 240
147 242
148 243
149 245
150 247
151 248
152 250
153 252
154 253
155 255
156 257
157 258
158 260
159 262
160 263
161 265
162 267
163 268
164 270
165 271
166 273
167 275
168 276
169 278
170 280
171 281
173 283
174 285
175 286
176 288
177 290
178 291
179 293
180 295
181 296
182 298
183 300
184 301
185 303
186 305
187 306
188 308
189 310
190 311
191 313
192 315
193 316
194 318
195 320
196 321
197 323
198 325
199 326
200 328
201 330
202 331
203 333
204 335
205 336
206 338
207 340
208 341
209 343
210 345
211 346
212 348
213 350
214 351
216 353
217 354
218 356
219 358
220 359
221 361
222 363
223 364
224 366
225 368
226 369
227 371
228 373
229 374
230 376
231 378
232 379
233 381
234 383
235 384
236 386
237 388
238 389
239 391
240 393
241 394
242 396
243 398
244 399
245 401
246 402
247 404
248 406
249 407
250 409
251 411
252 412
253 414
254 416
255 417
256 419
257 421
259 422
260 424
261 426
262 427
263 429
264 431
265 432
266 434
267 435
268 437
269 439
270 440
271 442
272 444
273 445
274 447
275 449
276 450
277 452
278 454
279 455
280 457
281 459
282 460
283 462
284 463
285 465
286 467
287 468
288 470
289 472
290 473
291 475
292 477
293 478
294 480
295 482
296 483
297 485
298 487
299 488
300 490
302 491
303 493
304 495
305 496
306 498
307 500
308 501
309 503
310 505
311 506
312 508
313 509
314 511
315 513
316 514
317 516
318 518
319 519
320 521
321 523
322 524
323 526
324 528
325 529
326 531
327 532
328 534
329 536
330 537
331 539
332 541
333 542
334 544
335 546
336 547
337 549
338 550
339 552
340 554
341 555
342 557
343 559
345 560
346 562
347 564
348 565
349 567
350 568
351 570
352 572
353 573
354 575
355 577
356 578
357 580
358 581
359 583
360 585
361 586
362 588
363 590
364 591
365 593
366 594
367 596
368 598
369 599
370 601
371 603
372 604
373 606
374 608
375 609
376 611
377 612
378 614
379 616
380 617
381 619
382 621
383 622
384 624
385 625
386 627
388 629
389 630
390 632
391 634
392 635
393 637
394 638
395 640
396 642
397 643
398 645
399 646
400 648
401 650
402 651
403 653
404 655
405 656
406 658
407 659
408 661
409 663
410 664
411 666
412 668
413 669
414 671
415 672
416 674
417 676
418 677
419 679
420 680
421 682
422 684
423 685
424 687
425 689
426 690
427 692
428 693
429 695
430 697
432 698
433 700
434 701
435 703
436 705
437 706
438 708
439 709
440 711
441 713
442 714
443 716
444 718
445 719
446 721
447 722
448 724
449 726
450 727
451 729
452 730
453 732
454 734
455 735
456 737
457 738
458 740
459 742
460 743
461 745
462 746
463 748
464 750
465 751
466 753
467 754
468 756
469 758
470 759
471 761
472 762
473 764
475 766
476 767
477 769
478 770
479 772
480 774
481 775
482 777
483 778
484 780
485 782
486 783
487 785
488 786
489 788
490 790
491 791
492 793
493 794
494 796
495 798
496 799
497 801
498 802
499 804
500 806
501 807
502 809
503 810
504 812
505 813
506 815
507 817
508 818
509 820
510 821
511 823
512 825
513 826
514 828
515 829
516 831
518 833
519 834
520 836
521 837
522 839
523 840
524 842
525 844
526 845
527 847
528 848
529 850
530 852
531 853
532 855
533 856
534 858
535 859
536 861
537 863
538 864
539 866
540 867
541 869
542 871
543 872
544 874
545 875
546 877
547 878
548 880
549 882
550 883
551 885
552 886
553 888
554 889
555 891
556 893
557 894
558 896
559 897
561 899
562 900
563 902
564 904
565 905
566 907
567 908
568 910
569 911
570 913
571 915
572 916
573 918
574 919
575 921
576 922
577 924
578 926
579 927
580 929
581 930
582 932
583 933
584 935
585 936
586 938
587 940
588 941
589 943
590 944
591 946
592 947
593 949
594 951
595 952
596 954
597 955
598 957
599 958
600 960
601 961
602 963
604 965
605 966
606 968
607 969
608 971
609 972
610 974
611 975
612 977
613 979
614 980
615 982
616 983
617 985
618 986
619 988
620 989
621 991
622 993
623 994
624 996
625 997
626 999
627 1000
628 1002
629 1003
630 1005
631 1006
632 1008
633 1010
634 1011
635 1013
636 1014
637 1016
638 1017
639 1019
640 1020
641 1022
642 1023
643 1025
644 1027
645 1028
647 1030
648 1031
649 1033
650 1034
651 1036
652 1037
653 1039
654 1040
655 1042
656 1043
657 1045
658 1046
659 1048
660 1050
661 1051
662 1053
663 1054
664 1056
665 1057
666 1059
667 1060
668 1062
669 1063
670 1065
671 1066
672 1068
673 1069
674 1071
675 1073
676 1074
677 1076
678 1077
679 1079
680 1080
681 1082
682 1083
683 1085
684 1086
685 1088
686 1089
687 1091
688 1092
690 1094
691 1095
692 1097
693 1098
694 1100
695 1101
696 1103
697 1105
698 1106
699 1108
700 1109
701 1111
702 1112
703 1114
704 1115
705 1117
706 1118
707 1120
708 1121
709 1123
710 1124
711 1126
712 1127
713 1129
714 1130
715 1132
716 1133
717 1135
718 1136
719 1138
720 1139
721 1141
722 1142
723 1144
724 1145
725 1147
726 1148
727 1150
728 1151
729 1153
730 1154
731 1156
733 1157
734 1159
735 1160
736 1162
737 1163
738 1165
739 1166
740 1168
741 1169
742 1171
743 1172
744 1174
745 1175
746 1177
747 1178
748 1180
749 1181
750 1183
751 1184
752 1186
753 1187
754 1189
755 1190
756 1192
757 1193
758 1195
759 1196
760 1198
761 1199
762 1201
763 1202
764 1204
765 1205
766 1207
767 1208
768 1210
769 1211
770 1213
771 1214
772 1216
773 1217
774 1219
776 1220
777 1222
778 1223
779 1225
780 1226
781 1228
782 1229
783 1231
784 1232
785 1234
786 1235
787 1237
788 1238
789 1239
790 1241
791 1242
792 1244
793 1245
794 1247
795 1248
796 1250
797 1251
798 1253
799 1254
800 1256
801 1257
802 1259
803 1260
804 1262
805 1263
806 1265
807 1266
808 1267
809 1269
810 1270
811 1272
812 1273
813 1275
814 1276
815 1278
816 1279
817 1281
818 1282
820 1284
821 1285
822 1287
823 1288
824 1289
825 1291
826 1292
827 1294
828 1295
829 1297
830 1298
831 1300
832 1301
833 1303
834 1304
835 1306
836 1307
837 1308
838 1310
839 1311
840 1313
841 1314
842 1316
843 1317
844 1319
845 1320
846 1322
847 1323
848 1324
849 1326
850 1327
851 1329
852 1330
853 1332
854 1333
855 1335
856 1336
857 1337
858 1339
859 1340
860 1342
861 1343
863 1345
864 1346
865 1348
866 1349
867 1350
868 1352
869 1353
870 1355
871 1356
872 1358
873 1359
874 1360
875 1362
876 1363
877 1365
878 1366
879 1368
880 1369
881 1371
882 1372
883 1373
884 1375
885 1376
886 1378
887 1379
888 1381
889 1382
890 1383
891 1385
892 1386
893 1388
894 1389
895 1391
896 1392
897 1393
898 1395
899 1396
900 1398
901 1399
902 1401
903 1402
904 1403
906 1405
907 1406
908 1408
909 1409
910 1410
911 1412
912 1413
913 1415
914 1416
915 1418
916 1419
917 1420
918 1422
919 1423
920 1425
921 1426
922 1427
923 1429
924 1430
925 1432
926 1433
927 1435
928 1436
929 1437
930 1439
931 1440
932 1442
933 1443
934 1444
935 1446
936 1447
937 1449
938 1450
939 1451
940 1453
941 1454
942 1456
943 1457
944 1458
945 1460
946 1461
947 1463
949 1464
950 1465
951 1467
952 1468
953 1470
954 1471
955 1472
956 1474
957 1475
958 1477
959 1478
960 1479
961 1481
962 1482
963 1484
964 1485
965 1486
966 1488
967 1489
968 1490
969 1492
970 1493
971 1495
972 1496
973 1497
974 1499
975 1500
976 1502
977 1503
978 1504
979 1506
980 1507
981 1509
982 1510
983 1511
984 1513
985 1514
986 1515
987 1517
988 1518
989 1520
990 1521
992 1522
993 1524
994 1525
995 1526
996 1528
997 1529
998 1531
999 1532
1000 1533
1001 1535
1002 1536
1003 1537
1004 1539
1005 1540
1006 1541
1007 1543
1008 1544
1009 1546
1010 1547
1011 1548
1012 1550
1013 1551
1014 1552
1015 1554
1016 1555
1017 1556
1018 1558
1019 1559
1020 1561
1021 1562
1022 1563
1023 1565
1024 1566
1025 1567
1026 1569
1027 1570
1028 1571
1029 1573
1030 1574
1031 1575
1032 1577
1033 1578
1035 1580
1036 1581
1037 1582
1038 1584
1039 1585
1040 1586
1041 1588
1042 1589
1043 1590
1044 1592
1045 1593
1046 1594
1047 1596
1048 1597
1049 1598
1050 1600
1051 1601
1052 1602
1053 1604
1054 1605
1055 1606
1056 1608
1057 1609
1058 1610
1059 1612
1060 1613
1061 1614
1062 1616
1063 1617
1064 1619
1065 1620
1066 1621
1067 1623
1068 1624
1069 1625
1070 1627
1071 1628
1072 1629
1073 1630
1074 1632
1075 1633
1076 1634
1078 1636
1079 1637
1080 1638
1081 1640
1082 1641
1083 1642
1084 1644
1085 1645
1086 1646
1087 1648
1088 1649
1089 1650
1090 1652
1091 1653
1092 1654
1093 1656
1094 1657
1095 1658
1096 1660
1097 1661
1098 1662
1099 1664
1100 1665
1101 1666
1102 1667
1103 1669
1104 1670
1105 1671
1106 1673
1107 1674
1108 1675
1109 1677
1110 1678
1111 1679
1112 1681
1113 1682
1114 1683
1115 1684
1116 1686
1117 1687
1118 1688
1119 1690
1121 1691
1122 1692
1123 1694
1124 1695
1125 1696
1126 1698
1127 1699
1128 1700
1129 1701
1130 1703
1131 1704
1132 1705
1133 1707
1134 1708
1135 1709
1136 1710
1137 1712
1138 1713
1139 1714
1140 1716
1141 1717
1142 1718
1143 1720
1144 1721
1145 1722
1146 1723
1147 1725
1148 1726
1149 1727
1150 1729
1151 1730
1152 1731
1153 1732
1154 1734
1155 1735
1156 1736
1157 1737
1158 1739
1159 1740
1160 1741
1161 1743
1162 1744
1164 1745
1165 1746
1166 1748
1167 1749
1168 1750
1169 1752
1170 1753
1171 1754
1172 1755
1173 1757
1174 1758
1175 1759
1176 1760
1177 1762
1178 1763
1179 1764
1180 1766
1181 1767
1182 1768
1183 1769
1184 1771
1185 1772
1186 1773
1187 1774
1188 1776
1189 1777
1190 1778
1191 1779
1192 1781
1193 1782
1194 1783
1195 1784
1196 1786
1197 1787
1198 1788
1199 1789
1200 1791
1201 1792
1202 1793
1203 1794
1204 1796
1205 1797
1207 1798
1208 1799
1209 1801
1210 1802
1211 1803
1212 1804
1213 1806
1214 1807
1215 1808
1216 1809
1217 1811
1218 1812
1219 1813
1220 1814
1221 1816
1222 1817
1223 1818
1224 1819
1225 1821
1226 1822
1227 1823
1228 1824
1229 1826
1230 1827
1231 1828
1232 1829
1233 1831
1234 1832
1235 1833
1236 1834
1237 1835
1238 1837
1239 1838
1240 1839
1241 1840
1242 1842
1243 1843
1244 1844
1245 1845
1246 1847
1247 1848
1248 1849
1249 1850
1251 1851
1252 1853
1253 1854
1254 1855
1255 1856
1256 1858
1257 1859
1258 1860
1259 1861
1260 1862
1261 1864
1262 1865
1263 1866
1264 1867
1265 1868
1266 1870
1267 1871
1268 1872
1269 1873
1270 1875
1271 1876
1272 1877
1273 1878
1274 1879
1275 1881
1276 1882
1277 1883
1278 1884
1279 1885
1280 1887
1281 1888
1282 1889
1283 1890
1284 1891
1285 1893
1286 1894
1287 1895
1288 1896
1289 1897
1290 1899
1291 1900
1292 1901
1294 1902
1295 1903
1296 1905
1297 1906
1298 1907
1299 1908
1300 1909
1301 1911
1302 1912
1303 1913
1304 1914
1305 1915
1306 1917
1307 1918
1308 1919
1309 1920
1310 1921
1311 1922
1312 1924
1313 1925
1314 1926
1315 1927
1316 1928
1317 1930
1318 1931
1319 1932
1320 1933
1321 1934
1322 1935
1323 1937
1324 1938
1325 1939
1326 1940
1327 1941
1328 1943
1329 1944
1330 1945
1331 1946
1332 1947
1333 1948
1334 1950
1335 1951
1337 1952
1338 1953
1339 1954
1340 1955
1341 1957
1342 1958
1343 1959
1344 1960
1345 1961
1346 1962
1347 1964
1348 1965
1349 1966
1350 1967
1351 1968
1352 1969
1353 1970
1354 1972
1355 1973
1356 1974
1357 1975
1358 1976
1359 1977
1360 1979
1361 1980
1362 1981
1363 1982
1364 1983
1365 1984
1366 1985
1367 1987
1368 1988
1369 1989
1370 1990
1371 1991
1372 1992
1373 1994
1374 1995
1375 1996
1376 1997
1377 1998
1378 1999
1380 2000
1381 2002
1382 2003
1383 2004
1384 2005
1385 2006
1386 2007
1387 2008
1388 2010
1389 2011
1390 2012
1391 2013
1392 2014
1393 2015
1394 2016
1395 2017
1396 2019
1397 2020
1398 2021
1399 2022
1400 2023
1401 2024
1402 2025
1403 2026
1404 2028
1405 2029
1406 2030
1407 2031
1408 2032
1409 2033
1410 2034
1411 2035
1412 2037
1413 2038
1414 2039
1415 2040
1416 2041
1417 2042
1418 2043
1419 2044
1420 2046
1421 2047
1423 2048
1424 2049
1425 2050
1426 2051
1427 2052
1428 2053
1429 2054
1430 2056
1431 2057
1432 2058
1433 2059
1434 2060
1435 2061
1436 2062
1437 2063
1438 2064
1439 2065
1440 2067
1441 2068
1442 2069
1443 2070
1444 2071
1445 2072
1446 2073
1447 2074
1448 2075
1449 2076
1450 2078
1451 2079
1452 2080
1453 2081
1454 2082
1455 2083
1456 2084
1457 2085
1458 2086
1459 2087
1460 2089
1461 2090
1462 2091
1463 2092
1464 2093
1466 2094
1467 2095
1468 2096
1469 2097
1470 2098
1471 2099
1472 2100
1473 2102
1474 2103
1475 2104
1476 2105
1477 2106
1478 2107
1479 2108
1480 2109
1481 2110
1482 2111
1483 2112
1484 2113
1485 2114
1486 2116
1487 2117
1488 2118
1489 2119
1490 2120
1491 2121
1492 2122
1493 2123
1494 2124
1495 2125
1496 2126
1497 2127
1498 2128
1499 2129
1500 2130
1501 2132
1502 2133
1503 2134
1504 2135
1505 2136
1506 2137
1507 2138
1509 2139
1510 2140
1511 2141
1512 2142
1513 2143
1514 2144
1515 2145
1516 2146
1517 2147
1518 2148
1519 2149
1520 2151
1521 2152
1522 2153
1523 2154
1524 2155
1525 2156
1526 2157
1527 2158
1528 2159
1529 2160
1530 2161
1531 2162
1532 2163
1533 2164
1534 2165
1535 2166
1536 2167
1537 2168
1538 2169
1539 2170
1540 2171
1541 2172
1542 2173
1543 2175
1544 2176
1545 2177
1546 2178
1547 2179
1548 2180
1549 2181
1550 2182
1552 2183
1553 2184
1554 2185
1555 2186
1556 2187
1557 2188
1558 2189
1559 2190
1560 2191
1561 2192
1562 2193
1563 2194
1564 2195
1565 2196
1566 2197
1567 2198
1568 2199
1569 2200
1570 2201
1571 2202
1572 2203
1573 2204
1574 2205
1575 2206
1576 2207
1577 2208
1578 2209
1579 2210
1580 2211
1581 2212
1582 2213
1583 2214
1584 2215
1585 2216
1586 2217
1587 2218
1588 2219
1589 2220
1590 2221
1591 2222
1592 2223
1593 2224
1595 2225
1596 2226
1597 2227
1598 2228
1599 2229
1600 2230
1601 2231
1602 2232
1603 2233
1604 2234
1605 2235
1606 2236
1607 2237
1608 2238
1609 2239
1610 2240
1611 2241
1612 2242
1613 2243
1614 2244
1615 2245
1616 2246
1617 2247
1618 2248
1619 2249
1620 2250
1621 2251
1622 2252
1623 2253
1624 2254
1625 2255
1626 2256
1627 2257
1628 2258
1629 2259
1630 2260
1631 2261
1632 2262
1633 2263
1634 2264
1635 2265
1636 2266
1637 2267
1639 2268
1640 2269
1641 2270
1642 2271
1643 2272
1644 2273
1645 2274
1646 2275
1647 2276
1648 2277
1649 2278
1650 2279
1651 2279
1652 2280
1653 2281
1654 2282
1655 2283
1656 2284
1657 2285
1658 2286
1659 2287
1660 2288
1661 2289
1662 2290
1663 2291
1664 2292
1665 2293
1666 2294
1667 2295
1668 2296
1669 2297
1670 2298
1671 2299
1672 2300
1673 2301
1674 2302
1675 2302
1676 2303
1677 2304
1678 2305
1679 2306
1680 2307
1682 2308
1683 2309
1684 2310
1685 2311
1686 2312
1687 2313
1688 2314
1689 2315
1690 2316
1691 2317
1692 2318
1693 2318
1694 2319
1695 2320
1696 2321
1697 2322
1698 2323
1699 2324
1700 2325
1701 2326
1702 2327
1703 2328
1704 2329
1705 2330
1706 2331
1707 2332
1708 2332
1709 2333
1710 2334
1711 2335
1712 2336
1713 2337
1714 2338
1715 2339
1716 2340
1717 2341
1718 2342
1719 2343
1720 2344
1721 2344
1722 2345
1723 2346
1725 2347
1726 2348
1727 2349
1728 2350
1729 2351
1730 2352
1731 2353
1732 2354
1733 2355
1734 2355
1735 2356
1736 2357
1737 2358
1738 2359
1739 2360
1740 2361
1741 2362
1742 2363
1743 2364
1744 2365
1745 2365
1746 2366
1747 2367
1748 2368
1749 2369
1750 2370
1751 2371
1752 2372
1753 2373
1754 2374
1755 2374
1756 2375
1757 2376
1758 2377
1759 2378
1760 2379
1761 2380
1762 2381
1763 2382
1764 2382
1765 2383
1766 2384
1768 2385
1769 2386
1770 2387
1771 2388
1772 2389
1773 2390
1774 2390
1775 2391
1776 2392
1777 2393
1778 2394
1779 2395
1780 2396
1781 2397
1782 2398
1783 2398
1784 2399
1785 2400
1786 2401
1787 2402
1788 2403
1789 2404
1790 2405
1791 2405
1792 2406
1793 2407
1794 2408
1795 2409
1796 2410
1797 2411
1798 2412
1799 2412
1800 2413
1801 2414
1802 2415
1803 2416
1804 2417
1805 2418
1806 2418
1807 2419
1808 2420
1809 2421
1811 2422
1812 2423
1813 2424
1814 2424
1815 2425
1816 2426
1817 2427
1818 2428
1819 2429
1820 2430
1821 2430
1822 2431
1823 2432
1824 2433
1825 2434
1826 2435
1827 2436
1828 2436
1829 2437
1830 2438
1831 2439
1832 2440
1833 2441
1834 2442
1835 2442
1836 2443
1837 2444
1838 2445
1839 2446
1840 2447
1841 2447
1842 2448
1843 2449
1844 2450
1845 2451
1846 2452
1847 2452
1848 2453
1849 2454
1850 2455
1851 2456
1852 2457
1854 2458
1855 2458
1856 2459
1857 2460
1858 2461
1859 2462
1860 2462
1861 2463
1862 2464
1863 2465
1864 2466
1865 2467
1866 2467
1867 2468
1868 2469
1869 2470
1870 2471
1871 2472
1872 2472
1873 2473
1874 2474
1875 2475
1876 2476
1877 2477
1878 2477
1879 2478
1880 2479
1881 2480
1882 2481
1883 2481
1884 2482
1885 2483
1886 2484
1887 2485
1888 2485
1889 2486
1890 2487
1891 2488
1892 2489
1893 2490
1894 2490
1895 2491
1897 2492
1898 2493
1899 2494
1900 2494
1901 2495
1902 2496
1903 2497
1904 2498
1905 2498
1906 2499
1907 2500
1908 2501
1909 2502
1910 2502
1911 2503
1912 2504
1913 2505
1914 2506
1915 2506
1916 2507
1917 2508
1918 2509
1919 2510
1920 2510
1921 2511
1922 2512
1923 2513
1924 2514
1925 2514
1926 2515
1927 2516
1928 2517
1929 2517
1930 2518
1931 2519
1932 2520
1933 2521
1934 2521
1935 2522
1936 2523
1937 2524
1938 2525
1940 2525
1941 2526
1942 2527
1943 2528
1944 2528
1945 2529
1946 2530
1947 2531
1948 2532
1949 2532
1950 2533
1951 2534
1952 2535
1953 2535
1954 2536
1955 2537
1956 2538
1957 2539
1958 2539
1959 2540
1960 2541
1961 2542
1962 2542
1963 2543
1964 2544
1965 2545
1966 2545
1967 2546
1968 2547
1969 2548
1970 2548
1971 2549
1972 2550
1973 2551
1974 2552
1975 2552
1976 2553
1977 2554
1978 2555
1979 2555
1980 2556
1981 2557
1983 2558
1984 2558
1985 2559
1986 2560
1987 2561
1988 2561
1989 2562
1990 2563
1991 2564
1992 2564
1993 2565
1994 2566
1995 2567
1996 2567
1997 2568
1998 2569
1999 2570
2000 2570
2001 2571
2002 2572
2003 2573
2004 2573
2005 2574
2006 2575
2007 2576
2008 2576
2009 2577
2010 2578
2011 2578
2012 2579
2013 2580
2014 2581
2015 2581
2016 2582
2017 2583
2018 2584
2019 2584
2020 2585
2021 2586
2022 2587
2023 2587
2024 2588
2026 2589
2027 2589
2028 2590
2029 2591
2030 2592
2031 2592
2032 2593
2033 2594
2034 2595
2035 2595
2036 2596
2037 2597
2038 2597
2039 2598
2040 2599
2041 2600
2042 2600
2043 2601
2044 2602
2045 2602
2046 2603
2047 2604
2048 2605
2049 2605
2050 2606
2051 2607
2052 2608
2053 2608
2054 2609
2055 2610
2056 2610
2057 2611
2058 2612
2059 2612
2060 2613
2061 2614
2062 2615
2063 2615
2064 2616
2065 2617
2066 2617
2067 2618
2068 2619
2070 2620
2071 2620
2072 2621
2073 2622
2074 2622
2075 2623
2076 2624
2077 2624
2078 2625
2079 2626
2080 2627
2081 2627
2082 2628
2083 2629
2084 2629
2085 2630
2086 2631
2087 2631
2088 2632
2089 2633
2090 2634
2091 2634
2092 2635
2093 2636
2094 2636
2095 2637
2096 2638
2097 2638
2098 2639
2099 2640
2100 2640
2101 2641
2102 2642
2103 2642
2104 2643
2105 2644
2106 2645
2107 2645
2108 2646
2109 2647
2110 2647
2111 2648
2113 2649
2114 2649
2115 2650
2116 2651
2117 2651
2118 2652
2119 2653
2120 2653
2121 2654
2122 2655
2123 2655
2124 2656
2125 2657
2126 2657
2127 2658
2128 2659
2129 2659
2130 2660
2131 2661
2132 2661
2133 2662
2134 2663
2135 2663
2136 2664
2137 2665
2138 2665
2139 2666
2140 2667
2141 2667
2142 2668
2143 2669
2144 2669
2145 2670
2146 2671
2147 2671
2148 2672
2149 2673
2150 2673
2151 2674
2152 2675
2153 2675
2154 2676
2156 2677
2157 2677
2158 2678
2159 2679
2160 2679
2161 2680
2162 2681
2163 2681
2164 2682
2165 2683
2166 2683
2167 2684
2168 2684
2169 2685
2170 2686
2171 2686
2172 2687
2173 2688
2174 2688
2175 2689
2176 2690
2177 2690
2178 2691
2179 2692
2180 2692
2181 2693
2182 2693
2183 2694
2184 2695
2185 2695
2186 2696
2187 2697
2188 2697
2189 2698
2190 2699
2191 2699
2192 2700
2193 2701
2194 2701
2195 2702
2196 2702
2197 2703
2199 2704
2200 2704
2201 2705
2202 2706
2203 2706
2204 2707
2205 2707
2206 2708
2207 2709
2208 2709
2209 2710
2210 2711
2211 2711
2212 2712
2213 2712
2214 2713
2215 2714
2216 2714
2217 2715
2218 2716
2219 2716
2220 2717
2221 2717
2222 2718
2223 2719
2224 2719
2225 2720
2226 2721
2227 2721
2228 2722
2229 2722
2230 2723
2231 2724
2232 2724
2233 2725
2234 2725
2235 2726
2236 2727
2237 2727
2238 2728
2239 2729
2240 2729
2242 2730
2243 2730
2244 2731
2245 2732
2246 2732
2247 2733
2248 2733
2249 2734
2250 2735
2251 2735
2252 2736
2253 2736
2254 2737
2255 2738
2256 2738
2257 2739
2258 2739
2259 2740
2260 2741
2261 2741
2262 2742
2263 2742
2264 2743
2265 2744
2266 2744
2267 2745
2268 2745
2269 2746
2270 2747
2271 2747
2272 2748
2273 2748
2274 2749
2275 2750
2276 2750
2277 2751
2278 2751
2279 2752
2280 2753
2281 2753
2282 2754
2283 2754
2285 2755
2286 2756
2287 2756
2288 2757
2289 2757
2290 2758
2291 2758
2292 2759
2293 2760
2294 2760
2295 2761
2296 2761
2297 2762
2298 2763
2299 2763
2300 2764
2301 2764
2302 2765
2303 2765
2304 2766
2305 2767
2306 2767
2307 2768
2308 2768
2309 2769
2310 2769
2311 2770
2312 2771
2313 2771
2314 2772
2315 2772
2316 2773
2317 2773
2318 2774
2319 2775
2320 2775
2321 2776
2322 2776
2323 2777
2324 2777
2325 2778
2326 2779
2328 2779
2329 2780
2330 2780
2331 2781
2332 2781
2333 2782
2334 2783
2335 2783
2336 2784
2337 2784
2338 2785
2339 2785
2340 2786
2341 2787
2342 2787
2343 2788
2344 2788
2345 2789
2346 2789
2347 2790
2348 2790
2349 2791
2350 2792
2351 2792
2352 2793
2353 2793
2354 2794
2355 2794
2356 2795
2357 2795
2358 2796
2359 2797
2360 2797
2361 2798
2362 2798
2363 2799
2364 2799
2365 2800
2366 2800
2367 2801
2368 2801
2369 2802
2371 2803
2372 2803
2373 2804
2374 2804
2375 2805
2376 2805
2377 2806
2378 2806
2379 2807
2380 2808
2381 2808
2382 2809
2383 2809
2384 2810
2385 2810
2386 2811
2387 2811
2388 2812
2389 2812
2390 2813
2391 2813
2392 2814
2393 2815
2394 2815
2395 2816
2396 2816
2397 2817
2398 2817
2399 2818
2400 2818
2401 2819
2402 2819
2403 2820
2404 2820
2405 2821
2406 2821
2407 2822
2408 2823
2409 2823
2410 2824
2411 2824
2412 2825
2414 2825
2415 2826
2416 2826
2417 2827
2418 2827
2419 2828
2420 2828
2421 2829
2422 2829
2423 2830
2424 2830
2425 2831
2426 2831
2427 2832
2428 2833
2429 2833
2430 2834
2431 2834
2432 2835
2433 2835
2434 2836
2435 2836
2436 2837
2437 2837
2438 2838
2439 2838
2440 2839
2441 2839
2442 2840
2443 2840
2444 2841
2445 2841
2446 2842
2447 2842
2448 2843
2449 2843
2450 2844
2451 2844
2452 2845
2453 2845
2454 2846
2455 2846
2457 2847
2458 2847
2459 2848
2460 2849
2461 2849
2462 2850
2463 2850
2464 2851
2465 2851
2466 2852
2467 2852
2468 2853
2469 2853
2470 2854
2471 2854
2472 2855
2473 2855
2474 2856
2475 2856
2476 2857
2477 2857
2478 2858
2479 2858
2480 2859
2481 2859
2482 2860
2483 2860
2484 2861
2485 2861
2486 2862
2487 2862
2488 2863
2489 2863
2490 2864
2491 2864
2492 2865
2493 2865
2494 2866
2495 2866
2496 2867
2497 2867
2498 2868
2499 2868
2501 2869
2502 2869
2503 2870
2504 2870
2505 2870
2506 2871
2507 2871
2508 2872
2509 2872
2510 2873
2511 2873
2512 2874
2513 2874
2514 2875
2515 2875
2516 2876
2517 2876
2518 2877
2519 2877
2520 2878
2521 2878
2522 2879
2523 2879
2524 2880
2525 2880
2526 2881
2527 2881
2528 2882
2529 2882
2530 2883
2531 2883
2532 2884
2533 2884
2534 2885
2535 2885
2536 2886
2537 2886
2538 2886
2539 2887
2540 2887
2541 2888
2542 2888
2544 2889
2545 2889
2546 2890
2547 2890
2548 2891
2549 2891
2550 2892
2551 2892
2552 2893
2553 2893
2554 2894
2555 2894
2556 2895
2557 2895
2558 2895
2559 2896
2560 2896
2561 2897
2562 2897
2563 2898
2564 2898
2565 2899
2566 2899
2567 2900
2568 2900
2569 2901
2570 2901
2571 2902
2572 2902
2573 2902
2574 2903
2575 2903
2576 2904
2577 2904
2578 2905
2579 2905
2580 2906
2581 2906
2582 2907
2583 2907
2584 2908
2585 2908
2587 2909
2588 2909
2589 2909
2590 2910
2591 2910
2592 2911
2593 2911
2594 2912
2595 2912
2596 2913
2597 2913
2598 2914
2599 2914
2600 2914
2601 2915
2602 2915
2603 2916
2604 2916
2605 2917
2606 2917
2607 2918
2608 2918
2609 2919
2610 2919
2611 2919
2612 2920
2613 2920
2614 2921
2615 2921
2616 2922
2617 2922
2618 2923
2619 2923
2620 2924
2621 2924
2622 2924
2623 2925
2624 2925
2625 2926
2626 2926
2627 2927
2628 2927
2630 2928
2631 2928
2632 2928
2633 2929
2634 2929
2635 2930
2636 2930
2637 2931
2638 2931
2639 2932
2640 2932
2641 2932
2642 2933
2643 2933
2644 2934
2645 2934
2646 2935
2647 2935
2648 2936
2649 2936
2650 2936
2651 2937
2652 2937
2653 2938
2654 2938
2655 2939
2656 2939
2657 2939
2658 2940
2659 2940
2660 2941
2661 2941
2662 2942
2663 2942
2664 2943
2665 2943
2666 2943
2667 2944
2668 2944
2669 2945
2670 2945
2671 2946
2673 2946
2674 2946
2675 2947
2676 2947
2677 2948
2678 2948
2679 2949
2680 2949
2681 2949
2682 2950
2683 2950
2684 2951
2685 2951
2686 2952
2687 2952
2688 2952
2689 2953
2690 2953
2691 2954
2692 2954
2693 2955
2694 2955
2695 2955
2696 2956
2697 2956
2698 2957
2699 2957
2700 2958
2701 2958
2702 2958
2703 2959
2704 2959
2705 2960
2706 2960
2707 2961
2708 2961
2709 2961
2710 2962
2711 2962
2712 2963
2713 2963
2714 2964
2716 2964
2717 2964
2718 2965
2719 2965
2720 2966
2721 2966
2722 2966
2723 2967
2724 2967
2725 2968
2726 2968
2727 2969
2728 2969
2729 2969
2730 2970
2731 2970
2732 2971
2733 2971
2734 2971
2735 2972
2736 2972
2737 2973
2738 2973
2739 2974
2740 2974
2741 2974
2742 2975
2743 2975
2744 2976
2745 2976
2746 2976
2747 2977
2748 2977
2749 2978
2750 2978
2751 2978
2752 2979
2753 2979
2754 2980
2755 2980
2756 2981
2757 2981
2759 2981
2760 2982
2761 2982
2762 2983
2763 2983
2764 2983
2765 2984
2766 2984
2767 2985
2768 2985
2769 2985
2770 2986
2771 2986
2772 2987
2773 2987
2774 2987
2775 2988
2776 2988
2777 2989
2778 2989
2779 2990
2780 2990
2781 2990
2782 2991
2783 2991
2784 2992
2785 2992
2786 2992
2787 2993
2788 2993
2789 2994
2790 2994
2791 2994
2792 2995
2793 2995
2794 2996
2795 2996
2796 2996
2797 2997
2798 2997
2799 2998
2800 2998
2802 2998
2803 2999
2804 2999
2805 3000
2806 3000
2807 3000
2808 3001
2809 3001
2810 3002
2811 3002
2812 3002
2813 3003
2814 3003
2815 3004
2816 3004
2817 3004
2818 3005
2819 3005
2820 3006
2821 3006
2822 3006
2823 3007
2824 3007
2825 3008
2826 3008
2827 3008
2828 3009
2829 3009
2830 3009
2831 3010
2832 3010
2833 3011
2834 3011
2835 3011
2836 3012
2837 3012
2838 3013
2839 3013
2840 3013
2841 3014
2842 3014
2843 3015
2845 3015
2846 3015
2847 3016
2848 3016
2849 3017
2850 3017
2851 3017
2852 3018
2853 3018
2854 3018
2855 3019
2856 3019
2857 3020
2858 3020
2859 3020
2860 3021
2861 3021
2862 3022
2863 3022
2864 3022
2865 3023
2866 3023
2867 3024
2868 3024
2869 3024
2870 3025
2871 3025
2872 3025
2873 3026
2874 3026
2875 3027
2876 3027
2877 3027
2878 3028
2879 3028
2880 3029
2881 3029
2882 3029
2883 3030
2884 3030
2885 3030
2886 3031
2887 3031
2889 3032
2890 3032
2891 3032
2892 3033
2893 3033
2894 3034
2895 3034
2896 3034
2897 3035
2898 3035
2899 3035
2900 3036
2901 3036
2902 3037
2903 3037
2904 3037
2905 3038
2906 3038
2907 3038
2908 3039
2909 3039
2910 3040
2911 3040
2912 3040
2913 3041
2914 3041
2915 3042
2916 3042
2917 3042
2918 3043
2919 3043
2920 3043
2921 3044
2922 3044
2923 3045
2924 3045
2925 3045
2926 3046
2927 3046
2928 3046
2929 3047
2930 3047
2932 3048
2933 3048
2934 3048
2935 3049
2936 3049
2937 3049
2938 3050
2939 3050
2940 3051
2941 3051
2942 3051
2943 3052
2944 3052
2945 3052
2946 3053
2947 3053
2948 3054
2949 3054
2950 3054
2951 3055
2952 3055
2953 3055
2954 3056
2955 3056
2956 3057
2957 3057
2958 3057
2959 3058
2960 3058
2961 3058
2962 3059
2963 3059
2964 3060
2965 3060
2966 3060
2967 3061
2968 3061
2969 3061
2970 3062
2971 3062
2972 3063
2973 3063
2975 3063
2976 3064
2977 3064
2978 3064
2979 3065
2980 3065
2981 3065
2982 3066
2983 3066
2984 3067
2985 3067
2986 3067
2987 3068
2988 3068
2989 3068
2990 3069
2991 3069
2992 3070
2993 3070
2994 3070
2995 3071
2996 3071
2997 3071
2998 3072
2999 3072
3000 3073
3001 3073
3002 3073
3003 3074
3004 3074
3005 3074
3006 3075
3007 3075
3008 3075
3009 3076
3010 3076
3011 3077
3012 3077
3013 3077
3014 3078
3015 3078
3016 3078
3018 3079
3019 3079
3020 3080
3021 3080
3022 3080
3023 3081
3024 3081
3025 3081
3026 3082
3027 3082
3028 3082
3029 3083
3030 3083
3031 3084
3032 3084
3033 3084
3034 3085
3035 3085
3036 3085
3037 3086
3038 3086
3039 3086
3040 3087
3041 3087
3042 3088
3043 3088
3044 3088
3045 3089
3046 3089
3047 3089
3048 3090
3049 3090
3050 3091
3051 3091
3052 3091
3053 3092
3054 3092
3055 3092
3056 3093
3057 3093
3058 3093
3059 3094
3061 3094
3062 3095
3063 3095
3064 3095
3065 3096
3066 3096
3067 3096
3068 3097
3069 3097
3070 3097
3071 3098
3072 3098
3073 3099
3074 3099
3075 3099
3076 3100
3077 3100
3078 3100
3079 3101
3080 3101
3081 3101
3082 3102
3083 3102
3084 3103
3085 3103
3086 3103
3087 3104
3088 3104
3089 3104
3090 3105
3091 3105
3092 3105
3093 3106
3094 3106
3095 3107
3096 3107
3097 3107
3098 3108
3099 3108
3100 3108
3101 3109
3102 3109
3104 3109
3105 3110
3106 3110
3107 3111
3108 3111
3109 3111
3110 3112
3111 3112
3112 3112
3113 3113
3114 3113
3115 3113
3116 3114
3117 3114
3118 3114
3119 3115
3120 3115
3121 3116
3122 3116
3123 3116
3124 3117
3125 3117
3126 3117
3127 3118
3128 3118
3129 3118
3130 3119
3131 3119
3132 3120
3133 3120
3134 3120
3135 3121
3136 3121
3137 3121
3138 3122
3139 3122
3140 3122
3141 3123
3142 3123
3143 3124
3144 3124
3145 3124
3147 3125
3148 3125
3149 3125
3150 3126
3151 3126
3152 3126
3153 3127
3154 3127
3155 3128
3156 3128
3157 3128
3158 3129
3159 3129
3160 3129
3161 3130
3162 3130
3163 3130
3164 3131
3165 3131
3166 3132
3167 3132
3168 3132
3169 3133
3170 3133
3171 3133
3172 3134
3173 3134
3174 3134
3175 3135
3176 3135
3177 3136
3178 3136
3179 3136
3180 3137
3181 3137
3182 3137
3183 3138
3184 3138
3185 3138
3186 3139
3187 3139
3188 3140
3190 3140
3191 3140
3192 3141
3193 3141
3194 3141
3195 3142
3196 3142
3197 3142
3198 3143
3199 3143
3200 3144
3201 3144
3202 3144
3203 3145
3204 3145
3205 3145
3206 3146
3207 3146
3208 3146
3209 3147
3210 3147
3211 3148
3212 3148
3213 3148
3214 3149
3215 3149
3216 3149
3217 3150
3218 3150
3219 3150
3220 3151
3221 3151
3222 3152
3223 3152
3224 3152
3225 3153
3226 3153
3227 3153
3228 3154
3229 3154
3230 3154
3231 3155
3233 3155
3234 3156
3235 3156
3236 3156
3237 3157
3238 3157
3239 3157
3240 3158
3241 3158
3242 3158
3243 3159
3244 3159
3245 3160
3246 3160
3247 3160
3248 3161
3249 3161
3250 3161
3251 3162
3252 3162
3253 3162
3254 3163
3255 3163
3256 3164
3257 3164
3258 3164
3259 3165
3260 3165
3261 3165
3262 3166
3263 3166
3264 3167
3265 3167
3266 3167
3267 3168
3268 3168
3269 3168
3270 3169
3271 3169
3272 3169
3273 3170
3274 3170
3276 3171
3277 3171
3278 3171
3279 3172
3280 3172
3281 3172
3282 3173
3283 3173
3284 3174
3285 3174
3286 3174
3287 3175
3288 3175
3289 3175
3290 3176
3291 3176
3292 3176
3293 3177
3294 3177
3295 3178
3296 3178
3297 3178
3298 3179
3299 3179
3300 3179
3301 3180
3302 3180
3303 3181
3304 3181
3305 3181
3306 3182
3307 3182
3308 3182
3309 3183
3310 3183
3311 3184
3312 3184
3313 3184
3314 3185
3315 3185
3316 3185
3317 3186
3318 3186
3320 3186
3321 3187
3322 3187
3323 3188
3324 3188
3325 3188
3326 3189
3327 3189
3328 3189
3329 3190
3330 3190
3331 3191
3332 3191
3333 3191
3334 3192
3335 3192
3336 3192
3337 3193
3338 3193
3339 3194
3340 3194
3341 3194
3342 3195
3343 3195
3344 3195
3345 3196
3346 3196
3347 3197
3348 3197
3349 3197
3350 3198
3351 3198
3352 3198
3353 3199
3354 3199
3355 3200
3356 3200
3357 3200
3358 3201
3359 3201
3360 3202
3361 3202
3363 3202
3364 3203
3365 3203
3366 3203
3367 3204
3368 3204
3369 3205
3370 3205
3371 3205
3372 3206
3373 3206
3374 3206
3375 3207
3376 3207
3377 3208
3378 3208
3379 3208
3380 3209
3381 3209
3382 3209
3383 3210
3384 3210
3385 3211
3386 3211
3387 3211
3388 3212
3389 3212
3390 3213
3391 3213
3392 3213
3393 3214
3394 3214
3395 3214
3396 3215
3397 3215
3398 3216
3399 3216
3400 3216
3401 3217
3402 3217
3403 3218
3404 3218
3406 3218
3407 3219
3408 3219
3409 3219
3410 3220
3411 3220
3412 3221
3413 3221
3414 3221
3415 3222
3416 3222
3417 3223
3418 3223
3419 3223
3420 3224
3421 3224
3422 3224
3423 3225
3424 3225
3425 3226
3426 3226
3427 3226
3428 3227
3429 3227
3430 3228
3431 3228
3432 3228
3433 3229
3434 3229
3435 3230
3436 3230
3437 3230
3438 3231
3439 3231
3440 3231
3441 3232
3442 3232
3443 3233
3444 3233
3445 3233
3446 3234
3447 3234
3449 3235
3450 3235
3451 3235
3452 3236
3453 3236
3454 3237
3455 3237
3456 3237
3457 3238
3458 3238
3459 3239
3460 3239
3461 3239
3462 3240
3463 3240
3464 3241
3465 3241
3466 3241
3467 3242
3468 3242
3469 3243
3470 3243
3471 3243
3472 3244
3473 3244
3474 3245
3475 3245
3476 3245
3477 3246
3478 3246
3479 3247
3480 3247
3481 3247
3482 3248
3483 3248
3484 3249
3485 3249
3486 3249
3487 3250
3488 3250
3489 3251
3490 3251
3492 3251
3493 3252
3494 3252
3495 3253
3496 3253
3497 3253
3498 3254
3499 3254
3500 3255
3501 3255
3502 3255
3503 3256
3504 3256
3505 3257
3506 3257
3507 3257
3508 3258
3509 3258
3510 3259
3511 3259
3512 3259
3513 3260
3514 3260
3515 3261
3516 3261
3517 3261
3518 3262
3519 3262
3520 3263
3521 3263
3522 3264
3523 3264
3524 3264
3525 3265
3526 3265
3527 3266
3528 3266
3529 3266
3530 3267
3531 3267
3532 3268
3533 3268
3535 3268
3536 3269
3537 3269
3538 3270
3539 3270
3540 3271
3541 3271
3542 3271
3543 3272
3544 3272
3545 3273
3546 3273
3547 3273
3548 3274
3549 3274
3550 3275
3551 3275
3552 3275
3553 3276
3554 3276
3555 3277
3556 3277
3557 3278
3558 3278
3559 3278
3560 3279
3561 3279
3562 3280
3563 3280
3564 3281
3565 3281
3566 3281
3567 3282
3568 3282
3569 3283
3570 3283
3571 3283
3572 3284
3573 3284
3574 3285
3575 3285
3576 3286
3578 3286
3579 3286
3580 3287
3581 3287
3582 3288
3583 3288
3584 3289
3585 3289
3586 3289
3587 3290
3588 3290
3589 3291
3590 3291
3591 3292
3592 3292
3593 3292
3594 3293
3595 3293
3596 3294
3597 3294
3598 3295
3599 3295
3600 3295
3601 3296
3602 3296
3603 3297
3604 3297
3605 3298
3606 3298
3607 3298
3608 3299
3609 3299
3610 3300
3611 3300
3612 3301
3613 3301
3614 3301
3615 3302
3616 3302
3617 3303
3618 3303
3619 3304
3621 3304
3622 3304
3623 3305
3624 3305
3625 3306
3626 3306
3627 3307
3628 3307
3629 3308
3630 3308
3631 3308
3632 3309
3633 3309
3634 3310
3635 3310
3636 3311
3637 3311
3638 3312
3639 3312
3640 3312
3641 3313
3642 3313
3643 3314
3644 3314
3645 3315
3646 3315
3647 3315
3648 3316
3649 3316
3650 3317
3651 3317
3652 3318
3653 3318
3654 3319
3655 3319
3656 3320
3657 3320
3658 3320
3659 3321
3660 3321
3661 3322
3662 3322
3664 3323
3665 3323
3666 3324
3667 3324
3668 3324
3669 3325
3670 3325
3671 3326
3672 3326
3673 3327
3674 3327
3675 3328
3676 3328
3677 3329
3678 3329
3679 3329
3680 3330
3681 3330
3682 3331
3683 3331
3684 3332
3685 3332
3686 3333
3687 3333
3688 3334
3689 3334
3690 3334
3691 3335
3692 3335
3693 3336
3694 3336
3695 3337
3696 3337
3697 3338
3698 3338
3699 3339
3700 3339
3701 3340
3702 3340
3703 3340
3704 3341
3705 3341
3706 3342
3708 3342
3709 3343
3710 3343
3711 3344
3712 3344
3713 3345
3714 3345
3715 3346
3716 3346
3717 3347
3718 3347
3719 3347
3720 3348
3721 3348
3722 3349
3723 3349
3724 3350
3725 3350
3726 3351
3727 3351
3728 3352
3729 3352
3730 3353
3731 3353
3732 3354
3733 3354
3734 3355
3735 3355
3736 3355
3737 3356
3738 3356
3739 3357
3740 3357
3741 3358
3742 3358
3743 3359
3744 3359
3745 3360
3746 3360
3747 3361
3748 3361
3749 3362
3751 3362
3752 3363
3753 3363
3754 3364
3755 3364
3756 3365
3757 3365
3758 3366
3759 3366
3760 3366
3761 3367
3762 3367
3763 3368
3764 3368
3765 3369
3766 3369
3767 3370
3768 3370
3769 3371
3770 3371
3771 3372
3772 3372
3773 3373
3774 3373
3775 3374
3776 3374
3777 3375
3778 3375
3779 3376
3780 3376
3781 3377
3782 3377
3783 3378
3784 3378
3785 3379
3786 3379
3787 3380
3788 3380
3789 3381
3790 3381
3791 3382
3792 3382
3794 3383
3795 3383
3796 3384
3797 3384
3798 3385
3799 3385
3800 3386
3801 3386
3802 3387
3803 3387
3804 3388
3805 3388
3806 3389
3807 3389
3808 3390
3809 3390
3810 3391
3811 3391
3812 3392
3813 3392
3814 3393
3815 3393
3816 3394
3817 3394
3818 3395
3819 3395
3820 3396
3821 3396
3822 3397
3823 3397
3824 3398
3825 3398
3826 3399
3827 3399
3828 3400
3829 3400
3830 3401
3831 3401
3832 3402
3833 3402
3834 3403
3835 3403
3837 3404
3838 3404
3839 3405
3840 3405
3841 3406
3842 3406
3843 3407
3844 3408
3845 3408
3846 3409
3847 3409
3848 3410
3849 3410
3850 3411
3851 3411
3852 3412
3853 3412
3854 3413
3855 3413
3856 3414
3857 3414
3858 3415
3859 3415
3860 3416
3861 3416
3862 3417
3863 3417
3864 3418
3865 3418
3866 3419
3867 3420
3868 3420
3869 3421
3870 3421
3871 3422
3872 3422
3873 3423
3874 3423
3875 3424
3876 3424
3877 3425
3878 3425
3880 3426
3881 3426
3882 3427
3883 3427
3884 3428
3885 3429
3886 3429
3887 3430
3888 3430
3889 3431
3890 3431
3891 3432
3892 3432
3893 3433
3894 3433
3895 3434
3896 3434
3897 3435
3898 3436
3899 3436
3900 3437
3901 3437
3902 3438
3903 3438
3904 3439
3905 3439
3906 3440
3907 3440
3908 3441
3909 3442
3910 3442
3911 3443
3912 3443
3913 3444
3914 3444
3915 3445
3916 3445
3917 3446
3918 3446
3919 3447
3920 3448
3921 3448
3923 3449
3924 3449
3925 3450
3926 3450
3927 3451
3928 3451
3929 3452
3930 3453
3931 3453
3932 3454
3933 3454
3934 3455
3935 3455
3936 3456
3937 3456
3938 3457
3939 3458
3940 3458
3941 3459
3942 3459
3943 3460
3944 3460
3945 3461
3946 3462
3947 3462
3948 3463
3949 3463
3950 3464
3951 3464
3952 3465
3953 3465
3954 3466
3955 3467
3956 3467
3957 3468
3958 3468
3959 3469
3960 3469
3961 3470
3962 3471
3963 3471
3964 3472
3966 3472
3967 3473
3968 3473
3969 3474
3970 3475
3971 3475
3972 3476
3973 3476
3974 3477
3975 3477
3976 3478
3977 3479
3978 3479
3979 3480
3980 3480
3981 3481
3982 3482
3983 3482
3984 3483
3985 3483
3986 3484
3987 3484
3988 3485
3989 3486
3990 3486
3991 3487
3992 3487
3993 3488
3994 3489
3995 3489
3996 3490
3997 3490
3998 3491
3999 3491
4000 3492
4001 3493
4002 3493
4003 3494
4004 3494
4005 3495
4006 3496
4007 3496
4009 3497
4010 3497
4011 3498
4012 3499
