81 135 81 369
82 136 82 368
83 138 83 368
84 140 84 368
85 141 85 368
87 143 87 367
88 145 88 367
89 146 89 367
90 148 90 367
91 150 91 366
92 152 92 366
93 153 93 366
94 155 94 366
95 157 95 365
96 158 96 365
97 160 97 365
98 162 98 365
99 163 99 364
100 165 100 364
101 167 101 364
102 168 102 364
103 170 103 363
104 172 104 363
105 173 105 363
106 175 106 363
107 177 107 363
108 178 108 362
109 180 109 362
110 182 110 362
111 183 111 362
112 185 112 362
113 187 113 361
114 188 114 361
115 190 115 361
116 192 116 361
117 193 117 361
118 195 118 360
119 197 119 360
120 198 120 360
121 200 121 360
122 202 122 360
123 203 123 359
124 205 124 359
125 207 125 359
126 208 126 359
127 210 127 359
128 212 128 359
130 213 130 358
131 215 131 358
132 217 132 358
133 218 133 358
134 220 134 358
135 222 135 358
136 223 136 357
137 225 137 357
138 227 138 357
139 228 139 357
140 230 140 357
141 232 141 357
142 233 142 357
143 235 143 356
144 237 144 356
145 238 145 356
146 240 146 356
147 242 147 356
148 243 148 356
149 245 149 356
150 247 150 355
151 248 151 355
152 250 152 355
153 252 153 355
154 253 154 355
155 255 155 355
156 257 156 355
157 258 157 355
158 260 158 354
159 262 159 354
160 263 160 354
161 265 161 354
162 267 162 354
163 268 163 354
164 270 164 354
165 271 165 354
166 273 166 354
167 275 167 353
168 276 168 353
169 278 169 353
170 280 170 353
171 281 171 353
173 283 173 353
174 285 174 353
175 286 175 353
176 288 176 353
177 290 177 353
178 291 178 353
179 293 179 353
180 295 180 352
181 296 181 352
182 298 182 352
183 300 183 352
184 301 184 352
185 303 185 352
186 305 186 352
187 306 187 352
188 308 188 352
189 310 189 352
190 311 190 352
191 313 191 352
192 315 192 352
193 316 193 352
194 318 194 352
195 320 195 352
196 321 196 352
197 323 197 352
198 325 198 352
199 326 199 352
200 328 200 352
201 330 201 351
202 331 202 351
203 333 203 351
204 335 204 351
205 336 205 351
206 338 206 351
207 340 207 351
208 341 208 351
209 343 209 351
210 345 210 351
211 346 211 351
212 348 212 351
213 350 213 351
214 351 214 351
216 353 216 351
217 354 217 351
218 356 218 351
219 358 219 351
220 359 220 351
221 361 221 351
222 363 222 351
223 364 223 351
224 366 224 351
225 368 225 351
226 369 226 351
227 371 227 351
228 373 228 351
229 374 229 352
230 376 230 352
231 378 231 352
232 379 232 352
233 381 233 352
234 383 234 352
235 384 235 352
236 386 236 352
237 388 237 352
238 389 238 352
239 391 239 352
240 393 240 352
241 394 241 352
242 396 242 352
243 398 243 352
244 399 244 352
245 401 245 352
246 402 246 352
247 404 247 352
248 406 248 352
249 407 249 352
250 409 250 353
251 411 251 353
252 412 252 353
253 414 253 353
254 416 254 353
255 417 255 353
256 419 256 353
257 421 257 353
259 422 259 353
260 424 260 353
261 426 261 353
262 427 262 353
263 429 263 354
264 431 264 354
265 432 265 354
266 434 266 354
267 435 267 354
268 437 268 354
269 439 269 354
270 440 270 354
271 442 271 354
272 444 272 355
273 445 273 355
274 447 274 355
275 449 275 355
276 450 276 355
277 452 277 355
278 454 278 355
279 455 279 355
280 457 280 355
281 459 281 356
282 460 282 356
283 462 283 356
284 463 284 356
285 465 285 356
286 467 286 356
287 468 287 356
288 470 288 357
289 472 289 357
290 473 290 357
291 475 291 357
292 477 292 357
293 478 293 357
294 480 294 357
295 482 295 358
296 483 296 358
297 485 297 358
298 487 298 358
299 488 299 358
300 490 300 358
302 491 302 359
303 493 303 359
304 495 304 359
305 496 305 359
306 498 306 359
307 500 307 359
308 501 308 360
309 503 309 360
310 505 310 360
311 506 311 360
312 508 312 360
313 509 313 361
314 511 314 361
315 513 315 361
316 514 316 361
317 516 317 361
318 518 318 362
319 519 319 362
320 521 320 362
321 523 321 362
322 524 322 362
323 526 323 363
324 528 324 363
325 529 325 363
326 531 326 363
327 532 327 363
328 534 328 364
329 536 329 364
330 537 330 364
331 539 331 364
332 541 332 365
333 542 333 365
334 544 334 365
335 546 335 365
336 547 336 365
337 549 337 366
338 550 338 366
339 552 339 366
340 554 340 367
341 555 341 367
342 557 342 367
343 559 343 367
345 560 345 367
346 562 346 368
347 564 347 368
348 565 348 368
349 567 349 369
350 568 350 369
351 570 351 369
352 572 352 369
353 573 353 370
354 575 354 370
355 577 355 370
356 578 356 370
357 580 357 371
358 581 358 371
359 583 359 371
360 585 360 372
361 586 361 372
362 588 362 372
363 590 363 372
364 591 364 373
365 593 365 373
366 594 366 373
367 596 367 373
368 598 368 374
369 599 369 374
370 601 370 374
371 603 371 375
372 604 372 375
373 606 373 375
374 608 374 376
375 609 375 376
376 611 376 376
377 612 377 376
378 614 378 377
379 616 379 377
380 617 380 377
381 619 381 378
382 621 382 378
383 622 383 378
384 624 384 379
385 625 385 379
386 627 386 379
388 629 388 380
389 630 389 380
390 632 390 380
391 634 391 381
392 635 392 381
393 637 393 382
394 638 394 382
395 640 395 382
396 642 396 383
397 643 397 383
398 645 398 383
399 646 399 383
400 648 400 384
401 650 401 384
402 651 402 385
403 653 403 385
404 655 404 385
405 656 405 386
406 658 406 386
407 659 407 386
408 661 408 387
409 663 409 387
410 664 410 387
411 666 411 388
412 668 412 388
413 669 413 389
414 671 414 389
415 672 415 389
416 674 416 390
417 676 417 390
418 677 418 391
419 679 419 391
420 680 420 391
421 682 421 392
422 684 422 392
423 685 423 393
424 687 424 393
425 689 425 394
426 690 426 394
427 692 427 394
428 693 428 395
429 695 429 395
430 697 430 396
432 698 432 396
433 700 433 396
434 701 434 397
435 703 435 397
436 705 436 398
437 706 437 398
438 708 438 398
439 709 439 399
440 711 440 399
441 713 441 400
442 714 442 400
443 716 443 401
444 718 444 401
445 719 445 401
446 721 446 402
447 722 447 402
448 724 448 403
449 726 449 403
450 727 450 404
451 729 451 404
452 730 452 404
453 732 453 405
454 734 454 405
455 735 455 406
456 737 456 406
457 738 457 407
458 740 458 407
459 742 459 408
460 743 460 408
461 745 461 409
462 746 462 409
463 748 463 410
464 750 464 410
465 751 465 410
466 753 466 411
467 754 467 411
468 756 468 412
469 758 469 413
470 759 470 413
471 761 471 413
472 762 472 414
473 764 473 414
475 766 475 415
476 767 476 415
477 769 477 416
478 770 478 416
479 772 479 417
480 774 480 417
481 775 481 418
482 777 482 418
483 778 483 419
484 780 484 419
485 782 485 420
486 783 486 420
487 785 487 421
488 786 488 421
489 788 489 422
490 790 490 423
491 791 491 423
492 793 492 423
493 794 493 424
494 796 494 424
495 798 495 425
496 799 496 425
497 801 497 426
498 802 498 426
499 804 499 427
500 806 500 428
501 807 501 428
502 809 502 429
503 810 503 429
504 812 504 430
505 813 505 430
506 815 506 431
507 817 507 432
508 818 508 432
509 820 509 433
510 821 510 433
511 823 511 434
512 825 512 434
513 826 513 435
514 828 514 435
515 829 515 436
516 831 516 436
518 833 518 437
519 834 519 438
520 836 520 438
521 837 521 439
522 839 522 439
523 840 523 440
524 842 524 440
525 844 525 441
526 845 526 441
527 847 527 442
528 848 528 443
529 850 529 443
530 852 530 444
531 853 531 444
532 855 532 445
533 856 533 446
534 858 534 446
535 859 535 447
536 861 536 447
537 863 537 448
538 864 538 449
539 866 539 449
540 867 540 450
541 869 541 450
542 871 542 451
543 872 543 452
544 874 544 452
545 875 545 453
546 877 546 454
547 878 547 454
548 880 548 455
549 882 549 456
550 883 550 456
551 885 551 457
552 886 552 457
553 888 553 458
554 889 554 458
555 891 555 459
556 893 556 460
557 894 557 460
558 896 558 461
559 897 559 461
561 899 561 462
562 900 562 463
563 902 563 464
564 904 564 464
565 905 565 465
566 907 566 466
567 908 567 466
568 910 568 467
569 911 569 467
570 913 570 468
571 915 571 469
572 916 572 469
573 918 573 470
574 919 574 471
575 921 575 471
576 922 576 472
577 924 577 473
578 926 578 474
579 927 579 474
580 929 580 475
581 930 581 475
582 932 582 476
583 933 583 477
584 935 584 477
585 936 585 478
586 938 586 479
587 940 587 480
588 941 588 480
589 943 589 481
590 944 590 481
591 946 591 482
592 947 592 483
593 949 593 483
594 951 594 484
595 952 595 485
596 954 596 486
597 955 597 486
598 957 598 487
599 958 599 487
600 960 600 488
601 961 601 489
602 963 602 490
604 965 604 491
605 966 605 491
606 968 606 492
607 969 607 492
608 971 608 493
609 972 609 494
610 974 610 495
611 975 611 495
612 977 612 496
613 979 613 497
614 980 614 498
615 982 615 498
616 983 616 499
617 985 617 500
618 986 618 500
619 988 619 501
620 989 620 502
621 991 621 503
622 993 622 504
623 994 623 504
624 996 624 505
625 997 625 506
626 999 626 507
627 1000 627 507
628 1002 628 508
629 1003 629 508
630 1005 630 509
631 1006 631 510
632 1008 632 511
633 1010 633 512
634 1011 634 512
635 1013 635 513
636 1014 636 514
637 1016 637 515
638 1017 638 515
639 1019 639 516
640 1020 640 517
641 1022 641 518
642 1023 642 518
643 1025 643 519
644 1027 644 520
645 1028 645 521
647 1030 647 522
648 1031 648 522
649 1033 649 523
650 1034 650 524
651 1036 651 525
652 1037 652 525
653 1039 653 526
654 1040 654 527
655 1042 655 528
656 1043 656 528
657 1045 657 529
658 1046 658 530
659 1048 659 531
660 1050 660 532
661 1051 661 532
662 1053 662 533
663 1054 663 534
664 1056 664 535
665 1057 665 536
666 1059 666 537
667 1060 667 537
668 1062 668 538
669 1063 669 539
670 1065 670 540
671 1066 671 540
672 1068 672 541
673 1069 673 542
674 1071 674 543
675 1073 675 544
676 1074 676 545
677 1076 677 546
678 1077 678 546
679 1079 679 547
680 1080 680 548
681 1082 681 549
682 1083 682 549
683 1085 683 550
684 1086 684 551
685 1088 685 552
686 1089 686 553
687 1091 687 554
688 1092 688 554
690 1094 690 555
691 1095 691 556
692 1097 692 557
693 1098 693 558
694 1100 694 559
695 1101 695 559
696 1103 696 560
697 1105 697 561
698 1106 698 562
699 1108 699 563
700 1109 700 564
701 1111 701 565
702 1112 702 565
703 1114 703 567
704 1115 704 567
705 1117 705 568
706 1118 706 569
707 1120 707 570
708 1121 708 570
709 1123 709 572
710 1124 710 572
711 1126 711 573
712 1127 712 574
713 1129 713 575
714 1130 714 576
715 1132 715 577
716 1133 716 577
717 1135 717 579
718 1136 718 579
719 1138 719 580
720 1139 720 581
721 1141 721 582
722 1142 722 583
723 1144 723 584
724 1145 724 584
725 1147 725 586
726 1148 726 586
727 1150 727 587
728 1151 728 588
729 1153 729 589
730 1154 730 590
731 1156 731 591
733 1157 733 591
734 1159 734 593
735 1160 735 593
736 1162 736 594
737 1163 737 595
738 1165 738 596
739 1166 739 597
740 1168 740 598
741 1169 741 599
742 1171 742 600
743 1172 743 601
744 1174 744 602
745 1175 745 602
746 1177 746 604
747 1178 747 604
748 1180 748 605
749 1181 749 606
750 1183 750 607
751 1184 751 608
752 1186 752 609
753 1187 753 610
754 1189 754 611
755 1190 755 612
756 1192 756 613
757 1193 757 613
758 1195 758 615
759 1196 759 615
760 1198 760 617
761 1199 761 617
762 1201 762 618
763 1202 763 619
764 1204 764 620
765 1205 765 621
766 1207 766 622
767 1208 767 623
768 1210 768 624
769 1211 769 625
770 1213 770 626
771 1214 771 627
772 1216 772 628
773 1217 773 629
774 1219 774 630
776 1220 776 631
777 1222 777 632
778 1223 778 632
779 1225 779 634
780 1226 780 634
781 1228 781 636
782 1229 782 636
783 1231 783 638
784 1232 784 638
785 1234 785 640
786 1235 786 640
787 1237 787 642
788 1238 788 642
789 1239 789 643
790 1241 790 644
791 1242 791 645
792 1244 792 646
793 1245 793 647
794 1247 794 648
795 1248 795 649
796 1250 796 650
797 1251 797 651
798 1253 798 652
799 1254 799 653
800 1256 800 654
801 1257 801 655
802 1259 802 656
803 1260 803 657
804 1262 804 658
805 1263 805 659
806 1265 806 660
807 1266 807 661
808 1267 808 662
809 1269 809 663
810 1270 810 664
811 1272 811 665
812 1273 812 666
813 1275 813 667
814 1276 814 668
815 1278 815 669
816 1279 816 670
817 1281 817 671
818 1282 818 672
820 1284 820 673
821 1285 821 674
822 1287 822 675
823 1288 823 676
824 1289 824 677
825 1291 825 678
826 1292 826 679
827 1294 827 680
828 1295 828 681
829 1297 829 682
830 1298 830 683
831 1300 831 684
832 1301 832 685
833 1303 833 686
834 1304 834 687
835 1306 835 689
836 1307 836 689
837 1308 837 690
838 1310 838 691
839 1311 839 692
840 1313 840 693
841 1314 841 694
842 1316 842 696
843 1317 843 696
844 1319 844 698
845 1320 845 698
846 1322 846 700
847 1323 847 701
848 1324 848 701
849 1326 849 703
850 1327 850 704
851 1329 851 705
852 1330 852 706
853 1332 853 707
854 1333 854 708
855 1335 855 709
856 1336 856 710
857 1337 857 711
858 1339 858 712
859 1340 859 713
860 1342 860 714
861 1343 861 715
863 1345 863 717
864 1346 864 717
865 1348 865 719
866 1349 866 720
867 1350 867 720
868 1352 868 722
869 1353 869 723
870 1355 870 724
871 1356 871 725
872 1358 872 726
873 1359 873 727
874 1360 874 728
875 1362 875 729
876 1363 876 730
877 1365 877 731
878 1366 878 732
879 1368 879 734
880 1369 880 734
881 1371 881 736
882 1372 882 737
883 1373 883 738
884 1375 884 739
885 1376 885 740
886 1378 886 741
887 1379 887 742
888 1381 888 744
889 1382 889 744
890 1383 890 745
891 1385 891 747
892 1386 892 747
893 1388 893 749
894 1389 894 750
895 1391 895 751
896 1392 896 752
897 1393 897 753
898 1395 898 754
899 1396 899 755
900 1398 900 757
901 1399 901 757
902 1401 902 759
903 1402 903 760
904 1403 904 761
906 1405 906 762
907 1406 907 763
908 1408 908 764
909 1409 909 765
910 1410 910 766
911 1412 911 768
912 1413 912 768
913 1415 913 770
914 1416 914 771
915 1418 915 772
916 1419 916 773
917 1420 917 774
918 1422 918 775
919 1423 919 776
920 1425 920 778
921 1426 921 779
922 1427 922 779
923 1429 923 781
924 1430 924 782
925 1432 925 783
926 1433 926 784
927 1435 927 786
928 1436 928 787
929 1437 929 787
930 1439 930 789
931 1440 931 790
932 1442 932 791
933 1443 933 792
934 1444 934 793
935 1446 935 795
936 1447 936 795
937 1449 937 797
938 1450 938 798
939 1451 939 799
940 1453 940 800
941 1454 941 801
942 1456 942 803
943 1457 943 804
944 1458 944 804
945 1460 945 806
946 1461 946 807
947 1463 947 809
949 1464 949 809
950 1465 950 810
951 1467 951 812
952 1468 952 813
953 1470 953 814
954 1471 954 815
955 1472 955 816
956 1474 956 818
957 1475 957 818
958 1477 958 820
959 1478 959 821
960 1479 960 822
961 1481 961 823
962 1482 962 824
963 1484 963 826
964 1485 964 827
965 1486 965 828
966 1488 966 829
967 1489 967 830
968 1490 968 831
969 1492 969 833
970 1493 970 834
971 1495 971 835
972 1496 972 836
973 1497 973 837
974 1499 974 839
975 1500 975 839
976 1502 976 841
977 1503 977 842
978 1504 978 843
979 1506 979 845
980 1507 980 845
981 1509 981 847
982 1510 982 848
983 1511 983 849
984 1513 984 851
985 1514 985 851
986 1515 986 852
987 1517 987 854
988 1518 988 855
989 1520 989 857
990 1521 990 858
992 1522 992 858
993 1524 993 860
994 1525 994 861
995 1526 995 862
996 1528 996 864
997 1529 997 864
998 1531 998 866
999 1532 999 867
1000 1533 1000 868
1001 1535 1001 870
1002 1536 1002 871
1003 1537 1003 871
1004 1539 1004 873
1005 1540 1005 874
1006 1541 1006 875
1007 1543 1007 877
1008 1544 1008 878
1009 1546 1009 879
1010 1547 1010 880
1011 1548 1011 881
1012 1550 1012 883
1013 1551 1013 884
1014 1552 1014 885
1015 1554 1015 886
1016 1555 1016 887
1017 1556 1017 888
1018 1558 1018 890
1019 1559 1019 891
1020 1561 1020 893
1021 1562 1021 894
1022 1563 1022 895
1023 1565 1023 896
1024 1566 1024 897
1025 1567 1025 898
1026 1569 1026 900
1027 1570 1027 901
1028 1571 1028 902
1029 1573 1029 904
1030 1574 1030 904
1031 1575 1031 905
1032 1577 1032 907
1033 1578 1033 908
1035 1580 1035 910
1036 1581 1036 911
1037 1582 1037 912
1038 1584 1038 914
1039 1585 1039 914
1040 1586 1040 915
1041 1588 1041 917
1042 1589 1042 918
1043 1590 1043 919
1044 1592 1044 921
1045 1593 1045 922
1046 1594 1046 923
1047 1596 1047 925
1048 1597 1048 925
1049 1598 1049 926
1050 1600 1050 928
1051 1601 1051 929
1052 1602 1052 930
1053 1604 1053 932
1054 1605 1054 933
1055 1606 1055 934
1056 1608 1056 936
1057 1609 1057 937
1058 1610 1058 937
1059 1612 1059 939
1060 1613 1060 940
1061 1614 1061 941
1062 1616 1062 943
1063 1617 1063 944
1064 1619 1064 946
1065 1620 1065 947
1066 1621 1066 948
1067 1623 1067 950
1068 1624 1068 951
1069 1625 1069 952
1070 1627 1070 953
1071 1628 1071 954
1072 1629 1072 955
1073 1630 1073 956
1074 1632 1074 958
1075 1633 1075 959
1076 1634 1076 960
1078 1636 1078 962
1079 1637 1079 963
1080 1638 1080 964
1081 1640 1081 966
1082 1641 1082 967
1083 1642 1083 968
1084 1644 1084 970
1085 1645 1085 971
1086 1646 1086 971
1087 1648 1087 973
1088 1649 1088 974
1089 1650 1089 975
1090 1652 1090 977
1091 1653 1091 978
1092 1654 1092 979
1093 1656 1093 981
1094 1657 1094 982
1095 1658 1095 983
1096 1660 1096 985
1097 1661 1097 986
1098 1662 1098 987
1099 1664 1099 989
1100 1665 1100 990
1101 1666 1101 991
1102 1667 1102 992
1103 1669 1103 994
1104 1670 1104 995
1105 1671 1105 996
1106 1673 1106 998
1107 1674 1107 999
1108 1675 1108 1000
1109 1677 1109 1002
1110 1678 1110 1003
1111 1679 1111 1004
1112 1681 1112 1005
1113 1682 1113 1006
1114 1683 1114 1007
1115 1684 1115 1008
1116 1686 1116 1010
1117 1687 1117 1011
1118 1688 1118 1012
1119 1690 1119 1014
1121 1691 1121 1015
1122 1692 1122 1016
1123 1694 1123 1018
1124 1695 1124 1019
1125 1696 1125 1020
1126 1698 1126 1022
1127 1699 1127 1023
1128 1700 1128 1024
1129 1701 1129 1025
1130 1703 1130 1027
1131 1704 1131 1028
1132 1705 1132 1029
1133 1707 1133 1031
1134 1708 1134 1032
1135 1709 1135 1033
1136 1710 1136 1034
1137 1712 1137 1036
1138 1713 1138 1037
1139 1714 1139 1038
1140 1716 1140 1040
1141 1717 1141 1041
1142 1718 1142 1042
1143 1720 1143 1044
1144 1721 1144 1045
1145 1722 1145 1046
1146 1723 1146 1047
1147 1725 1147 1049
1148 1726 1148 1050
1149 1727 1149 1052
1150 1729 1150 1054
1151 1730 1151 1055
1152 1731 1152 1056
1153 1732 1153 1057
1154 1734 1154 1059
1155 1735 1155 1060
1156 1736 1156 1061
1157 1737 1157 1062
1158 1739 1158 1064
1159 1740 1159 1065
1160 1741 1160 1066
1161 1743 1161 1068
1162 1744 1162 1069
1164 1745 1164 1070
1165 1746 1165 1071
1166 1748 1166 1073
1167 1749 1167 1074
1168 1750 1168 1075
1169 1752 1169 1077
1170 1753 1170 1078
1171 1754 1171 1079
1172 1755 1172 1080
1173 1757 1173 1082
1174 1758 1174 1083
1175 1759 1175 1084
1176 1760 1176 1086
1177 1762 1177 1088
1178 1763 1178 1089
1179 1764 1179 1090
1180 1766 1180 1092
1181 1767 1181 1093
1182 1768 1182 1094
1183 1769 1183 1095
1184 1771 1184 1097
1185 1772 1185 1098
1186 1773 1186 1099
1187 1774 1187 1100
1188 1776 1188 1102
1189 1777 1189 1103
1190 1778 1190 1104
1191 1779 1191 1105
1192 1781 1192 1108
1193 1782 1193 1109
1194 1783 1194 1110
1195 1784 1195 1111
1196 1786 1196 1113
1197 1787 1197 1114
1198 1788 1198 1115
1199 1789 1199 1116
1200 1791 1200 1118
1201 1792 1201 1119
1202 1793 1202 1120
1203 1794 1203 1121
1204 1796 1204 1124
1205 1797 1205 1125
1207 1798 1207 1126
1208 1799 1208 1127
1209 1801 1209 1129
1210 1802 1210 1130
1211 1803 1211 1131
1212 1804 1212 1132
1213 1806 1213 1134
1214 1807 1214 1135
1215 1808 1215 1136
1216 1809 1216 1137
1217 1811 1217 1140
1218 1812 1218 1141
1219 1813 1219 1142
1220 1814 1220 1143
1221 1816 1221 1145
1222 1817 1222 1146
1223 1818 1223 1147
1224 1819 1224 1148
1225 1821 1225 1150
1226 1822 1226 1152
1227 1823 1227 1153
1228 1824 1228 1154
1229 1826 1229 1156
1230 1827 1230 1157
1231 1828 1231 1158
1232 1829 1232 1159
1233 1831 1233 1161
1234 1832 1234 1162
1235 1833 1235 1164
1236 1834 1236 1165
1237 1835 1237 1166
1238 1837 1238 1168
1239 1838 1239 1169
1240 1839 1240 1170
1241 1840 1241 1171
1242 1842 1242 1173
1243 1843 1243 1175
1244 1844 1244 1176
1245 1845 1245 1177
1246 1847 1246 1179
1247 1848 1247 1180
1248 1849 1248 1181
1249 1850 1249 1182
1251 1851 1251 1183
1252 1853 1252 1186
1253 1854 1253 1187
1254 1855 1254 1188
1255 1856 1255 1189
1256 1858 1256 1191
1257 1859 1257 1192
1258 1860 1258 1193
1259 1861 1259 1195
1260 1862 1260 1196
1261 1864 1261 1198
1262 1865 1262 1199
1263 1866 1263 1200
1264 1867 1264 1201
1265 1868 1265 1202
1266 1870 1266 1205
1267 1871 1267 1206
1268 1872 1268 1207
1269 1873 1269 1208
1270 1875 1270 1210
1271 1876 1271 1211
1272 1877 1272 1213
1273 1878 1273 1214
1274 1879 1274 1215
1275 1881 1275 1217
1276 1882 1276 1218
1277 1883 1277 1219
1278 1884 1278 1220
1279 1885 1279 1222
1280 1887 1280 1224
1281 1888 1281 1225
1282 1889 1282 1226
1283 1890 1283 1227
1284 1891 1284 1228
1285 1893 1285 1231
1286 1894 1286 1232
1287 1895 1287 1233
1288 1896 1288 1234
1289 1897 1289 1235
1290 1899 1290 1238
1291 1900 1291 1239
1292 1901 1292 1240
1294 1902 1294 1241
1295 1903 1295 1242
1296 1905 1296 1244
1297 1906 1297 1246
1298 1907 1298 1247
1299 1908 1299 1248
1300 1909 1300 1249
1301 1911 1301 1251
1302 1912 1302 1253
1303 1913 1303 1254
1304 1914 1304 1255
1305 1915 1305 1256
1306 1917 1306 1258
1307 1918 1307 1259
1308 1919 1308 1261
1309 1920 1309 1262
1310 1921 1310 1263
1311 1922 1311 1264
1312 1924 1312 1266
1313 1925 1313 1268
1314 1926 1314 1269
1315 1927 1315 1270
1316 1928 1316 1271
1317 1930 1317 1273
1318 1931 1318 1275
1319 1932 1319 1276
1320 1933 1320 1277
1321 1934 1321 1278
1322 1935 1322 1279
1323 1937 1323 1282
1324 1938 1324 1283
1325 1939 1325 1284
1326 1940 1326 1285
1327 1941 1327 1286
1328 1943 1328 1289
1329 1944 1329 1290
1330 1945 1330 1291
1331 1946 1331 1292
1332 1947 1332 1293
1333 1948 1333 1295
1334 1950 1334 1297
1335 1951 1335 1298
1337 1952 1337 1299
1338 1953 1338 1300
1339 1954 1339 1302
1340 1955 1340 1303
1341 1957 1341 1305
1342 1958 1342 1306
1343 1959 1343 1308
1344 1960 1344 1309
1345 1961 1345 1310
1346 1962 1346 1311
1347 1964 1347 1314
1348 1965 1348 1315
1349 1966 1349 1316
1350 1967 1350 1317
1351 1968 1351 1318
1352 1969 1352 1320
1353 1970 1353 1321
1354 1972 1354 1323
1355 1973 1355 1324
1356 1974 1356 1326
1357 1975 1357 1327
1358 1976 1358 1328
1359 1977 1359 1329
1360 1979 1360 1332
1361 1980 1361 1333
1362 1981 1362 1334
1363 1982 1363 1335
1364 1983 1364 1336
1365 1984 1365 1338
1366 1985 1366 1339
1367 1987 1367 1341
1368 1988 1368 1342
1369 1989 1369 1344
1370 1990 1370 1345
1371 1991 1371 1346
1372 1992 1372 1347
1373 1994 1373 1350
1374 1995 1374 1351
1375 1996 1375 1352
1376 1997 1376 1353
1377 1998 1377 1355
1378 1999 1378 1356
1380 2000 1380 1357
1381 2002 1381 1359
1382 2003 1382 1361
1383 2004 1383 1362
1384 2005 1384 1363
1385 2006 1385 1364
1386 2007 1386 1366
1387 2008 1387 1367
1388 2010 1388 1369
1389 2011 1389 1370
1390 2012 1390 1372
1391 2013 1391 1373
1392 2014 1392 1374
1393 2015 1393 1375
1394 2016 1394 1377
1395 2017 1395 1378
1396 2019 1396 1380
1397 2020 1397 1382
1398 2021 1398 1383
1399 2022 1399 1384
1400 2023 1400 1385
1401 2024 1401 1386
1402 2025 1402 1388
1403 2026 1403 1389
1404 2028 1404 1391
1405 2029 1405 1393
1406 2030 1406 1394
1407 2031 1407 1395
1408 2032 1408 1396
1409 2033 1409 1398
1410 2034 1410 1399
1411 2035 1411 1400
1412 2037 1412 1403
1413 2038 1413 1404
1414 2039 1414 1405
1415 2040 1415 1406
1416 2041 1416 1408
1417 2042 1417 1409
1418 2043 1418 1410
1419 2044 1419 1411
1420 2046 1420 1414
1421 2047 1421 1415
1423 2048 1423 1416
1424 2049 1424 1418
1425 2050 1425 1419
1426 2051 1426 1420
1427 2052 1427 1421
1428 2053 1428 1423
1429 2054 1429 1424
1430 2056 1430 1426
1431 2057 1431 1428
1432 2058 1432 1429
1433 2059 1433 1430
1434 2060 1434 1432
1435 2061 1435 1433
1436 2062 1436 1434
1437 2063 1437 1435
1438 2064 1438 1437
1439 2065 1439 1438
1440 2067 1440 1440
1441 2068 1441 1442
1442 2069 1442 1443
1443 2070 1443 1444
1444 2071 1444 1445
1445 2072 1445 1447
1446 2073 1446 1448
1447 2074 1447 1449
1448 2075 1448 1451
1449 2076 1449 1452
1450 2078 1450 1454
1451 2079 1451 1456
1452 2080 1452 1457
1453 2081 1453 1458
1454 2082 1454 1460
1455 2083 1455 1461
1456 2084 1456 1462
1457 2085 1457 1463
1458 2086 1458 1465
1459 2087 1459 1466
1460 2089 1460 1469
1461 2090 1461 1470
1462 2091 1462 1471
1463 2092 1463 1472
1464 2093 1464 1474
1466 2094 1466 1475
1467 2095 1467 1476
1468 2096 1468 1478
1469 2097 1469 1479
1470 2098 1470 1480
1471 2099 1471 1481
1472 2100 1472 1483
1473 2102 1473 1485
1474 2103 1474 1487
1475 2104 1475 1488
1476 2105 1476 1489
1477 2106 1477 1490
1478 2107 1478 1492
1479 2108 1479 1493
1480 2109 1480 1494
1481 2110 1481 1496
1482 2111 1482 1497
1483 2112 1483 1498
1484 2113 1484 1500
1485 2114 1485 1501
1486 2116 1486 1503
1487 2117 1487 1505
1488 2118 1488 1506
1489 2119 1489 1507
1490 2120 1490 1509
1491 2121 1491 1510
1492 2122 1492 1511
1493 2123 1493 1513
1494 2124 1494 1514
1495 2125 1495 1515
1496 2126 1496 1517
1497 2127 1497 1518
1498 2128 1498 1519
1499 2129 1499 1521
1500 2130 1500 1522
1501 2132 1501 1524
1502 2133 1502 1526
1503 2134 1503 1527
1504 2135 1504 1528
1505 2136 1505 1530
1506 2137 1506 1531
1507 2138 1507 1532
1509 2139 1509 1534
1510 2140 1510 1535
1511 2141 1511 1536
1512 2142 1512 1538
1513 2143 1513 1539
1514 2144 1514 1540
1515 2145 1515 1542
1516 2146 1516 1543
1517 2147 1517 1544
1518 2148 1518 1546
1519 2149 1519 1547
1520 2151 1520 1550
1521 2152 1521 1551
1522 2153 1522 1552
1523 2154 1523 1554
1524 2155 1524 1555
1525 2156 1525 1556
1526 2157 1526 1558
1527 2158 1527 1559
1528 2159 1528 1560
1529 2160 1529 1562
1530 2161 1530 1563
1531 2162 1531 1564
1532 2163 1532 1566
1533 2164 1533 1567
1534 2165 1534 1568
1535 2166 1535 1570
1536 2167 1536 1571
1537 2168 1537 1572
1538 2169 1538 1574
1539 2170 1539 1575
1540 2171 1540 1576
1541 2172 1541 1578
1542 2173 1542 1579
1543 2175 1543 1582
1544 2176 1544 1583
1545 2177 1545 1585
1546 2178 1546 1586
1547 2179 1547 1587
1548 2180 1548 1589
1549 2181 1549 1590
1550 2182 1550 1591
1552 2183 1552 1593
1553 2184 1553 1594
1554 2185 1554 1595
1555 2186 1555 1597
1556 2187 1556 1598
1557 2188 1557 1599
1558 2189 1558 1601
1559 2190 1559 1602
1560 2191 1560 1604
1561 2192 1561 1605
1562 2193 1562 1606
1563 2194 1563 1608
1564 2195 1564 1609
1565 2196 1565 1610
1566 2197 1566 1612
1567 2198 1567 1613
1568 2199 1568 1614
1569 2200 1569 1616
1570 2201 1570 1617
1571 2202 1571 1619
1572 2203 1572 1620
1573 2204 1573 1621
1574 2205 1574 1623
1575 2206 1575 1624
1576 2207 1576 1625
1577 2208 1577 1627
1578 2209 1578 1628
1579 2210 1579 1630
1580 2211 1580 1631
1581 2212 1581 1632
1582 2213 1582 1634
1583 2214 1583 1635
1584 2215 1584 1636
1585 2216 1585 1638
1586 2217 1586 1639
1587 2218 1587 1641
1588 2219 1588 1642
1589 2220 1589 1643
1590 2221 1590 1645
1591 2222 1591 1646
1592 2223 1592 1647
1593 2224 1593 1649
1595 2225 1595 1650
1596 2226 1596 1652
1597 2227 1597 1653
1598 2228 1598 1654
1599 2229 1599 1656
1600 2230 1600 1657
1601 2231 1601 1659
1602 2232 1602 1660
1603 2233 1603 1661
1604 2234 1604 1663
1605 2235 1605 1664
1606 2236 1606 1666
1607 2237 1607 1667
1608 2238 1608 1668
1609 2239 1609 1670
1610 2240 1610 1671
1611 2241 1611 1673
1612 2242 1612 1674
1613 2243 1613 1675
1614 2244 1614 1677
1615 2245 1615 1678
1616 2246 1616 1680
1617 2247 1617 1681
1618 2248 1618 1682
1619 2249 1619 1684
1620 2250 1620 1685
1621 2251 1621 1687
1622 2252 1622 1688
1623 2253 1623 1689
1624 2254 1624 1691
1625 2255 1625 1692
1626 2256 1626 1694
1627 2257 1627 1695
1628 2258 1628 1696
1629 2259 1629 1698
1630 2260 1630 1699
1631 2261 1631 1701
1632 2262 1632 1702
1633 2263 1633 1703
1634 2264 1634 1705
1635 2265 1635 1706
1636 2266 1636 1708
1637 2267 1637 1709
1639 2268 1639 1711
1640 2269 1640 1712
1641 2270 1641 1713
1642 2271 1642 1715
1643 2272 1643 1716
1644 2273 1644 1718
1645 2274 1645 1719
1646 2275 1646 1720
1647 2276 1647 1722
1648 2277 1648 1723
1649 2278 1649 1725
1650 2279 1650 1726
1651 2279 1651 1726
1652 2280 1652 1728
1653 2281 1653 1729
1654 2282 1654 1730
1655 2283 1655 1732
1656 2284 1656 1733
1657 2285 1657 1735
1658 2286 1658 1736
1659 2287 1659 1738
1660 2288 1660 1739
1661 2289 1661 1740
1662 2290 1662 1742
1663 2291 1663 1743
1664 2292 1664 1745
1665 2293 1665 1746
1666 2294 1666 1748
1667 2295 1667 1749
1668 2296 1668 1751
1669 2297 1669 1752
1670 2298 1670 1753
1671 2299 1671 1755
1672 2300 1672 1756
1673 2301 1673 1758
1674 2302 1674 1759
1675 2302 1675 1759
1676 2303 1676 1761
1677 2304 1677 1762
1678 2305 1678 1764
1679 2306 1679 1765
1680 2307 1680 1766
1682 2308 1682 1768
1683 2309 1683 1769
1684 2310 1684 1771
1685 2311 1685 1772
1686 2312 1686 1774
1687 2313 1687 1775
1688 2314 1688 1777
1689 2315 1689 1778
1690 2316 1690 1779
1691 2317 1691 1781
1692 2318 1692 1782
1693 2318 1693 1782
1694 2319 1694 1784
1695 2320 1695 1785
1696 2321 1696 1787
1697 2322 1697 1788
1698 2323 1698 1790
1699 2324 1699 1791
1700 2325 1700 1793
1701 2326 1701 1794
1702 2327 1702 1796
1703 2328 1703 1797
1704 2329 1704 1798
1705 2330 1705 1800
1706 2331 1706 1801
1707 2332 1707 1803
1708 2332 1708 1803
1709 2333 1709 1804
1710 2334 1710 1806
1711 2335 1711 1807
1712 2336 1712 1809
1713 2337 1713 1810
1714 2338 1714 1812
1715 2339 1715 1813
1716 2340 1716 1815
1717 2341 1717 1816
1718 2342 1718 1818
1719 2343 1719 1819
1720 2344 1720 1820
1721 2344 1721 1820
1722 2345 1722 1822
1723 2346 1723 1823
1725 2347 1725 1825
1726 2348 1726 1826
1727 2349 1727 1828
1728 2350 1728 1829
1729 2351 1729 1831
1730 2352 1730 1832
1731 2353 1731 1834
1732 2354 1732 1835
1733 2355 1733 1837
1734 2355 1734 1837
1735 2356 1735 1838
1736 2357 1736 1840
1737 2358 1737 1841
1738 2359 1738 1843
1739 2360 1739 1844
1740 2361 1740 1846
1741 2362 1741 1847
1742 2363 1742 1849
1743 2364 1743 1850
1744 2365 1744 1852
1745 2365 1745 1852
1746 2366 1746 1853
1747 2367 1747 1855
1748 2368 1748 1856
1749 2369 1749 1858
1750 2370 1750 1859
1751 2371 1751 1861
1752 2372 1752 1862
1753 2373 1753 1864
1754 2374 1754 1865
1755 2374 1755 1865
1756 2375 1756 1867
1757 2376 1757 1868
1758 2377 1758 1870
1759 2378 1759 1871
1760 2379 1760 1873
1761 2380 1761 1874
1762 2381 1762 1876
1763 2382 1763 1877
1764 2382 1764 1877
1765 2383 1765 1879
1766 2384 1766 1880
1768 2385 1768 1882
1769 2386 1769 1883
1770 2387 1770 1885
1771 2388 1771 1886
1772 2389 1772 1888
1773 2390 1773 1889
1774 2390 1774 1889
1775 2391 1775 1891
1776 2392 1776 1892
1777 2393 1777 1894
1778 2394 1778 1895
1779 2395 1779 1897
1780 2396 1780 1898
1781 2397 1781 1900
1782 2398 1782 1901
1783 2398 1783 1901
1784 2399 1784 1903
1785 2400 1785 1904
1786 2401 1786 1906
1787 2402 1787 1907
1788 2403 1788 1909
1789 2404 1789 1910
1790 2405 1790 1912
1791 2405 1791 1912
1792 2406 1792 1913
1793 2407 1793 1915
1794 2408 1794 1916
1795 2409 1795 1918
1796 2410 1796 1919
1797 2411 1797 1921
1798 2412 1798 1922
1799 2412 1799 1922
1800 2413 1800 1924
1801 2414 1801 1925
1802 2415 1802 1927
1803 2416 1803 1929
1804 2417 1804 1930
1805 2418 1805 1932
1806 2418 1806 1932
1807 2419 1807 1933
1808 2420 1808 1935
1809 2421 1809 1936
1811 2422 1811 1938
1812 2423 1812 1939
1813 2424 1813 1941
1814 2424 1814 1941
1815 2425 1815 1942
1816 2426 1816 1944
1817 2427 1817 1945
1818 2428 1818 1947
1819 2429 1819 1948
1820 2430 1820 1950
1821 2430 1821 1950
1822 2431 1822 1952
1823 2432 1823 1953
1824 2433 1824 1955
1825 2434 1825 1956
1826 2435 1826 1958
1827 2436 1827 1959
1828 2436 1828 1959
1829 2437 1829 1961
1830 2438 1830 1962
1831 2439 1831 1964
1832 2440 1832 1965
1833 2441 1833 1967
1834 2442 1834 1969
1835 2442 1835 1969
1836 2443 1836 1970
1837 2444 1837 1972
1838 2445 1838 1973
1839 2446 1839 1975
1840 2447 1840 1976
1841 2447 1841 1976
1842 2448 1842 1978
1843 2449 1843 1979
1844 2450 1844 1981
1845 2451 1845 1982
1846 2452 1846 1984
1847 2452 1847 1984
1848 2453 1848 1986
1849 2454 1849 1987
1850 2455 1850 1989
1851 2456 1851 1990
1852 2457 1852 1992
1854 2458 1854 1993
1855 2458 1855 1993
1856 2459 1856 1995
1857 2460 1857 1996
1858 2461 1858 1998
1859 2462 1859 2000
1860 2462 1860 2000
1861 2463 1861 2001
1862 2464 1862 2003
1863 2465 1863 2004
1864 2466 1864 2006
1865 2467 1865 2007
1866 2467 1866 2007
1867 2468 1867 2009
1868 2469 1868 2011
1869 2470 1869 2012
1870 2471 1870 2014
1871 2472 1871 2015
1872 2472 1872 2015
1873 2473 1873 2017
1874 2474 1874 2018
1875 2475 1875 2020
1876 2476 1876 2022
1877 2477 1877 2023
1878 2477 1878 2023
1879 2478 1879 2025
1880 2479 1880 2026
1881 2480 1881 2028
1882 2481 1882 2029
1883 2481 1883 2029
1884 2482 1884 2031
1885 2483 1885 2033
1886 2484 1886 2034
1887 2485 1887 2036
1888 2485 1888 2036
1889 2486 1889 2037
1890 2487 1890 2039
1891 2488 1891 2040
1892 2489 1892 2042
1893 2490 1893 2044
1894 2490 1894 2044
1895 2491 1895 2045
1897 2492 1897 2047
1898 2493 1898 2048
1899 2494 1899 2050
1900 2494 1900 2050
1901 2495 1901 2052
1902 2496 1902 2053
1903 2497 1903 2055
1904 2498 1904 2056
1905 2498 1905 2056
1906 2499 1906 2058
1907 2500 1907 2060
1908 2501 1908 2061
1909 2502 1909 2063
1910 2502 1910 2063
1911 2503 1911 2064
1912 2504 1912 2066
1913 2505 1913 2067
1914 2506 1914 2069
1915 2506 1915 2069
1916 2507 1916 2071
1917 2508 1917 2072
1918 2509 1918 2074
1919 2510 1919 2075
1920 2510 1920 2075
1921 2511 1921 2077
1922 2512 1922 2079
1923 2513 1923 2080
1924 2514 1924 2082
1925 2514 1925 2082
1926 2515 1926 2083
1927 2516 1927 2085
1928 2517 1928 2087
1929 2517 1929 2087
1930 2518 1930 2088
1931 2519 1931 2090
1932 2520 1932 2091
1933 2521 1933 2093
1934 2521 1934 2093
1935 2522 1935 2095
1936 2523 1936 2096
1937 2524 1937 2098
1938 2525 1938 2099
1940 2525 1940 2099
1941 2526 1941 2101
1942 2527 1942 2103
1943 2528 1943 2104
1944 2528 1944 2104
1945 2529 1945 2106
1946 2530 1946 2108
1947 2531 1947 2109
1948 2532 1948 2111
1949 2532 1949 2111
1950 2533 1950 2112
1951 2534 1951 2114
1952 2535 1952 2116
1953 2535 1953 2116
1954 2536 1954 2117
1955 2537 1955 2119
1956 2538 1956 2120
1957 2539 1957 2122
1958 2539 1958 2122
1959 2540 1959 2124
1960 2541 1960 2125
1961 2542 1961 2127
1962 2542 1962 2127
1963 2543 1963 2129
1964 2544 1964 2130
1965 2545 1965 2132
1966 2545 1966 2132
1967 2546 1967 2133
1968 2547 1968 2135
1969 2548 1969 2137
1970 2548 1970 2137
1971 2549 1971 2138
1972 2550 1972 2140
1973 2551 1973 2142
1974 2552 1974 2143
1975 2552 1975 2143
1976 2553 1976 2145
1977 2554 1977 2146
1978 2555 1978 2148
1979 2555 1979 2148
1980 2556 1980 2150
1981 2557 1981 2151
1983 2558 1983 2153
1984 2558 1984 2153
1985 2559 1985 2155
1986 2560 1986 2156
1987 2561 1987 2158
1988 2561 1988 2158
1989 2562 1989 2160
1990 2563 1990 2161
1991 2564 1991 2163
1992 2564 1992 2163
1993 2565 1993 2164
1994 2566 1994 2166
1995 2567 1995 2168
1996 2567 1996 2168
1997 2568 1997 2169
1998 2569 1998 2171
1999 2570 1999 2173
2000 2570 2000 2173
2001 2571 2001 2174
2002 2572 2002 2176
2003 2573 2003 2178
2004 2573 2004 2178
2005 2574 2005 2179
2006 2575 2006 2181
2007 2576 2007 2182
2008 2576 2008 2182
2009 2577 2009 2184
2010 2578 2010 2186
2011 2578 2011 2186
2012 2579 2012 2187
2013 2580 2013 2189
2014 2581 2014 2191
2015 2581 2015 2191
2016 2582 2016 2192
2017 2583 2017 2194
2018 2584 2018 2196
2019 2584 2019 2196
2020 2585 2020 2197
2021 2586 2021 2199
2022 2587 2022 2201
2023 2587 2023 2201
2024 2588 2024 2202
2026 2589 2026 2204
2027 2589 2027 2204
2028 2590 2028 2206
2029 2591 2029 2207
2030 2592 2030 2209
2031 2592 2031 2209
2032 2593 2032 2211
2033 2594 2033 2212
2034 2595 2034 2214
2035 2595 2035 2214
2036 2596 2036 2216
2037 2597 2037 2217
2038 2597 2038 2217
2039 2598 2039 2219
2040 2599 2040 2221
2041 2600 2041 2222
2042 2600 2042 2222
2043 2601 2043 2224
2044 2602 2044 2226
2045 2602 2045 2226
2046 2603 2046 2227
2047 2604 2047 2229
2048 2605 2048 2231
2049 2605 2049 2231
2050 2606 2050 2232
2051 2607 2051 2234
2052 2608 2052 2236
2053 2608 2053 2236
2054 2609 2054 2237
2055 2610 2055 2239
2056 2610 2056 2239
2057 2611 2057 2241
2058 2612 2058 2242
2059 2612 2059 2242
2060 2613 2060 2244
2061 2614 2061 2246
2062 2615 2062 2247
2063 2615 2063 2247
2064 2616 2064 2249
2065 2617 2065 2251
2066 2617 2066 2251
2067 2618 2067 2252
2068 2619 2068 2254
2070 2620 2070 2256
2071 2620 2071 2256
2072 2621 2072 2257
2073 2622 2073 2259
2074 2622 2074 2259
2075 2623 2075 2261
2076 2624 2076 2262
2077 2624 2077 2262
2078 2625 2078 2264
2079 2626 2079 2266
2080 2627 2080 2267
2081 2627 2081 2267
2082 2628 2082 2269
2083 2629 2083 2271
2084 2629 2084 2271
2085 2630 2085 2272
2086 2631 2086 2274
2087 2631 2087 2274
2088 2632 2088 2276
2089 2633 2089 2278
2090 2634 2090 2279
2091 2634 2091 2279
2092 2635 2092 2281
2093 2636 2093 2283
2094 2636 2094 2283
2095 2637 2095 2284
2096 2638 2096 2286
2097 2638 2097 2286
2098 2639 2098 2288
2099 2640 2099 2289
2100 2640 2100 2289
2101 2641 2101 2291
2102 2642 2102 2293
2103 2642 2103 2293
2104 2643 2104 2294
2105 2644 2105 2296
2106 2645 2106 2298
2107 2645 2107 2298
2108 2646 2108 2300
2109 2647 2109 2301
2110 2647 2110 2301
2111 2648 2111 2303
2113 2649 2113 2305
2114 2649 2114 2305
2115 2650 2115 2306
2116 2651 2116 2308
2117 2651 2117 2308
2118 2652 2118 2310
2119 2653 2119 2311
2120 2653 2120 2311
2121 2654 2121 2313
2122 2655 2122 2315
2123 2655 2123 2315
2124 2656 2124 2317
2125 2657 2125 2318
2126 2657 2126 2318
2127 2658 2127 2320
2128 2659 2128 2322
2129 2659 2129 2322
2130 2660 2130 2323
2131 2661 2131 2325
2132 2661 2132 2325
2133 2662 2133 2327
2134 2663 2134 2329
2135 2663 2135 2329
2136 2664 2136 2330
2137 2665 2137 2332
2138 2665 2138 2332
2139 2666 2139 2334
2140 2667 2140 2335
2141 2667 2141 2335
2142 2668 2142 2337
2143 2669 2143 2339
2144 2669 2144 2339
2145 2670 2145 2340
2146 2671 2146 2342
2147 2671 2147 2342
2148 2672 2148 2344
2149 2673 2149 2346
2150 2673 2150 2346
2151 2674 2151 2347
2152 2675 2152 2349
2153 2675 2153 2349
2154 2676 2154 2351
2156 2677 2156 2353
2157 2677 2157 2353
2158 2678 2158 2354
2159 2679 2159 2356
2160 2679 2160 2356
2161 2680 2161 2358
2162 2681 2162 2359
2163 2681 2163 2359
2164 2682 2164 2361
2165 2683 2165 2363
2166 2683 2166 2363
2167 2684 2167 2365
2168 2684 2168 2365
2169 2685 2169 2366
2170 2686 2170 2368
2171 2686 2171 2368
2172 2687 2172 2370
2173 2688 2173 2371
2174 2688 2174 2371
2175 2689 2175 2373
2176 2690 2176 2375
2177 2690 2177 2375
2178 2691 2178 2377
2179 2692 2179 2378
2180 2692 2180 2378
2181 2693 2181 2380
2182 2693 2182 2380
2183 2694 2183 2382
2184 2695 2184 2384
2185 2695 2185 2384
2186 2696 2186 2385
2187 2697 2187 2387
2188 2697 2188 2387
2189 2698 2189 2389
2190 2699 2190 2391
2191 2699 2191 2391
2192 2700 2192 2392
2193 2701 2193 2394
2194 2701 2194 2394
2195 2702 2195 2396
2196 2702 2196 2396
2197 2703 2197 2398
2199 2704 2199 2399
2200 2704 2200 2399
2201 2705 2201 2401
2202 2706 2202 2403
2203 2706 2203 2403
2204 2707 2204 2404
2205 2707 2205 2404
2206 2708 2206 2406
2207 2709 2207 2408
2208 2709 2208 2408
2209 2710 2209 2410
2210 2711 2210 2411
2211 2711 2211 2411
2212 2712 2212 2413
2213 2712 2213 2413
2214 2713 2214 2415
2215 2714 2215 2417
2216 2714 2216 2417
2217 2715 2217 2418
2218 2716 2218 2420
2219 2716 2219 2420
2220 2717 2220 2422
2221 2717 2221 2422
2222 2718 2222 2424
2223 2719 2223 2425
2224 2719 2224 2425
2225 2720 2225 2427
2226 2721 2226 2429
2227 2721 2227 2429
2228 2722 2228 2431
2229 2722 2229 2431
2230 2723 2230 2432
2231 2724 2231 2434
2232 2724 2232 2434
2233 2725 2233 2436
2234 2725 2234 2436
2235 2726 2235 2438
2236 2727 2236 2439
2237 2727 2237 2439
2238 2728 2238 2441
2239 2729 2239 2443
2240 2729 2240 2443
2242 2730 2242 2445
2243 2730 2243 2445
2244 2731 2244 2447
2245 2732 2245 2448
2246 2732 2246 2448
2247 2733 2247 2450
2248 2733 2248 2450
2249 2734 2249 2452
2250 2735 2250 2454
2251 2735 2251 2454
2252 2736 2252 2455
2253 2736 2253 2455
2254 2737 2254 2457
2255 2738 2255 2459
2256 2738 2256 2459
2257 2739 2257 2461
2258 2739 2258 2461
2259 2740 2259 2462
2260 2741 2260 2464
2261 2741 2261 2464
2262 2742 2262 2466
2263 2742 2263 2466
2264 2743 2264 2468
2265 2744 2265 2469
2266 2744 2266 2469
2267 2745 2267 2471
2268 2745 2268 2471
2269 2746 2269 2473
2270 2747 2270 2475
2271 2747 2271 2475
2272 2748 2272 2477
2273 2748 2273 2477
2274 2749 2274 2478
2275 2750 2275 2480
2276 2750 2276 2480
2277 2751 2277 2482
2278 2751 2278 2482
2279 2752 2279 2484
2280 2753 2280 2485
2281 2753 2281 2485
2282 2754 2282 2487
2283 2754 2283 2487
2285 2755 2285 2489
2286 2756 2286 2491
2287 2756 2287 2491
2288 2757 2288 2493
2289 2757 2289 2493
2290 2758 2290 2494
2291 2758 2291 2494
2292 2759 2292 2496
2293 2760 2293 2498
2294 2760 2294 2498
2295 2761 2295 2500
2296 2761 2296 2500
2297 2762 2297 2501
2298 2763 2298 2503
2299 2763 2299 2503
2300 2764 2300 2505
2301 2764 2301 2505
2302 2765 2302 2507
2303 2765 2303 2507
2304 2766 2304 2509
2305 2767 2305 2510
2306 2767 2306 2510
2307 2768 2307 2512
2308 2768 2308 2512
2309 2769 2309 2514
2310 2769 2310 2514
2311 2770 2311 2516
2312 2771 2312 2518
2313 2771 2313 2518
2314 2772 2314 2519
2315 2772 2315 2519
2316 2773 2316 2521
2317 2773 2317 2521
2318 2774 2318 2523
2319 2775 2319 2525
2320 2775 2320 2525
2321 2776 2321 2527
2322 2776 2322 2527
2323 2777 2323 2528
2324 2777 2324 2528
2325 2778 2325 2530
2326 2779 2326 2532
2328 2779 2328 2532
2329 2780 2329 2534
2330 2780 2330 2534
2331 2781 2331 2536
2332 2781 2332 2536
2333 2782 2333 2537
2334 2783 2334 2539
2335 2783 2335 2539
2336 2784 2336 2541
2337 2784 2337 2541
2338 2785 2338 2543
2339 2785 2339 2543
2340 2786 2340 2545
2341 2787 2341 2546
2342 2787 2342 2546
2343 2788 2343 2548
2344 2788 2344 2548
2345 2789 2345 2550
2346 2789 2346 2550
2347 2790 2347 2552
2348 2790 2348 2552
2349 2791 2349 2554
2350 2792 2350 2555
2351 2792 2351 2555
2352 2793 2352 2557
2353 2793 2353 2557
2354 2794 2354 2559
2355 2794 2355 2559
2356 2795 2356 2561
2357 2795 2357 2561
2358 2796 2358 2563
2359 2797 2359 2564
2360 2797 2360 2564
2361 2798 2361 2566
2362 2798 2362 2566
2363 2799 2363 2568
2364 2799 2364 2568
2365 2800 2365 2570
2366 2800 2366 2570
2367 2801 2367 2572
2368 2801 2368 2572
2369 2802 2369 2573
2371 2803 2371 2575
2372 2803 2372 2575
2373 2804 2373 2577
2374 2804 2374 2577
2375 2805 2375 2579
2376 2805 2376 2579
2377 2806 2377 2581
2378 2806 2378 2581
2379 2807 2379 2583
2380 2808 2380 2584
2381 2808 2381 2584
2382 2809 2382 2586
2383 2809 2383 2586
2384 2810 2384 2588
2385 2810 2385 2588
2386 2811 2386 2590
2387 2811 2387 2590
2388 2812 2388 2592
2389 2812 2389 2592
2390 2813 2390 2593
2391 2813 2391 2593
2392 2814 2392 2595
2393 2815 2393 2597
2394 2815 2394 2597
2395 2816 2395 2599
2396 2816 2396 2599
2397 2817 2397 2601
2398 2817 2398 2601
2399 2818 2399 2603
2400 2818 2400 2603
2401 2819 2401 2604
2402 2819 2402 2604
2403 2820 2403 2606
2404 2820 2404 2606
2405 2821 2405 2608
2406 2821 2406 2608
2407 2822 2407 2610
2408 2823 2408 2612
2409 2823 2409 2612
2410 2824 2410 2614
2411 2824 2411 2614
2412 2825 2412 2615
2414 2825 2414 2615
2415 2826 2415 2617
2416 2826 2416 2617
2417 2827 2417 2619
2418 2827 2418 2619
2419 2828 2419 2621
2420 2828 2420 2621
2421 2829 2421 2623
2422 2829 2422 2623
2423 2830 2423 2624
2424 2830 2424 2624
2425 2831 2425 2626
2426 2831 2426 2626
2427 2832 2427 2628
2428 2833 2428 2630
2429 2833 2429 2630
2430 2834 2430 2632
2431 2834 2431 2632
2432 2835 2432 2634
2433 2835 2433 2634
2434 2836 2434 2636
2435 2836 2435 2636
2436 2837 2436 2637
2437 2837 2437 2637
2438 2838 2438 2639
2439 2838 2439 2639
2440 2839 2440 2641
2441 2839 2441 2641
2442 2840 2442 2643
2443 2840 2443 2643
2444 2841 2444 2645
2445 2841 2445 2645
2446 2842 2446 2647
2447 2842 2447 2647
2448 2843 2448 2648
2449 2843 2449 2648
2450 2844 2450 2650
2451 2844 2451 2650
2452 2845 2452 2652
2453 2845 2453 2652
2454 2846 2454 2654
2455 2846 2455 2654
2457 2847 2457 2656
2458 2847 2458 2656
2459 2848 2459 2658
2460 2849 2460 2659
2461 2849 2461 2659
2462 2850 2462 2661
2463 2850 2463 2661
2464 2851 2464 2663
2465 2851 2465 2663
2466 2852 2466 2665
2467 2852 2467 2665
2468 2853 2468 2667
2469 2853 2469 2667
2470 2854 2470 2669
2471 2854 2471 2669
2472 2855 2472 2671
2473 2855 2473 2671
2474 2856 2474 2672
2475 2856 2475 2672
2476 2857 2476 2674
2477 2857 2477 2674
2478 2858 2478 2676
2479 2858 2479 2676
2480 2859 2480 2678
2481 2859 2481 2678
2482 2860 2482 2680
2483 2860 2483 2680
2484 2861 2484 2682
2485 2861 2485 2682
2486 2862 2486 2684
2487 2862 2487 2684
2488 2863 2488 2685
2489 2863 2489 2685
2490 2864 2490 2687
2491 2864 2491 2687
2492 2865 2492 2689
2493 2865 2493 2689
2494 2866 2494 2691
2495 2866 2495 2691
2496 2867 2496 2693
2497 2867 2497 2693
2498 2868 2498 2695
2499 2868 2499 2695
2501 2869 2501 2697
2502 2869 2502 2697
2503 2870 2503 2698
2504 2870 2504 2698
2505 2870 2505 2698
2506 2871 2506 2700
2507 2871 2507 2700
2508 2872 2508 2702
2509 2872 2509 2702
2510 2873 2510 2704
2511 2873 2511 2704
2512 2874 2512 2706
2513 2874 2513 2706
2514 2875 2514 2708
2515 2875 2515 2708
2516 2876 2516 2710
2517 2876 2517 2710
2518 2877 2518 2712
2519 2877 2519 2712
2520 2878 2520 2713
2521 2878 2521 2713
2522 2879 2522 2715
2523 2879 2523 2715
2524 2880 2524 2717
2525 2880 2525 2717
2526 2881 2526 2719
2527 2881 2527 2719
2528 2882 2528 2721
2529 2882 2529 2721
2530 2883 2530 2723
2531 2883 2531 2723
2532 2884 2532 2725
2533 2884 2533 2725
2534 2885 2534 2726
2535 2885 2535 2726
2536 2886 2536 2728
2537 2886 2537 2728
2538 2886 2538 2728
2539 2887 2539 2730
2540 2887 2540 2730
2541 2888 2541 2732
2542 2888 2542 2732
2544 2889 2544 2734
2545 2889 2545 2734
2546 2890 2546 2736
2547 2890 2547 2736
2548 2891 2548 2738
2549 2891 2549 2738
2550 2892 2550 2740
2551 2892 2551 2740
2552 2893 2552 2742
2553 2893 2553 2742
2554 2894 2554 2743
2555 2894 2555 2743
2556 2895 2556 2745
2557 2895 2557 2745
2558 2895 2558 2745
2559 2896 2559 2747
2560 2896 2560 2747
2561 2897 2561 2749
2562 2897 2562 2749
2563 2898 2563 2751
2564 2898 2564 2751
2565 2899 2565 2753
2566 2899 2566 2753
2567 2900 2567 2755
2568 2900 2568 2755
2569 2901 2569 2757
2570 2901 2570 2757
2571 2902 2571 2758
2572 2902 2572 2758
2573 2902 2573 2758
2574 2903 2574 2760
2575 2903 2575 2760
2576 2904 2576 2762
2577 2904 2577 2762
2578 2905 2578 2764
2579 2905 2579 2764
2580 2906 2580 2766
2581 2906 2581 2766
2582 2907 2582 2768
2583 2907 2583 2768
2584 2908 2584 2770
2585 2908 2585 2770
2587 2909 2587 2772
2588 2909 2588 2772
2589 2909 2589 2772
2590 2910 2590 2774
2591 2910 2591 2774
2592 2911 2592 2775
2593 2911 2593 2775
2594 2912 2594 2777
2595 2912 2595 2777
2596 2913 2596 2779
2597 2913 2597 2779
2598 2914 2598 2781
2599 2914 2599 2781
2600 2914 2600 2781
2601 2915 2601 2783
2602 2915 2602 2783
2603 2916 2603 2785
2604 2916 2604 2785
2605 2917 2605 2787
2606 2917 2606 2787
2607 2918 2607 2789
2608 2918 2608 2789
2609 2919 2609 2791
2610 2919 2610 2791
2611 2919 2611 2791
2612 2920 2612 2793
2613 2920 2613 2793
2614 2921 2614 2794
2615 2921 2615 2794
2616 2922 2616 2796
2617 2922 2617 2796
2618 2923 2618 2798
2619 2923 2619 2798
2620 2924 2620 2800
2621 2924 2621 2800
2622 2924 2622 2800
2623 2925 2623 2802
2624 2925 2624 2802
2625 2926 2625 2804
2626 2926 2626 2804
2627 2927 2627 2806
2628 2927 2628 2806
2630 2928 2630 2808
2631 2928 2631 2808
2632 2928 2632 2808
2633 2929 2633 2810
2634 2929 2634 2810
2635 2930 2635 2812
2636 2930 2636 2812
2637 2931 2637 2814
2638 2931 2638 2814
2639 2932 2639 2815
2640 2932 2640 2815
2641 2932 2641 2815
2642 2933 2642 2817
2643 2933 2643 2817
2644 2934 2644 2819
2645 2934 2645 2819
2646 2935 2646 2821
2647 2935 2647 2821
2648 2936 2648 2823
2649 2936 2649 2823
2650 2936 2650 2823
2651 2937 2651 2825
2652 2937 2652 2825
2653 2938 2653 2827
2654 2938 2654 2827
2655 2939 2655 2829
2656 2939 2656 2829
2657 2939 2657 2829
2658 2940 2658 2831
2659 2940 2659 2831
2660 2941 2660 2833
2661 2941 2661 2833
2662 2942 2662 2835
2663 2942 2663 2835
2664 2943 2664 2836
2665 2943 2665 2836
2666 2943 2666 2836
2667 2944 2667 2838
2668 2944 2668 2838
2669 2945 2669 2840
2670 2945 2670 2840
2671 2946 2671 2842
2673 2946 2673 2842
2674 2946 2674 2842
2675 2947 2675 2844
2676 2947 2676 2844
2677 2948 2677 2846
2678 2948 2678 2846
2679 2949 2679 2848
2680 2949 2680 2848
2681 2949 2681 2848
2682 2950 2682 2850
2683 2950 2683 2850
2684 2951 2684 2852
2685 2951 2685 2852
2686 2952 2686 2854
2687 2952 2687 2854
2688 2952 2688 2854
2689 2953 2689 2856
2690 2953 2690 2856
2691 2954 2691 2858
2692 2954 2692 2858
2693 2955 2693 2860
2694 2955 2694 2860
2695 2955 2695 2860
2696 2956 2696 2861
2697 2956 2697 2861
2698 2957 2698 2863
2699 2957 2699 2863
2700 2958 2700 2865
2701 2958 2701 2865
2702 2958 2702 2865
2703 2959 2703 2867
2704 2959 2704 2867
2705 2960 2705 2869
2706 2960 2706 2869
2707 2961 2707 2871
2708 2961 2708 2871
2709 2961 2709 2871
2710 2962 2710 2873
2711 2962 2711 2873
2712 2963 2712 2875
2713 2963 2713 2875
2714 2964 2714 2877
2716 2964 2716 2877
2717 2964 2717 2877
2718 2965 2718 2879
2719 2965 2719 2879
2720 2966 2720 2881
2721 2966 2721 2881
2722 2966 2722 2881
2723 2967 2723 2883
2724 2967 2724 2883
2725 2968 2725 2885
2726 2968 2726 2885
2727 2969 2727 2887
2728 2969 2728 2887
2729 2969 2729 2887
2730 2970 2730 2889
2731 2970 2731 2889
2732 2971 2732 2890
2733 2971 2733 2890
2734 2971 2734 2890
2735 2972 2735 2892
2736 2972 2736 2892
2737 2973 2737 2894
2738 2973 2738 2894
2739 2974 2739 2896
2740 2974 2740 2896
2741 2974 2741 2896
2742 2975 2742 2898
2743 2975 2743 2898
2744 2976 2744 2900
2745 2976 2745 2900
2746 2976 2746 2900
2747 2977 2747 2902
2748 2977 2748 2902
2749 2978 2749 2904
2750 2978 2750 2904
2751 2978 2751 2904
2752 2979 2752 2906
2753 2979 2753 2906
2754 2980 2754 2908
2755 2980 2755 2908
2756 2981 2756 2910
2757 2981 2757 2910
2759 2981 2759 2910
2760 2982 2760 2912
2761 2982 2761 2912
2762 2983 2762 2914
2763 2983 2763 2914
2764 2983 2764 2914
2765 2984 2765 2916
2766 2984 2766 2916
2767 2985 2767 2918
2768 2985 2768 2918
2769 2985 2769 2918
2770 2986 2770 2920
2771 2986 2771 2920
2772 2987 2772 2922
2773 2987 2773 2922
2774 2987 2774 2922
2775 2988 2775 2924
2776 2988 2776 2924
2777 2989 2777 2925
2778 2989 2778 2925
2779 2990 2779 2927
2780 2990 2780 2927
2781 2990 2781 2927
2782 2991 2782 2929
2783 2991 2783 2929
2784 2992 2784 2931
2785 2992 2785 2931
2786 2992 2786 2931
2787 2993 2787 2933
2788 2993 2788 2933
2789 2994 2789 2935
2790 2994 2790 2935
2791 2994 2791 2935
2792 2995 2792 2937
2793 2995 2793 2937
2794 2996 2794 2939
2795 2996 2795 2939
2796 2996 2796 2939
2797 2997 2797 2941
2798 2997 2798 2941
2799 2998 2799 2943
2800 2998 2800 2943
2802 2998 2802 2943
2803 2999 2803 2945
2804 2999 2804 2945
2805 3000 2805 2947
2806 3000 2806 2947
2807 3000 2807 2947
2808 3001 2808 2949
2809 3001 2809 2949
2810 3002 2810 2951
2811 3002 2811 2951
2812 3002 2812 2951
2813 3003 2813 2953
2814 3003 2814 2953
2815 3004 2815 2955
2816 3004 2816 2955
2817 3004 2817 2955
2818 3005 2818 2957
2819 3005 2819 2957
2820 3006 2820 2959
2821 3006 2821 2959
2822 3006 2822 2959
2823 3007 2823 2961
2824 3007 2824 2961
2825 3008 2825 2963
2826 3008 2826 2963
2827 3008 2827 2963
2828 3009 2828 2965
2829 3009 2829 2965
2830 3009 2830 2965
2831 3010 2831 2967
2832 3010 2832 2967
2833 3011 2833 2969
2834 3011 2834 2969
2835 3011 2835 2969
2836 3012 2836 2971
2837 3012 2837 2971
2838 3013 2838 2973
2839 3013 2839 2973
2840 3013 2840 2973
2841 3014 2841 2975
2842 3014 2842 2975
2843 3015 2843 2976
2845 3015 2845 2976
2846 3015 2846 2976
2847 3016 2847 2978
2848 3016 2848 2978
2849 3017 2849 2980
2850 3017 2850 2980
2851 3017 2851 2980
2852 3018 2852 2982
2853 3018 2853 2982
2854 3018 2854 2982
2855 3019 2855 2984
2856 3019 2856 2984
2857 3020 2857 2986
2858 3020 2858 2986
2859 3020 2859 2986
2860 3021 2860 2988
2861 3021 2861 2988
2862 3022 2862 2990
2863 3022 2863 2990
2864 3022 2864 2990
2865 3023 2865 2992
2866 3023 2866 2992
2867 3024 2867 2994
2868 3024 2868 2994
2869 3024 2869 2994
2870 3025 2870 2996
2871 3025 2871 2996
2872 3025 2872 2996
2873 3026 2873 2998
2874 3026 2874 2998
2875 3027 2875 3000
2876 3027 2876 3000
2877 3027 2877 3000
2878 3028 2878 3002
2879 3028 2879 3002
2880 3029 2880 3004
2881 3029 2881 3004
2882 3029 2882 3004
2883 3030 2883 3006
2884 3030 2884 3006
2885 3030 2885 3006
2886 3031 2886 3008
2887 3031 2887 3008
2889 3032 2889 3010
2890 3032 2890 3010
2891 3032 2891 3010
2892 3033 2892 3012
2893 3033 2893 3012
2894 3034 2894 3014
2895 3034 2895 3014
2896 3034 2896 3014
2897 3035 2897 3016
2898 3035 2898 3016
2899 3035 2899 3016
2900 3036 2900 3018
2901 3036 2901 3018
2902 3037 2902 3020
2903 3037 2903 3020
2904 3037 2904 3020
2905 3038 2905 3022
2906 3038 2906 3022
2907 3038 2907 3022
2908 3039 2908 3024
2909 3039 2909 3024
2910 3040 2910 3026
2911 3040 2911 3026
2912 3040 2912 3026
2913 3041 2913 3028
2914 3041 2914 3028
2915 3042 2915 3030
2916 3042 2916 3030
2917 3042 2917 3030
2918 3043 2918 3032
2919 3043 2919 3032
2920 3043 2920 3032
2921 3044 2921 3034
2922 3044 2922 3034
2923 3045 2923 3036
2924 3045 2924 3036
2925 3045 2925 3036
2926 3046 2926 3038
2927 3046 2927 3038
2928 3046 2928 3038
2929 3047 2929 3040
2930 3047 2930 3040
2932 3048 2932 3042
2933 3048 2933 3042
2934 3048 2934 3042
2935 3049 2935 3044
2936 3049 2936 3044
2937 3049 2937 3044
2938 3050 2938 3046
2939 3050 2939 3046
2940 3051 2940 3048
2941 3051 2941 3048
2942 3051 2942 3048
2943 3052 2943 3050
2944 3052 2944 3050
2945 3052 2945 3050
2946 3053 2946 3052
2947 3053 2947 3052
2948 3054 2948 3054
2949 3054 2949 3054
2950 3054 2950 3054
2951 3055 2951 3056
2952 3055 2952 3056
2953 3055 2953 3056
2954 3056 2954 3058
2955 3056 2955 3058
2956 3057 2956 3060
2957 3057 2957 3060
2958 3057 2958 3060
2959 3058 2959 3062
2960 3058 2960 3062
2961 3058 2961 3062
2962 3059 2962 3064
2963 3059 2963 3064
2964 3060 2964 3066
2965 3060 2965 3066
2966 3060 2966 3066
2967 3061 2967 3068
2968 3061 2968 3068
2969 3061 2969 3068
2970 3062 2970 3070
2971 3062 2971 3070
2972 3063 2972 3072
2973 3063 2973 3072
2975 3063 2975 3072
2976 3064 2976 3074
2977 3064 2977 3074
2978 3064 2978 3074
2979 3065 2979 3076
2980 3065 2980 3076
2981 3065 2981 3076
2982 3066 2982 3078
2983 3066 2983 3078
2984 3067 2984 3080
2985 3067 2985 3080
2986 3067 2986 3080
2987 3068 2987 3082
2988 3068 2988 3082
2989 3068 2989 3082
2990 3069 2990 3084
2991 3069 2991 3084
2992 3070 2992 3086
2993 3070 2993 3086
2994 3070 2994 3086
2995 3071 2995 3088
2996 3071 2996 3088
2997 3071 2997 3088
2998 3072 2998 3090
2999 3072 2999 3090
3000 3073 3000 3092
3001 3073 3001 3092
3002 3073 3002 3092
3003 3074 3003 3094
3004 3074 3004 3094
3005 3074 3005 3094
3006 3075 3006 3096
3007 3075 3007 3096
3008 3075 3008 3096
3009 3076 3009 3098
3010 3076 3010 3098
3011 3077 3011 3100
3012 3077 3012 3100
3013 3077 3013 3100
3014 3078 3014 3102
3015 3078 3015 3102
3016 3078 3016 3102
3018 3079 3018 3104
3019 3079 3019 3104
3020 3080 3020 3106
3021 3080 3021 3106
3022 3080 3022 3106
3023 3081 3023 3108
3024 3081 3024 3108
3025 3081 3025 3108
3026 3082 3026 3110
3027 3082 3027 3110
3028 3082 3028 3110
3029 3083 3029 3112
3030 3083 3030 3112
3031 3084 3031 3114
3032 3084 3032 3114
3033 3084 3033 3114
3034 3085 3034 3116
3035 3085 3035 3116
3036 3085 3036 3116
3037 3086 3037 3118
3038 3086 3038 3118
3039 3086 3039 3118
3040 3087 3040 3120
3041 3087 3041 3120
3042 3088 3042 3122
3043 3088 3043 3122
3044 3088 3044 3122
3045 3089 3045 3124
3046 3089 3046 3124
3047 3089 3047 3124
3048 3090 3048 3126
3049 3090 3049 3126
3050 3091 3050 3128
3051 3091 3051 3128
3052 3091 3052 3128
3053 3092 3053 3130
3054 3092 3054 3130
3055 3092 3055 3130
3056 3093 3056 3132
3057 3093 3057 3132
3058 3093 3058 3132
3059 3094 3059 3135
3061 3094 3061 3135
3062 3095 3062 3137
3063 3095 3063 3137
3064 3095 3064 3137
3065 3096 3065 3139
3066 3096 3066 3139
3067 3096 3067 3139
3068 3097 3068 3141
3069 3097 3069 3141
3070 3097 3070 3141
3071 3098 3071 3143
3072 3098 3072 3143
3073 3099 3073 3145
3074 3099 3074 3145
3075 3099 3075 3145
3076 3100 3076 3147
3077 3100 3077 3147
3078 3100 3078 3147
3079 3101 3079 3149
3080 3101 3080 3149
3081 3101 3081 3149
3082 3102 3082 3151
3083 3102 3083 3151
3084 3103 3084 3153
3085 3103 3085 3153
3086 3103 3086 3153
3087 3104 3087 3155
3088 3104 3088 3155
3089 3104 3089 3155
3090 3105 3090 3157
3091 3105 3091 3157
3092 3105 3092 3157
3093 3106 3093 3159
3094 3106 3094 3159
3095 3107 3095 3161
3096 3107 3096 3161
3097 3107 3097 3161
3098 3108 3098 3163
3099 3108 3099 3163
3100 3108 3100 3163
3101 3109 3101 3165
3102 3109 3102 3165
3104 3109 3104 3165
3105 3110 3105 3167
3106 3110 3106 3167
3107 3111 3107 3169
3108 3111 3108 3169
3109 3111 3109 3169
3110 3112 3110 3171
3111 3112 3111 3171
3112 3112 3112 3171
3113 3113 3113 3173
3114 3113 3114 3173
3115 3113 3115 3173
3116 3114 3116 3175
3117 3114 3117 3175
3118 3114 3118 3175
3119 3115 3119 3177
3120 3115 3120 3177
3121 3116 3121 3179
3122 3116 3122 3179
3123 3116 3123 3179
3124 3117 3124 3181
3125 3117 3125 3181
3126 3117 3126 3181
3127 3118 3127 3183
3128 3118 3128 3183
3129 3118 3129 3183
3130 3119 3130 3185
3131 3119 3131 3185
3132 3120 3132 3188
3133 3120 3133 3188
3134 3120 3134 3188
3135 3121 3135 3190
3136 3121 3136 3190
3137 3121 3137 3190
3138 3122 3138 3192
3139 3122 3139 3192
3140 3122 3140 3192
3141 3123 3141 3194
3142 3123 3142 3194
3143 3124 3143 3196
3144 3124 3144 3196
3145 3124 3145 3196
3147 3125 3147 3198
3148 3125 3148 3198
3149 3125 3149 3198
3150 3126 3150 3200
3151 3126 3151 3200
3152 3126 3152 3200
3153 3127 3153 3202
3154 3127 3154 3202
3155 3128 3155 3204
3156 3128 3156 3204
3157 3128 3157 3204
3158 3129 3158 3206
3159 3129 3159 3206
3160 3129 3160 3206
3161 3130 3161 3208
3162 3130 3162 3208
3163 3130 3163 3208
3164 3131 3164 3210
3165 3131 3165 3210
3166 3132 3166 3212
3167 3132 3167 3212
3168 3132 3168 3212
3169 3133 3169 3214
3170 3133 3170 3214
3171 3133 3171 3214
3172 3134 3172 3216
3173 3134 3173 3216
3174 3134 3174 3216
3175 3135 3175 3218
3176 3135 3176 3218
3177 3136 3177 3220
3178 3136 3178 3220
3179 3136 3179 3220
3180 3137 3180 3222
3181 3137 3181 3222
3182 3137 3182 3222
3183 3138 3183 3225
3184 3138 3184 3225
3185 3138 3185 3225
3186 3139 3186 3227
3187 3139 3187 3227
3188 3140 3188 3229
3190 3140 3190 3229
3191 3140 3191 3229
3192 3141 3192 3231
3193 3141 3193 3231
3194 3141 3194 3231
3195 3142 3195 3233
3196 3142 3196 3233
3197 3142 3197 3233
3198 3143 3198 3235
3199 3143 3199 3235
3200 3144 3200 3237
3201 3144 3201 3237
3202 3144 3202 3237
3203 3145 3203 3239
3204 3145 3204 3239
3205 3145 3205 3239
3206 3146 3206 3241
3207 3146 3207 3241
3208 3146 3208 3241
3209 3147 3209 3243
3210 3147 3210 3243
3211 3148 3211 3245
3212 3148 3212 3245
3213 3148 3213 3245
3214 3149 3214 3247
3215 3149 3215 3247
3216 3149 3216 3247
3217 3150 3217 3249
3218 3150 3218 3249
3219 3150 3219 3249
3220 3151 3220 3251
3221 3151 3221 3251
3222 3152 3222 3253
3223 3152 3223 3253
3224 3152 3224 3253
3225 3153 3225 3256
3226 3153 3226 3256
3227 3153 3227 3256
3228 3154 3228 3258
3229 3154 3229 3258
3230 3154 3230 3258
3231 3155 3231 3260
3233 3155 3233 3260
3234 3156 3234 3262
3235 3156 3235 3262
3236 3156 3236 3262
3237 3157 3237 3264
3238 3157 3238 3264
3239 3157 3239 3264
3240 3158 3240 3266
3241 3158 3241 3266
3242 3158 3242 3266
3243 3159 3243 3268
3244 3159 3244 3268
3245 3160 3245 3270
3246 3160 3246 3270
3247 3160 3247 3270
3248 3161 3248 3272
3249 3161 3249 3272
3250 3161 3250 3272
3251 3162 3251 3274
3252 3162 3252 3274
3253 3162 3253 3274
3254 3163 3254 3276
3255 3163 3255 3276
3256 3164 3256 3278
3257 3164 3257 3278
3258 3164 3258 3278
3259 3165 3259 3280
3260 3165 3260 3280
3261 3165 3261 3280
3262 3166 3262 3283
3263 3166 3263 3283
3264 3167 3264 3285
3265 3167 3265 3285
3266 3167 3266 3285
3267 3168 3267 3287
3268 3168 3268 3287
3269 3168 3269 3287
3270 3169 3270 3289
3271 3169 3271 3289
3272 3169 3272 3289
3273 3170 3273 3291
3274 3170 3274 3291
3276 3171 3276 3293
3277 3171 3277 3293
3278 3171 3278 3293
3279 3172 3279 3295
3280 3172 3280 3295
3281 3172 3281 3295
3282 3173 3282 3297
3283 3173 3283 3297
3284 3174 3284 3299
3285 3174 3285 3299
3286 3174 3286 3299
3287 3175 3287 3301
3288 3175 3288 3301
3289 3175 3289 3301
3290 3176 3290 3303
3291 3176 3291 3303
3292 3176 3292 3303
3293 3177 3293 3306
3294 3177 3294 3306
3295 3178 3295 3308
3296 3178 3296 3308
3297 3178 3297 3308
3298 3179 3298 3310
3299 3179 3299 3310
3300 3179 3300 3310
3301 3180 3301 3312
3302 3180 3302 3312
3303 3181 3303 3314
3304 3181 3304 3314
3305 3181 3305 3314
3306 3182 3306 3316
3307 3182 3307 3316
3308 3182 3308 3316
3309 3183 3309 3318
3310 3183 3310 3318
3311 3184 3311 3320
3312 3184 3312 3320
3313 3184 3313 3320
3314 3185 3314 3322
3315 3185 3315 3322
3316 3185 3316 3322
3317 3186 3317 3324
3318 3186 3318 3324
3320 3186 3320 3324
3321 3187 3321 3326
3322 3187 3322 3326
3323 3188 3323 3329
3324 3188 3324 3329
3325 3188 3325 3329
3326 3189 3326 3331
3327 3189 3327 3331
3328 3189 3328 3331
3329 3190 3329 3333
3330 3190 3330 3333
3331 3191 3331 3335
3332 3191 3332 3335
3333 3191 3333 3335
3334 3192 3334 3337
3335 3192 3335 3337
3336 3192 3336 3337
3337 3193 3337 3339
3338 3193 3338 3339
3339 3194 3339 3341
3340 3194 3340 3341
3341 3194 3341 3341
3342 3195 3342 3343
3343 3195 3343 3343
3344 3195 3344 3343
3345 3196 3345 3345
3346 3196 3346 3345
3347 3197 3347 3347
3348 3197 3348 3347
3349 3197 3349 3347
3350 3198 3350 3350
3351 3198 3351 3350
3352 3198 3352 3350
3353 3199 3353 3352
3354 3199 3354 3352
3355 3200 3355 3354
3356 3200 3356 3354
3357 3200 3357 3354
3358 3201 3358 3356
3359 3201 3359 3356
3360 3202 3360 3358
3361 3202 3361 3358
3363 3202 3363 3358
3364 3203 3364 3360
3365 3203 3365 3360
3366 3203 3366 3360
3367 3204 3367 3362
3368 3204 3368 3362
3369 3205 3369 3364
3370 3205 3370 3364
3371 3205 3371 3364
3372 3206 3372 3366
3373 3206 3373 3366
3374 3206 3374 3366
3375 3207 3375 3369
3376 3207 3376 3369
3377 3208 3377 3371
3378 3208 3378 3371
3379 3208 3379 3371
3380 3209 3380 3373
3381 3209 3381 3373
3382 3209 3382 3373
3383 3210 3383 3375
3384 3210 3384 3375
3385 3211 3385 3377
3386 3211 3386 3377
3387 3211 3387 3377
3388 3212 3388 3379
3389 3212 3389 3379
3390 3213 3390 3381
3391 3213 3391 3381
3392 3213 3392 3381
3393 3214 3393 3383
3394 3214 3394 3383
3395 3214 3395 3383
3396 3215 3396 3386
3397 3215 3397 3386
3398 3216 3398 3388
3399 3216 3399 3388
3400 3216 3400 3388
3401 3217 3401 3390
3402 3217 3402 3390
3403 3218 3403 3392
3404 3218 3404 3392
3406 3218 3406 3392
3407 3219 3407 3394
3408 3219 3408 3394
3409 3219 3409 3394
3410 3220 3410 3396
3411 3220 3411 3396
3412 3221 3412 3398
3413 3221 3413 3398
3414 3221 3414 3398
3415 3222 3415 3400
3416 3222 3416 3400
3417 3223 3417 3402
3418 3223 3418 3402
3419 3223 3419 3402
3420 3224 3420 3405
3421 3224 3421 3405
3422 3224 3422 3405
3423 3225 3423 3407
3424 3225 3424 3407
3425 3226 3425 3409
3426 3226 3426 3409
3427 3226 3427 3409
3428 3227 3428 3411
3429 3227 3429 3411
3430 3228 3430 3413
3431 3228 3431 3413
3432 3228 3432 3413
3433 3229 3433 3415
3434 3229 3434 3415
3435 3230 3435 3417
3436 3230 3436 3417
3437 3230 3437 3417
3438 3231 3438 3420
3439 3231 3439 3420
3440 3231 3440 3420
3441 3232 3441 3422
3442 3232 3442 3422
3443 3233 3443 3424
3444 3233 3444 3424
3445 3233 3445 3424
3446 3234 3446 3426
3447 3234 3447 3426
3449 3235 3449 3428
3450 3235 3450 3428
3451 3235 3451 3428
3452 3236 3452 3430
3453 3236 3453 3430
3454 3237 3454 3432
3455 3237 3455 3432
3456 3237 3456 3432
3457 3238 3457 3434
3458 3238 3458 3434
3459 3239 3459 3437
3460 3239 3460 3437
3461 3239 3461 3437
3462 3240 3462 3439
3463 3240 3463 3439
3464 3241 3464 3441
3465 3241 3465 3441
3466 3241 3466 3441
3467 3242 3467 3443
3468 3242 3468 3443
3469 3243 3469 3445
3470 3243 3470 3445
3471 3243 3471 3445
3472 3244 3472 3447
3473 3244 3473 3447
3474 3245 3474 3449
3475 3245 3475 3449
3476 3245 3476 3449
3477 3246 3477 3452
3478 3246 3478 3452
3479 3247 3479 3454
3480 3247 3480 3454
3481 3247 3481 3454
3482 3248 3482 3456
3483 3248 3483 3456
3484 3249 3484 3458
3485 3249 3485 3458
3486 3249 3486 3458
3487 3250 3487 3460
3488 3250 3488 3460
3489 3251 3489 3462
3490 3251 3490 3462
3492 3251 3492 3462
3493 3252 3493 3464
3494 3252 3494 3464
3495 3253 3495 3467
3496 3253 3496 3467
3497 3253 3497 3467
3498 3254 3498 3469
3499 3254 3499 3469
3500 3255 3500 3471
3501 3255 3501 3471
3502 3255 3502 3471
3503 3256 3503 3473
3504 3256 3504 3473
3505 3257 3505 3475
3506 3257 3506 3475
3507 3257 3507 3475
3508 3258 3508 3477
3509 3258 3509 3477
3510 3259 3510 3479
3511 3259 3511 3479
3512 3259 3512 3479
3513 3260 3513 3482
3514 3260 3514 3482
3515 3261 3515 3484
3516 3261 3516 3484
3517 3261 3517 3484
3518 3262 3518 3486
3519 3262 3519 3486
3520 3263 3520 3488
3521 3263 3521 3488
3522 3264 3522 3490
3523 3264 3523 3490
3524 3264 3524 3490
3525 3265 3525 3492
3526 3265 3526 3492
3527 3266 3527 3495
3528 3266 3528 3495
3529 3266 3529 3495
3530 3267 3530 3497
3531 3267 3531 3497
3532 3268 3532 3499
3533 3268 3533 3499
3535 3268 3535 3499
3536 3269 3536 3501
3537 3269 3537 3501
3538 3270 3538 3503
3539 3270 3539 3503
3540 3271 3540 3505
3541 3271 3541 3505
3542 3271 3542 3505
3543 3272 3543 3507
3544 3272 3544 3507
3545 3273 3545 3510
3546 3273 3546 3510
3547 3273 3547 3510
3548 3274 3548 3512
3549 3274 3549 3512
3550 3275 3550 3514
3551 3275 3551 3514
3552 3275 3552 3514
3553 3276 3553 3516
3554 3276 3554 3516
3555 3277 3555 3518
3556 3277 3556 3518
3557 3278 3557 3520
3558 3278 3558 3520
3559 3278 3559 3520
3560 3279 3560 3523
3561 3279 3561 3523
3562 3280 3562 3525
3563 3280 3563 3525
3564 3281 3564 3527
3565 3281 3565 3527
3566 3281 3566 3527
3567 3282 3567 3529
3568 3282 3568 3529
3569 3283 3569 3531
3570 3283 3570 3531
3571 3283 3571 3531
3572 3284 3572 3533
3573 3284 3573 3533
3574 3285 3574 3536
3575 3285 3575 3536
3576 3286 3576 3538
3578 3286 3578 3538
3579 3286 3579 3538
3580 3287 3580 3540
3581 3287 3581 3540
3582 3288 3582 3542
3583 3288 3583 3542
3584 3289 3584 3544
3585 3289 3585 3544
3586 3289 3586 3544
3587 3290 3587 3547
3588 3290 3588 3547
3589 3291 3589 3549
3590 3291 3590 3549
3591 3292 3591 3551
3592 3292 3592 3551
3593 3292 3593 3551
3594 3293 3594 3553
3595 3293 3595 3553
3596 3294 3596 3555
3597 3294 3597 3555
3598 3295 3598 3557
3599 3295 3599 3557
3600 3295 3600 3557
3601 3296 3601 3560
3602 3296 3602 3560
3603 3297 3603 3562
3604 3297 3604 3562
3605 3298 3605 3564
3606 3298 3606 3564
3607 3298 3607 3564
3608 3299 3608 3566
3609 3299 3609 3566
3610 3300 3610 3568
3611 3300 3611 3568
3612 3301 3612 3570
3613 3301 3613 3570
3614 3301 3614 3570
3615 3302 3615 3573
3616 3302 3616 3573
3617 3303 3617 3575
3618 3303 3618 3575
3619 3304 3619 3577
3621 3304 3621 3577
3622 3304 3622 3577
3623 3305 3623 3579
3624 3305 3624 3579
3625 3306 3625 3581
3626 3306 3626 3581
3627 3307 3627 3584
3628 3307 3628 3584
3629 3308 3629 3586
3630 3308 3630 3586
3631 3308 3631 3586
3632 3309 3632 3588
3633 3309 3633 3588
3634 3310 3634 3590
3635 3310 3635 3590
3636 3311 3636 3592
3637 3311 3637 3592
3638 3312 3638 3595
3639 3312 3639 3595
3640 3312 3640 3595
3641 3313 3641 3597
3642 3313 3642 3597
3643 3314 3643 3599
3644 3314 3644 3599
3645 3315 3645 3601
3646 3315 3646 3601
3647 3315 3647 3601
3648 3316 3648 3603
3649 3316 3649 3603
3650 3317 3650 3606
3651 3317 3651 3606
3652 3318 3652 3608
3653 3318 3653 3608
3654 3319 3654 3610
3655 3319 3655 3610
3656 3320 3656 3612
3657 3320 3657 3612
3658 3320 3658 3612
3659 3321 3659 3614
3660 3321 3660 3614
3661 3322 3661 3616
3662 3322 3662 3616
3664 3323 3664 3619
3665 3323 3665 3619
3666 3324 3666 3621
3667 3324 3667 3621
3668 3324 3668 3621
3669 3325 3669 3623
3670 3325 3670 3623
3671 3326 3671 3625
3672 3326 3672 3625
3673 3327 3673 3627
3674 3327 3674 3627
3675 3328 3675 3630
3676 3328 3676 3630
3677 3329 3677 3632
3678 3329 3678 3632
3679 3329 3679 3632
3680 3330 3680 3634
3681 3330 3681 3634
3682 3331 3682 3636
3683 3331 3683 3636
3684 3332 3684 3639
3685 3332 3685 3639
3686 3333 3686 3641
3687 3333 3687 3641
3688 3334 3688 3643
3689 3334 3689 3643
3690 3334 3690 3643
3691 3335 3691 3645
3692 3335 3692 3645
3693 3336 3693 3647
3694 3336 3694 3647
3695 3337 3695 3650
3696 3337 3696 3650
3697 3338 3697 3652
3698 3338 3698 3652
3699 3339 3699 3654
3700 3339 3700 3654
3701 3340 3701 3656
3702 3340 3702 3656
3703 3340 3703 3656
3704 3341 3704 3658
3705 3341 3705 3658
3706 3342 3706 3661
3708 3342 3708 3661
3709 3343 3709 3663
3710 3343 3710 3663
3711 3344 3711 3665
3712 3344 3712 3665
3713 3345 3713 3667
3714 3345 3714 3667
3715 3346 3715 3669
3716 3346 3716 3669
3717 3347 3717 3672
3718 3347 3718 3672
3719 3347 3719 3672
3720 3348 3720 3674
3721 3348 3721 3674
3722 3349 3722 3676
3723 3349 3723 3676
3724 3350 3724 3678
3725 3350 3725 3678
3726 3351 3726 3681
3727 3351 3727 3681
3728 3352 3728 3683
3729 3352 3729 3683
3730 3353 3730 3685
3731 3353 3731 3685
3732 3354 3732 3687
3733 3354 3733 3687
3734 3355 3734 3689
3735 3355 3735 3689
3736 3355 3736 3689
3737 3356 3737 3692
3738 3356 3738 3692
3739 3357 3739 3694
3740 3357 3740 3694
3741 3358 3741 3696
3742 3358 3742 3696
3743 3359 3743 3698
3744 3359 3744 3698
3745 3360 3745 3701
3746 3360 3746 3701
3747 3361 3747 3703
3748 3361 3748 3703
3749 3362 3749 3705
3751 3362 3751 3705
3752 3363 3752 3707
3753 3363 3753 3707
3754 3364 3754 3709
3755 3364 3755 3709
3756 3365 3756 3712
3757 3365 3757 3712
3758 3366 3758 3714
3759 3366 3759 3714
3760 3366 3760 3714
3761 3367 3761 3716
3762 3367 3762 3716
3763 3368 3763 3718
3764 3368 3764 3718
3765 3369 3765 3721
3766 3369 3766 3721
3767 3370 3767 3723
3768 3370 3768 3723
3769 3371 3769 3725
3770 3371 3770 3725
3771 3372 3771 3727
3772 3372 3772 3727
3773 3373 3773 3730
3774 3373 3774 3730
3775 3374 3775 3732
3776 3374 3776 3732
3777 3375 3777 3734
3778 3375 3778 3734
3779 3376 3779 3736
3780 3376 3780 3736
3781 3377 3781 3739
3782 3377 3782 3739
3783 3378 3783 3741
3784 3378 3784 3741
3785 3379 3785 3743
3786 3379 3786 3743
3787 3380 3787 3745
3788 3380 3788 3745
3789 3381 3789 3747
3790 3381 3790 3747
3791 3382 3791 3750
3792 3382 3792 3750
3794 3383 3794 3752
3795 3383 3795 3752
3796 3384 3796 3754
3797 3384 3797 3754
3798 3385 3798 3756
3799 3385 3799 3756
3800 3386 3800 3759
3801 3386 3801 3759
3802 3387 3802 3761
3803 3387 3803 3761
3804 3388 3804 3763
3805 3388 3805 3763
3806 3389 3806 3765
3807 3389 3807 3765
3808 3390 3808 3768
3809 3390 3809 3768
3810 3391 3810 3770
3811 3391 3811 3770
3812 3392 3812 3772
3813 3392 3813 3772
3814 3393 3814 3774
3815 3393 3815 3774
3816 3394 3816 3777
3817 3394 3817 3777
3818 3395 3818 3779
3819 3395 3819 3779
3820 3396 3820 3781
3821 3396 3821 3781
3822 3397 3822 3783
3823 3397 3823 3783
3824 3398 3824 3786
3825 3398 3825 3786
3826 3399 3826 3788
3827 3399 3827 3788
3828 3400 3828 3790
3829 3400 3829 3790
3830 3401 3830 3792
3831 3401 3831 3792
3832 3402 3832 3795
3833 3402 3833 3795
3834 3403 3834 3797
3835 3403 3835 3797
3837 3404 3837 3799
3838 3404 3838 3799
3839 3405 3839 3801
3840 3405 3840 3801
3841 3406 3841 3804
3842 3406 3842 3804
3843 3407 3843 3806
3844 3408 3844 3808
3845 3408 3845 3808
3846 3409 3846 3811
3847 3409 3847 3811
3848 3410 3848 3813
3849 3410 3849 3813
3850 3411 3850 3815
3851 3411 3851 3815
3852 3412 3852 3817
3853 3412 3853 3817
3854 3413 3854 3820
3855 3413 3855 3820
3856 3414 3856 3822
3857 3414 3857 3822
3858 3415 3858 3824
3859 3415 3859 3824
3860 3416 3860 3826
3861 3416 3861 3826
3862 3417 3862 3829
3863 3417 3863 3829
3864 3418 3864 3831
3865 3418 3865 3831
3866 3419 3866 3833
3867 3420 3867 3835
3868 3420 3868 3835
3869 3421 3869 3838
3870 3421 3870 3838
3871 3422 3871 3840
3872 3422 3872 3840
3873 3423 3873 3842
3874 3423 3874 3842
3875 3424 3875 3845
3876 3424 3876 3845
3877 3425 3877 3847
3878 3425 3878 3847
3880 3426 3880 3849
3881 3426 3881 3849
3882 3427 3882 3851
3883 3427 3883 3851
3884 3428 3884 3854
3885 3429 3885 3856
3886 3429 3886 3856
3887 3430 3887 3858
3888 3430 3888 3858
3889 3431 3889 3860
3890 3431 3890 3860
3891 3432 3891 3863
3892 3432 3892 3863
3893 3433 3893 3865
3894 3433 3894 3865
3895 3434 3895 3867
3896 3434 3896 3867
3897 3435 3897 3870
3898 3436 3898 3872
3899 3436 3899 3872
3900 3437 3900 3874
3901 3437 3901 3874
3902 3438 3902 3876
3903 3438 3903 3876
3904 3439 3904 3879
3905 3439 3905 3879
3906 3440 3906 3881
3907 3440 3907 3881
3908 3441 3908 3883
3909 3442 3909 3886
3910 3442 3910 3886
3911 3443 3911 3888
3912 3443 3912 3888
3913 3444 3913 3890
3914 3444 3914 3890
3915 3445 3915 3892
3916 3445 3916 3892
3917 3446 3917 3895
3918 3446 3918 3895
3919 3447 3919 3897
3920 3448 3920 3899
3921 3448 3921 3899
3923 3449 3923 3902
3924 3449 3924 3902
3925 3450 3925 3904
3926 3450 3926 3904
3927 3451 3927 3906
3928 3451 3928 3906
3929 3452 3929 3909
3930 3453 3930 3911
3931 3453 3931 3911
3932 3454 3932 3913
3933 3454 3933 3913
3934 3455 3934 3915
3935 3455 3935 3915
3936 3456 3936 3918
3937 3456 3937 3918
3938 3457 3938 3920
3939 3458 3939 3922
3940 3458 3940 3922
3941 3459 3941 3925
3942 3459 3942 3925
3943 3460 3943 3927
3944 3460 3944 3927
3945 3461 3945 3929
3946 3462 3946 3931
3947 3462 3947 3931
3948 3463 3948 3934
3949 3463 3949 3934
3950 3464 3950 3936
3951 3464 3951 3936
3952 3465 3952 3938
3953 3465 3953 3938
3954 3466 3954 3941
3955 3467 3955 3943
3956 3467 3956 3943
3957 3468 3957 3945
3958 3468 3958 3945
3959 3469 3959 3948
3960 3469 3960 3948
3961 3470 3961 3950
3962 3471 3962 3952
3963 3471 3963 3952
3964 3472 3964 3955
3966 3472 3966 3955
3967 3473 3967 3957
3968 3473 3968 3957
3969 3474 3969 3959
3970 3475 3970 3961
3971 3475 3971 3961
3972 3476 3972 3964
3973 3476 3973 3964
3974 3477 3974 3966
3975 3477 3975 3966
3976 3478 3976 3968
3977 3479 3977 3971
3978 3479 3978 3971
3979 3480 3979 3973
3980 3480 3980 3973
3981 3481 3981 3975
3982 3482 3982 3978
3983 3482 3983 3978
3984 3483 3984 3980
3985 3483 3985 3980
3986 3484 3986 3982
3987 3484 3987 3982
3988 3485 3988 3985
3989 3486 3989 3987
3990 3486 3990 3987
3991 3487 3991 3989
3992 3487 3992 3989
3993 3488 3993 3992
3994 3489 3994 3994
3995 3489 3995 3994
3996 3490 3996 3996
3997 3490 3997 3996
3998 3491 3998 3999
3999 3491 3999 3999
4000 3492 4000 4001
4001 3493 4001 4003
4002 3493 4002 4003
4003 3494 4003 4006
4004 3494 4004 4006
4005 3495 4005 4008
4006 3496 4006 4010
4007 3496 4007 4010
4009 3497 4009 4013
4010 3497 4010 4013
4011 3498 4011 4015
4012 3499 4012 4017
