81 369
82 368
83 368
84 368
85 368
87 367
88 367
89 367
90 367
91 366
92 366
93 366
94 366
95 365
96 365
97 365
98 365
99 364
100 364
101 364
102 364
103 363
104 363
105 363
106 363
107 363
108 362
109 362
110 362
111 362
112 362
113 361
114 361
115 361
116 361
117 361
118 360
119 360
120 360
121 360
122 360
123 359
124 359
125 359
126 359
127 359
128 359
130 358
131 358
132 358
133 358
134 358
135 358
136 357
137 357
138 357
139 357
140 357
141 357
142 357
143 356
144 356
145 356
146 356
147 356
148 356
149 356
150 355
151 355
152 355
153 355
154 355
155 355
156 355
157 355
158 354
159 354
160 354
161 354
162 354
163 354
164 354
165 354
166 354
167 353
168 353
169 353
170 353
171 353
173 353
174 353
175 353
176 353
177 353
178 353
179 353
180 352
181 352
182 352
183 352
184 352
185 352
186 352
187 352
188 352
189 352
190 352
191 352
192 352
193 352
194 352
195 352
196 352
197 352
198 352
199 352
200 352
201 351
202 351
203 351
204 351
205 351
206 351
207 351
208 351
209 351
210 351
211 351
212 351
213 351
214 351
216 351
217 351
218 351
219 351
220 351
221 351
222 351
223 351
224 351
225 351
226 351
227 351
228 351
229 352
230 352
231 352
232 352
233 352
234 352
235 352
236 352
237 352
238 352
239 352
240 352
241 352
242 352
243 352
244 352
245 352
246 352
247 352
248 352
249 352
250 353
251 353
252 353
253 353
254 353
255 353
256 353
257 353
259 353
260 353
261 353
262 353
263 354
264 354
265 354
266 354
267 354
268 354
269 354
270 354
271 354
272 355
273 355
274 355
275 355
276 355
277 355
278 355
279 355
280 355
281 356
282 356
283 356
284 356
285 356
286 356
287 356
288 357
289 357
290 357
291 357
292 357
293 357
294 357
295 358
296 358
297 358
298 358
299 358
300 358
302 359
303 359
304 359
305 359
306 359
307 359
308 360
309 360
310 360
311 360
312 360
313 361
314 361
315 361
316 361
317 361
318 362
319 362
320 362
321 362
322 362
323 363
324 363
325 363
326 363
327 363
328 364
329 364
330 364
331 364
332 365
333 365
334 365
335 365
336 365
337 366
338 366
339 366
340 367
341 367
342 367
343 367
345 367
346 368
347 368
348 368
349 369
350 369
351 369
352 369
353 370
354 370
355 370
356 370
357 371
358 371
359 371
360 372
361 372
362 372
363 372
364 373
365 373
366 373
367 373
368 374
369 374
370 374
371 375
372 375
373 375
374 376
375 376
376 376
377 376
378 377
379 377
380 377
381 378
382 378
383 378
384 379
385 379
386 379
388 380
389 380
390 380
391 381
392 381
393 382
394 382
395 382
396 383
397 383
398 383
399 383
400 384
401 384
402 385
403 385
404 385
405 386
406 386
407 386
408 387
409 387
410 387
411 388
412 388
413 389
414 389
415 389
416 390
417 390
418 391
419 391
420 391
421 392
422 392
423 393
424 393
425 394
426 394
427 394
428 395
429 395
430 396
432 396
433 396
434 397
435 397
436 398
437 398
438 398
439 399
440 399
441 400
442 400
443 401
444 401
445 401
446 402
447 402
448 403
449 403
450 404
451 404
452 404
453 405
454 405
455 406
456 406
457 407
458 407
459 408
460 408
461 409
462 409
463 410
464 410
465 410
466 411
467 411
468 412
469 413
470 413
471 413
472 414
473 414
475 415
476 415
477 416
478 416
479 417
480 417
481 418
482 418
483 419
484 419
485 420
486 420
487 421
488 421
489 422
490 423
491 423
492 423
493 424
494 424
495 425
496 425
497 426
498 426
499 427
500 428
501 428
502 429
503 429
504 430
505 430
506 431
507 432
508 432
509 433
510 433
511 434
512 434
513 435
514 435
515 436
516 436
518 437
519 438
520 438
521 439
522 439
523 440
524 440
525 441
526 441
527 442
528 443
529 443
530 444
531 444
532 445
533 446
534 446
535 447
536 447
537 448
538 449
539 449
540 450
541 450
542 451
543 452
544 452
545 453
546 454
547 454
548 455
549 456
550 456
551 457
552 457
553 458
554 458
555 459
556 460
557 460
558 461
559 461
561 462
562 463
563 464
564 464
565 465
566 466
567 466
568 467
569 467
570 468
571 469
572 469
573 470
574 471
575 471
576 472
577 473
578 474
579 474
580 475
581 475
582 476
583 477
584 477
585 478
586 479
587 480
588 480
589 481
590 481
591 482
592 483
593 483
594 484
595 485
596 486
597 486
598 487
599 487
600 488
601 489
602 490
604 491
605 491
606 492
607 492
608 493
609 494
610 495
611 495
612 496
613 497
614 498
615 498
616 499
617 500
618 500
619 501
620 502
621 503
622 504
623 504
624 505
625 506
626 507
627 507
628 508
629 508
630 509
631 510
632 511
633 512
634 512
635 513
636 514
637 515
638 515
639 516
640 517
641 518
642 518
643 519
644 520
645 521
647 522
648 522
649 523
650 524
651 525
652 525
653 526
654 527
655 528
656 528
657 529
658 530
659 531
660 532
661 532
662 533
663 534
664 535
665 536
666 537
667 537
668 538
669 539
670 540
671 540
672 541
673 542
674 543
675 544
676 545
677 546
678 546
679 547
680 548
681 549
682 549
683 550
684 551
685 552
686 553
687 554
688 554
690 555
691 556
692 557
693 558
694 559
695 559
696 560
697 561
698 562
699 563
700 564
701 565
702 565
703 567
704 567
705 568
706 569
707 570
708 570
709 572
710 572
711 573
712 574
713 575
714 576
715 577
716 577
717 579
718 579
719 580
720 581
721 582
722 583
723 584
724 584
725 586
726 586
727 587
728 588
729 589
730 590
731 591
733 591
734 593
735 593
736 594
737 595
738 596
739 597
740 598
741 599
742 600
743 601
744 602
745 602
746 604
747 604
748 605
749 606
750 607
751 608
752 609
753 610
754 611
755 612
756 613
757 613
758 615
759 615
760 617
761 617
762 618
763 619
764 620
765 621
766 622
767 623
768 624
769 625
770 626
771 627
772 628
773 629
774 630
776 631
777 632
778 632
779 634
780 634
781 636
782 636
783 638
784 638
785 640
786 640
787 642
788 642
789 643
790 644
791 645
792 646
793 647
794 648
795 649
796 650
797 651
798 652
799 653
800 654
801 655
802 656
803 657
804 658
805 659
806 660
807 661
808 662
809 663
810 664
811 665
812 666
813 667
814 668
815 669
816 670
817 671
818 672
820 673
821 674
822 675
823 676
824 677
825 678
826 679
827 680
828 681
829 682
830 683
831 684
832 685
833 686
834 687
835 689
836 689
837 690
838 691
839 692
840 693
841 694
842 696
843 696
844 698
845 698
846 700
847 701
848 701
849 703
850 704
851 705
852 706
853 707
854 708
855 709
856 710
857 711
858 712
859 713
860 714
861 715
863 717
864 717
865 719
866 720
867 720
868 722
869 723
870 724
871 725
872 726
873 727
874 728
875 729
876 730
877 731
878 732
879 734
880 734
881 736
882 737
883 738
884 739
885 740
886 741
887 742
888 744
889 744
890 745
891 747
892 747
893 749
894 750
895 751
896 752
897 753
898 754
899 755
900 757
901 757
902 759
903 760
904 761
906 762
907 763
908 764
909 765
910 766
911 768
912 768
913 770
914 771
915 772
916 773
917 774
918 775
919 776
920 778
921 779
922 779
923 781
924 782
925 783
926 784
927 786
928 787
929 787
930 789
931 790
932 791
933 792
934 793
935 795
936 795
937 797
938 798
939 799
940 800
941 801
942 803
943 804
944 804
945 806
946 807
947 809
949 809
950 810
951 812
952 813
953 814
954 815
955 816
956 818
957 818
958 820
959 821
960 822
961 823
962 824
963 826
964 827
965 828
966 829
967 830
968 831
969 833
970 834
971 835
972 836
973 837
974 839
975 839
976 841
977 842
978 843
979 845
980 845
981 847
982 848
983 849
984 851
985 851
986 852
987 854
988 855
989 857
990 858
992 858
993 860
994 861
995 862
996 864
997 864
998 866
999 867
1000 868
1001 870
1002 871
1003 871
1004 873
1005 874
1006 875
1007 877
1008 878
1009 879
1010 880
1011 881
1012 883
1013 884
1014 885
1015 886
1016 887
1017 888
1018 890
1019 891
1020 893
1021 894
1022 895
1023 896
1024 897
1025 898
1026 900
1027 901
1028 902
1029 904
1030 904
1031 905
1032 907
1033 908
1035 910
1036 911
1037 912
1038 914
1039 914
1040 915
1041 917
1042 918
1043 919
1044 921
1045 922
1046 923
1047 925
1048 925
1049 926
1050 928
1051 929
1052 930
1053 932
1054 933
1055 934
1056 936
1057 937
1058 937
1059 939
1060 940
1061 941
1062 943
1063 944
1064 946
1065 947
1066 948
1067 950
1068 951
1069 952
1070 953
1071 954
1072 955
1073 956
1074 958
1075 959
1076 960
1078 962
1079 963
1080 964
1081 966
1082 967
1083 968
1084 970
1085 971
1086 971
1087 973
1088 974
1089 975
1090 977
1091 978
1092 979
1093 981
1094 982
1095 983
1096 985
1097 986
1098 987
1099 989
1100 990
1101 991
1102 992
1103 994
1104 995
1105 996
1106 998
1107 999
1108 1000
1109 1002
1110 1003
1111 1004
1112 1005
1113 1006
1114 1007
1115 1008
1116 1010
1117 1011
1118 1012
1119 1014
1121 1015
1122 1016
1123 1018
1124 1019
1125 1020
1126 1022
1127 1023
1128 1024
1129 1025
1130 1027
1131 1028
1132 1029
1133 1031
1134 1032
1135 1033
1136 1034
1137 1036
1138 1037
1139 1038
1140 1040
1141 1041
1142 1042
1143 1044
1144 1045
1145 1046
1146 1047
1147 1049
1148 1050
1149 1052
1150 1054
1151 1055
1152 1056
1153 1057
1154 1059
1155 1060
1156 1061
1157 1062
1158 1064
1159 1065
1160 1066
1161 1068
1162 1069
1164 1070
1165 1071
1166 1073
1167 1074
1168 1075
1169 1077
1170 1078
1171 1079
1172 1080
1173 1082
1174 1083
1175 1084
1176 1086
1177 1088
1178 1089
1179 1090
1180 1092
1181 1093
1182 1094
1183 1095
1184 1097
1185 1098
1186 1099
1187 1100
1188 1102
1189 1103
1190 1104
1191 1105
1192 1108
1193 1109
1194 1110
1195 1111
1196 1113
1197 1114
1198 1115
1199 1116
1200 1118
1201 1119
1202 1120
1203 1121
1204 1124
1205 1125
1207 1126
1208 1127
1209 1129
1210 1130
1211 1131
1212 1132
1213 1134
1214 1135
1215 1136
1216 1137
1217 1140
1218 1141
1219 1142
1220 1143
1221 1145
1222 1146
1223 1147
1224 1148
1225 1150
1226 1152
1227 1153
1228 1154
1229 1156
1230 1157
1231 1158
1232 1159
1233 1161
1234 1162
1235 1164
1236 1165
1237 1166
1238 1168
1239 1169
1240 1170
1241 1171
1242 1173
1243 1175
1244 1176
1245 1177
1246 1179
1247 1180
1248 1181
1249 1182
1251 1183
1252 1186
1253 1187
1254 1188
1255 1189
1256 1191
1257 1192
1258 1193
1259 1195
1260 1196
1261 1198
1262 1199
1263 1200
1264 1201
1265 1202
1266 1205
1267 1206
1268 1207
1269 1208
1270 1210
1271 1211
1272 1213
1273 1214
1274 1215
1275 1217
1276 1218
1277 1219
1278 1220
1279 1222
1280 1224
1281 1225
1282 1226
1283 1227
1284 1228
1285 1231
1286 1232
1287 1233
1288 1234
1289 1235
1290 1238
1291 1239
1292 1240
1294 1241
1295 1242
1296 1244
1297 1246
1298 1247
1299 1248
1300 1249
1301 1251
1302 1253
1303 1254
1304 1255
1305 1256
1306 1258
1307 1259
1308 1261
1309 1262
1310 1263
1311 1264
1312 1266
1313 1268
1314 1269
1315 1270
1316 1271
1317 1273
1318 1275
1319 1276
1320 1277
1321 1278
1322 1279
1323 1282
1324 1283
1325 1284
1326 1285
1327 1286
1328 1289
1329 1290
1330 1291
1331 1292
1332 1293
1333 1295
1334 1297
1335 1298
1337 1299
1338 1300
1339 1302
1340 1303
1341 1305
1342 1306
1343 1308
1344 1309
1345 1310
1346 1311
1347 1314
1348 1315
1349 1316
1350 1317
1351 1318
1352 1320
1353 1321
1354 1323
1355 1324
1356 1326
1357 1327
1358 1328
1359 1329
1360 1332
1361 1333
1362 1334
1363 1335
1364 1336
1365 1338
1366 1339
1367 1341
1368 1342
1369 1344
1370 1345
1371 1346
1372 1347
1373 1350
1374 1351
1375 1352
1376 1353
1377 1355
1378 1356
1380 1357
1381 1359
1382 1361
1383 1362
1384 1363
1385 1364
1386 1366
1387 1367
1388 1369
1389 1370
1390 1372
1391 1373
1392 1374
1393 1375
1394 1377
1395 1378
1396 1380
1397 1382
1398 1383
1399 1384
1400 1385
1401 1386
1402 1388
1403 1389
1404 1391
1405 1393
1406 1394
1407 1395
1408 1396
1409 1398
1410 1399
1411 1400
1412 1403
1413 1404
1414 1405
1415 1406
1416 1408
1417 1409
1418 1410
1419 1411
1420 1414
1421 1415
1423 1416
1424 1418
1425 1419
1426 1420
1427 1421
1428 1423
1429 1424
1430 1426
1431 1428
1432 1429
1433 1430
1434 1432
1435 1433
1436 1434
1437 1435
1438 1437
1439 1438
1440 1440
1441 1442
1442 1443
1443 1444
1444 1445
1445 1447
1446 1448
1447 1449
1448 1451
1449 1452
1450 1454
1451 1456
1452 1457
1453 1458
1454 1460
1455 1461
1456 1462
1457 1463
1458 1465
1459 1466
1460 1469
1461 1470
1462 1471
1463 1472
1464 1474
1466 1475
1467 1476
1468 1478
1469 1479
1470 1480
1471 1481
1472 1483
1473 1485
1474 1487
1475 1488
1476 1489
1477 1490
1478 1492
1479 1493
1480 1494
1481 1496
1482 1497
1483 1498
1484 1500
1485 1501
1486 1503
1487 1505
1488 1506
1489 1507
1490 1509
1491 1510
1492 1511
1493 1513
1494 1514
1495 1515
1496 1517
1497 1518
1498 1519
1499 1521
1500 1522
1501 1524
1502 1526
1503 1527
1504 1528
1505 1530
1506 1531
1507 1532
1509 1534
1510 1535
1511 1536
1512 1538
1513 1539
1514 1540
1515 1542
1516 1543
1517 1544
1518 1546
1519 1547
1520 1550
1521 1551
1522 1552
1523 1554
1524 1555
1525 1556
1526 1558
1527 1559
1528 1560
1529 1562
1530 1563
1531 1564
1532 1566
1533 1567
1534 1568
1535 1570
1536 1571
1537 1572
1538 1574
1539 1575
1540 1576
1541 1578
1542 1579
1543 1582
1544 1583
1545 1585
1546 1586
1547 1587
1548 1589
1549 1590
1550 1591
1552 1593
1553 1594
1554 1595
1555 1597
1556 1598
1557 1599
1558 1601
1559 1602
1560 1604
1561 1605
1562 1606
1563 1608
1564 1609
1565 1610
1566 1612
1567 1613
1568 1614
1569 1616
1570 1617
1571 1619
1572 1620
1573 1621
1574 1623
1575 1624
1576 1625
1577 1627
1578 1628
1579 1630
1580 1631
1581 1632
1582 1634
1583 1635
1584 1636
1585 1638
1586 1639
1587 1641
1588 1642
1589 1643
1590 1645
1591 1646
1592 1647
1593 1649
1595 1650
1596 1652
1597 1653
1598 1654
1599 1656
1600 1657
1601 1659
1602 1660
1603 1661
1604 1663
1605 1664
1606 1666
1607 1667
1608 1668
1609 1670
1610 1671
1611 1673
1612 1674
1613 1675
1614 1677
1615 1678
1616 1680
1617 1681
1618 1682
1619 1684
1620 1685
1621 1687
1622 1688
1623 1689
1624 1691
1625 1692
1626 1694
1627 1695
1628 1696
1629 1698
1630 1699
1631 1701
1632 1702
1633 1703
1634 1705
1635 1706
1636 1708
1637 1709
1639 1711
1640 1712
1641 1713
1642 1715
1643 1716
1644 1718
1645 1719
1646 1720
1647 1722
1648 1723
1649 1725
1650 1726
1651 1726
1652 1728
1653 1729
1654 1730
1655 1732
1656 1733
1657 1735
1658 1736
1659 1738
1660 1739
1661 1740
1662 1742
1663 1743
1664 1745
1665 1746
1666 1748
1667 1749
1668 1751
1669 1752
1670 1753
1671 1755
1672 1756
1673 1758
1674 1759
1675 1759
1676 1761
1677 1762
1678 1764
1679 1765
1680 1766
1682 1768
1683 1769
1684 1771
1685 1772
1686 1774
1687 1775
1688 1777
1689 1778
1690 1779
1691 1781
1692 1782
1693 1782
1694 1784
1695 1785
1696 1787
1697 1788
1698 1790
1699 1791
1700 1793
1701 1794
1702 1796
1703 1797
1704 1798
1705 1800
1706 1801
1707 1803
1708 1803
1709 1804
1710 1806
1711 1807
1712 1809
1713 1810
1714 1812
1715 1813
1716 1815
1717 1816
1718 1818
1719 1819
1720 1820
1721 1820
1722 1822
1723 1823
1725 1825
1726 1826
1727 1828
1728 1829
1729 1831
1730 1832
1731 1834
1732 1835
1733 1837
1734 1837
1735 1838
1736 1840
1737 1841
1738 1843
1739 1844
1740 1846
1741 1847
1742 1849
1743 1850
1744 1852
1745 1852
1746 1853
1747 1855
1748 1856
1749 1858
1750 1859
1751 1861
1752 1862
1753 1864
1754 1865
1755 1865
1756 1867
1757 1868
1758 1870
1759 1871
1760 1873
1761 1874
1762 1876
1763 1877
1764 1877
1765 1879
1766 1880
1768 1882
1769 1883
1770 1885
1771 1886
1772 1888
1773 1889
1774 1889
1775 1891
1776 1892
1777 1894
1778 1895
1779 1897
1780 1898
1781 1900
1782 1901
1783 1901
1784 1903
1785 1904
1786 1906
1787 1907
1788 1909
1789 1910
1790 1912
1791 1912
1792 1913
1793 1915
1794 1916
1795 1918
1796 1919
1797 1921
1798 1922
1799 1922
1800 1924
1801 1925
1802 1927
1803 1929
1804 1930
1805 1932
1806 1932
1807 1933
1808 1935
1809 1936
1811 1938
1812 1939
1813 1941
1814 1941
1815 1942
1816 1944
1817 1945
1818 1947
1819 1948
1820 1950
1821 1950
1822 1952
1823 1953
1824 1955
1825 1956
1826 1958
1827 1959
1828 1959
1829 1961
1830 1962
1831 1964
1832 1965
1833 1967
1834 1969
1835 1969
1836 1970
1837 1972
1838 1973
1839 1975
1840 1976
1841 1976
1842 1978
1843 1979
1844 1981
1845 1982
1846 1984
1847 1984
1848 1986
1849 1987
1850 1989
1851 1990
1852 1992
1854 1993
1855 1993
1856 1995
1857 1996
1858 1998
1859 2000
1860 2000
1861 2001
1862 2003
1863 2004
1864 2006
1865 2007
1866 2007
1867 2009
1868 2011
1869 2012
1870 2014
1871 2015
1872 2015
1873 2017
1874 2018
1875 2020
1876 2022
1877 2023
1878 2023
1879 2025
1880 2026
1881 2028
1882 2029
1883 2029
1884 2031
1885 2033
1886 2034
1887 2036
1888 2036
1889 2037
1890 2039
1891 2040
1892 2042
1893 2044
1894 2044
1895 2045
1897 2047
1898 2048
1899 2050
1900 2050
1901 2052
1902 2053
1903 2055
1904 2056
1905 2056
1906 2058
1907 2060
1908 2061
1909 2063
1910 2063
1911 2064
1912 2066
1913 2067
1914 2069
1915 2069
1916 2071
1917 2072
1918 2074
1919 2075
1920 2075
1921 2077
1922 2079
1923 2080
1924 2082
1925 2082
1926 2083
1927 2085
1928 2087
1929 2087
1930 2088
1931 2090
1932 2091
1933 2093
1934 2093
1935 2095
1936 2096
1937 2098
1938 2099
1940 2099
1941 2101
1942 2103
1943 2104
1944 2104
1945 2106
1946 2108
1947 2109
1948 2111
1949 2111
1950 2112
1951 2114
1952 2116
1953 2116
1954 2117
1955 2119
1956 2120
1957 2122
1958 2122
1959 2124
1960 2125
1961 2127
1962 2127
1963 2129
1964 2130
1965 2132
1966 2132
1967 2133
1968 2135
1969 2137
1970 2137
1971 2138
1972 2140
1973 2142
1974 2143
1975 2143
1976 2145
1977 2146
1978 2148
1979 2148
1980 2150
1981 2151
1983 2153
1984 2153
1985 2155
1986 2156
1987 2158
1988 2158
1989 2160
1990 2161
1991 2163
1992 2163
1993 2164
1994 2166
1995 2168
1996 2168
1997 2169
1998 2171
1999 2173
2000 2173
2001 2174
2002 2176
2003 2178
2004 2178
2005 2179
2006 2181
2007 2182
2008 2182
2009 2184
2010 2186
2011 2186
2012 2187
2013 2189
2014 2191
2015 2191
2016 2192
2017 2194
2018 2196
2019 2196
2020 2197
2021 2199
2022 2201
2023 2201
2024 2202
2026 2204
2027 2204
2028 2206
2029 2207
2030 2209
2031 2209
2032 2211
2033 2212
2034 2214
2035 2214
2036 2216
2037 2217
2038 2217
2039 2219
2040 2221
2041 2222
2042 2222
2043 2224
2044 2226
2045 2226
2046 2227
2047 2229
2048 2231
2049 2231
2050 2232
2051 2234
2052 2236
2053 2236
2054 2237
2055 2239
2056 2239
2057 2241
2058 2242
2059 2242
2060 2244
2061 2246
2062 2247
2063 2247
2064 2249
2065 2251
2066 2251
2067 2252
2068 2254
2070 2256
2071 2256
2072 2257
2073 2259
2074 2259
2075 2261
2076 2262
2077 2262
2078 2264
2079 2266
2080 2267
2081 2267
2082 2269
2083 2271
2084 2271
2085 2272
2086 2274
2087 2274
2088 2276
2089 2278
2090 2279
2091 2279
2092 2281
2093 2283
2094 2283
2095 2284
2096 2286
2097 2286
2098 2288
2099 2289
2100 2289
2101 2291
2102 2293
2103 2293
2104 2294
2105 2296
2106 2298
2107 2298
2108 2300
2109 2301
2110 2301
2111 2303
2113 2305
2114 2305
2115 2306
2116 2308
2117 2308
2118 2310
2119 2311
2120 2311
2121 2313
2122 2315
2123 2315
2124 2317
2125 2318
2126 2318
2127 2320
2128 2322
2129 2322
2130 2323
2131 2325
2132 2325
2133 2327
2134 2329
2135 2329
2136 2330
2137 2332
2138 2332
2139 2334
2140 2335
2141 2335
2142 2337
2143 2339
2144 2339
2145 2340
2146 2342
2147 2342
2148 2344
2149 2346
2150 2346
2151 2347
2152 2349
2153 2349
2154 2351
2156 2353
2157 2353
2158 2354
2159 2356
2160 2356
2161 2358
2162 2359
2163 2359
2164 2361
2165 2363
2166 2363
2167 2365
2168 2365
2169 2366
2170 2368
2171 2368
2172 2370
2173 2371
2174 2371
2175 2373
2176 2375
2177 2375
2178 2377
2179 2378
2180 2378
2181 2380
2182 2380
2183 2382
2184 2384
2185 2384
2186 2385
2187 2387
2188 2387
2189 2389
2190 2391
2191 2391
2192 2392
2193 2394
2194 2394
2195 2396
2196 2396
2197 2398
2199 2399
2200 2399
2201 2401
2202 2403
2203 2403
2204 2404
2205 2404
2206 2406
2207 2408
2208 2408
2209 2410
2210 2411
2211 2411
2212 2413
2213 2413
2214 2415
2215 2417
2216 2417
2217 2418
2218 2420
2219 2420
2220 2422
2221 2422
2222 2424
2223 2425
2224 2425
2225 2427
2226 2429
2227 2429
2228 2431
2229 2431
2230 2432
2231 2434
2232 2434
2233 2436
2234 2436
2235 2438
2236 2439
2237 2439
2238 2441
2239 2443
2240 2443
2242 2445
2243 2445
2244 2447
2245 2448
2246 2448
2247 2450
2248 2450
2249 2452
2250 2454
2251 2454
2252 2455
2253 2455
2254 2457
2255 2459
2256 2459
2257 2461
2258 2461
2259 2462
2260 2464
2261 2464
2262 2466
2263 2466
2264 2468
2265 2469
2266 2469
2267 2471
2268 2471
2269 2473
2270 2475
2271 2475
2272 2477
2273 2477
2274 2478
2275 2480
2276 2480
2277 2482
2278 2482
2279 2484
2280 2485
2281 2485
2282 2487
2283 2487
2285 2489
2286 2491
2287 2491
2288 2493
2289 2493
2290 2494
2291 2494
2292 2496
2293 2498
2294 2498
2295 2500
2296 2500
2297 2501
2298 2503
2299 2503
2300 2505
2301 2505
2302 2507
2303 2507
2304 2509
2305 2510
2306 2510
2307 2512
2308 2512
2309 2514
2310 2514
2311 2516
2312 2518
2313 2518
2314 2519
2315 2519
2316 2521
2317 2521
2318 2523
2319 2525
2320 2525
2321 2527
2322 2527
2323 2528
2324 2528
2325 2530
2326 2532
2328 2532
2329 2534
2330 2534
2331 2536
2332 2536
2333 2537
2334 2539
2335 2539
2336 2541
2337 2541
2338 2543
2339 2543
2340 2545
2341 2546
2342 2546
2343 2548
2344 2548
2345 2550
2346 2550
2347 2552
2348 2552
2349 2554
2350 2555
2351 2555
2352 2557
2353 2557
2354 2559
2355 2559
2356 2561
2357 2561
2358 2563
2359 2564
2360 2564
2361 2566
2362 2566
2363 2568
2364 2568
2365 2570
2366 2570
2367 2572
2368 2572
2369 2573
2371 2575
2372 2575
2373 2577
2374 2577
2375 2579
2376 2579
2377 2581
2378 2581
2379 2583
2380 2584
2381 2584
2382 2586
2383 2586
2384 2588
2385 2588
2386 2590
2387 2590
2388 2592
2389 2592
2390 2593
2391 2593
2392 2595
2393 2597
2394 2597
2395 2599
2396 2599
2397 2601
2398 2601
2399 2603
2400 2603
2401 2604
2402 2604
2403 2606
2404 2606
2405 2608
2406 2608
2407 2610
2408 2612
2409 2612
2410 2614
2411 2614
2412 2615
2414 2615
2415 2617
2416 2617
2417 2619
2418 2619
2419 2621
2420 2621
2421 2623
2422 2623
2423 2624
2424 2624
2425 2626
2426 2626
2427 2628
2428 2630
2429 2630
2430 2632
2431 2632
2432 2634
2433 2634
2434 2636
2435 2636
2436 2637
2437 2637
2438 2639
2439 2639
2440 2641
2441 2641
2442 2643
2443 2643
2444 2645
2445 2645
2446 2647
2447 2647
2448 2648
2449 2648
2450 2650
2451 2650
2452 2652
2453 2652
2454 2654
2455 2654
2457 2656
2458 2656
2459 2658
2460 2659
2461 2659
2462 2661
2463 2661
2464 2663
2465 2663
2466 2665
2467 2665
2468 2667
2469 2667
2470 2669
2471 2669
2472 2671
2473 2671
2474 2672
2475 2672
2476 2674
2477 2674
2478 2676
2479 2676
2480 2678
2481 2678
2482 2680
2483 2680
2484 2682
2485 2682
2486 2684
2487 2684
2488 2685
2489 2685
2490 2687
2491 2687
2492 2689
2493 2689
2494 2691
2495 2691
2496 2693
2497 2693
2498 2695
2499 2695
2501 2697
2502 2697
2503 2698
2504 2698
2505 2698
2506 2700
2507 2700
2508 2702
2509 2702
2510 2704
2511 2704
2512 2706
2513 2706
2514 2708
2515 2708
2516 2710
2517 2710
2518 2712
2519 2712
2520 2713
2521 2713
2522 2715
2523 2715
2524 2717
2525 2717
2526 2719
2527 2719
2528 2721
2529 2721
2530 2723
2531 2723
2532 2725
2533 2725
2534 2726
2535 2726
2536 2728
2537 2728
2538 2728
2539 2730
2540 2730
2541 2732
2542 2732
2544 2734
2545 2734
2546 2736
2547 2736
2548 2738
2549 2738
2550 2740
2551 2740
2552 2742
2553 2742
2554 2743
2555 2743
2556 2745
2557 2745
2558 2745
2559 2747
2560 2747
2561 2749
2562 2749
2563 2751
2564 2751
2565 2753
2566 2753
2567 2755
2568 2755
2569 2757
2570 2757
2571 2758
2572 2758
2573 2758
2574 2760
2575 2760
2576 2762
2577 2762
2578 2764
2579 2764
2580 2766
2581 2766
2582 2768
2583 2768
2584 2770
2585 2770
2587 2772
2588 2772
2589 2772
2590 2774
2591 2774
2592 2775
2593 2775
2594 2777
2595 2777
2596 2779
2597 2779
2598 2781
2599 2781
2600 2781
2601 2783
2602 2783
2603 2785
2604 2785
2605 2787
2606 2787
2607 2789
2608 2789
2609 2791
2610 2791
2611 2791
2612 2793
2613 2793
2614 2794
2615 2794
2616 2796
2617 2796
2618 2798
2619 2798
2620 2800
2621 2800
2622 2800
2623 2802
2624 2802
2625 2804
2626 2804
2627 2806
2628 2806
2630 2808
2631 2808
2632 2808
2633 2810
2634 2810
2635 2812
2636 2812
2637 2814
2638 2814
2639 2815
2640 2815
2641 2815
2642 2817
2643 2817
2644 2819
2645 2819
2646 2821
2647 2821
2648 2823
2649 2823
2650 2823
2651 2825
2652 2825
2653 2827
2654 2827
2655 2829
2656 2829
2657 2829
2658 2831
2659 2831
2660 2833
2661 2833
2662 2835
2663 2835
2664 2836
2665 2836
2666 2836
2667 2838
2668 2838
2669 2840
2670 2840
2671 2842
2673 2842
2674 2842
2675 2844
2676 2844
2677 2846
2678 2846
2679 2848
2680 2848
2681 2848
2682 2850
2683 2850
2684 2852
2685 2852
2686 2854
2687 2854
2688 2854
2689 2856
2690 2856
2691 2858
2692 2858
2693 2860
2694 2860
2695 2860
2696 2861
2697 2861
2698 2863
2699 2863
2700 2865
2701 2865
2702 2865
2703 2867
2704 2867
2705 2869
2706 2869
2707 2871
2708 2871
2709 2871
2710 2873
2711 2873
2712 2875
2713 2875
2714 2877
2716 2877
2717 2877
2718 2879
2719 2879
2720 2881
2721 2881
2722 2881
2723 2883
2724 2883
2725 2885
2726 2885
2727 2887
2728 2887
2729 2887
2730 2889
2731 2889
2732 2890
2733 2890
2734 2890
2735 2892
2736 2892
2737 2894
2738 2894
2739 2896
2740 2896
2741 2896
2742 2898
2743 2898
2744 2900
2745 2900
2746 2900
2747 2902
2748 2902
2749 2904
2750 2904
2751 2904
2752 2906
2753 2906
2754 2908
2755 2908
2756 2910
2757 2910
2759 2910
2760 2912
2761 2912
2762 2914
2763 2914
2764 2914
2765 2916
2766 2916
2767 2918
2768 2918
2769 2918
2770 2920
2771 2920
2772 2922
2773 2922
2774 2922
2775 2924
2776 2924
2777 2925
2778 2925
2779 2927
2780 2927
2781 2927
2782 2929
2783 2929
2784 2931
2785 2931
2786 2931
2787 2933
2788 2933
2789 2935
2790 2935
2791 2935
2792 2937
2793 2937
2794 2939
2795 2939
2796 2939
2797 2941
2798 2941
2799 2943
2800 2943
2802 2943
2803 2945
2804 2945
2805 2947
2806 2947
2807 2947
2808 2949
2809 2949
2810 2951
2811 2951
2812 2951
2813 2953
2814 2953
2815 2955
2816 2955
2817 2955
2818 2957
2819 2957
2820 2959
2821 2959
2822 2959
2823 2961
2824 2961
2825 2963
2826 2963
2827 2963
2828 2965
2829 2965
2830 2965
2831 2967
2832 2967
2833 2969
2834 2969
2835 2969
2836 2971
2837 2971
2838 2973
2839 2973
2840 2973
2841 2975
2842 2975
2843 2976
2845 2976
2846 2976
2847 2978
2848 2978
2849 2980
2850 2980
2851 2980
2852 2982
2853 2982
2854 2982
2855 2984
2856 2984
2857 2986
2858 2986
2859 2986
2860 2988
2861 2988
2862 2990
2863 2990
2864 2990
2865 2992
2866 2992
2867 2994
2868 2994
2869 2994
2870 2996
2871 2996
2872 2996
2873 2998
2874 2998
2875 3000
2876 3000
2877 3000
2878 3002
2879 3002
2880 3004
2881 3004
2882 3004
2883 3006
2884 3006
2885 3006
2886 3008
2887 3008
2889 3010
2890 3010
2891 3010
2892 3012
2893 3012
2894 3014
2895 3014
2896 3014
2897 3016
2898 3016
2899 3016
2900 3018
2901 3018
2902 3020
2903 3020
2904 3020
2905 3022
2906 3022
2907 3022
2908 3024
2909 3024
2910 3026
2911 3026
2912 3026
2913 3028
2914 3028
2915 3030
2916 3030
2917 3030
2918 3032
2919 3032
2920 3032
2921 3034
2922 3034
2923 3036
2924 3036
2925 3036
2926 3038
2927 3038
2928 3038
2929 3040
2930 3040
2932 3042
2933 3042
2934 3042
2935 3044
2936 3044
2937 3044
2938 3046
2939 3046
2940 3048
2941 3048
2942 3048
2943 3050
2944 3050
2945 3050
2946 3052
2947 3052
2948 3054
2949 3054
2950 3054
2951 3056
2952 3056
2953 3056
2954 3058
2955 3058
2956 3060
2957 3060
2958 3060
2959 3062
2960 3062
2961 3062
2962 3064
2963 3064
2964 3066
2965 3066
2966 3066
2967 3068
2968 3068
2969 3068
2970 3070
2971 3070
2972 3072
2973 3072
2975 3072
2976 3074
2977 3074
2978 3074
2979 3076
2980 3076
2981 3076
2982 3078
2983 3078
2984 3080
2985 3080
2986 3080
2987 3082
2988 3082
2989 3082
2990 3084
2991 3084
2992 3086
2993 3086
2994 3086
2995 3088
2996 3088
2997 3088
2998 3090
2999 3090
3000 3092
3001 3092
3002 3092
3003 3094
3004 3094
3005 3094
3006 3096
3007 3096
3008 3096
3009 3098
3010 3098
3011 3100
3012 3100
3013 3100
3014 3102
3015 3102
3016 3102
3018 3104
3019 3104
3020 3106
3021 3106
3022 3106
3023 3108
3024 3108
3025 3108
3026 3110
3027 3110
3028 3110
3029 3112
3030 3112
3031 3114
3032 3114
3033 3114
3034 3116
3035 3116
3036 3116
3037 3118
3038 3118
3039 3118
3040 3120
3041 3120
3042 3122
3043 3122
3044 3122
3045 3124
3046 3124
3047 3124
3048 3126
3049 3126
3050 3128
3051 3128
3052 3128
3053 3130
3054 3130
3055 3130
3056 3132
3057 3132
3058 3132
3059 3135
3061 3135
3062 3137
3063 3137
3064 3137
3065 3139
3066 3139
3067 3139
3068 3141
3069 3141
3070 3141
3071 3143
3072 3143
3073 3145
3074 3145
3075 3145
3076 3147
3077 3147
3078 3147
3079 3149
3080 3149
3081 3149
3082 3151
3083 3151
3084 3153
3085 3153
3086 3153
3087 3155
3088 3155
3089 3155
3090 3157
3091 3157
3092 3157
3093 3159
3094 3159
3095 3161
3096 3161
3097 3161
3098 3163
3099 3163
3100 3163
3101 3165
3102 3165
3104 3165
3105 3167
3106 3167
3107 3169
3108 3169
3109 3169
3110 3171
3111 3171
3112 3171
3113 3173
3114 3173
3115 3173
3116 3175
3117 3175
3118 3175
3119 3177
3120 3177
3121 3179
3122 3179
3123 3179
3124 3181
3125 3181
3126 3181
3127 3183
3128 3183
3129 3183
3130 3185
3131 3185
3132 3188
3133 3188
3134 3188
3135 3190
3136 3190
3137 3190
3138 3192
3139 3192
3140 3192
3141 3194
3142 3194
3143 3196
3144 3196
3145 3196
3147 3198
3148 3198
3149 3198
3150 3200
3151 3200
3152 3200
3153 3202
3154 3202
3155 3204
3156 3204
3157 3204
3158 3206
3159 3206
3160 3206
3161 3208
3162 3208
3163 3208
3164 3210
3165 3210
3166 3212
3167 3212
3168 3212
3169 3214
3170 3214
3171 3214
3172 3216
3173 3216
3174 3216
3175 3218
3176 3218
3177 3220
3178 3220
3179 3220
3180 3222
3181 3222
3182 3222
3183 3225
3184 3225
3185 3225
3186 3227
3187 3227
3188 3229
3190 3229
3191 3229
3192 3231
3193 3231
3194 3231
3195 3233
3196 3233
3197 3233
3198 3235
3199 3235
3200 3237
3201 3237
3202 3237
3203 3239
3204 3239
3205 3239
3206 3241
3207 3241
3208 3241
3209 3243
3210 3243
3211 3245
3212 3245
3213 3245
3214 3247
3215 3247
3216 3247
3217 3249
3218 3249
3219 3249
3220 3251
3221 3251
3222 3253
3223 3253
3224 3253
3225 3256
3226 3256
3227 3256
3228 3258
3229 3258
3230 3258
3231 3260
3233 3260
3234 3262
3235 3262
3236 3262
3237 3264
3238 3264
3239 3264
3240 3266
3241 3266
3242 3266
3243 3268
3244 3268
3245 3270
3246 3270
3247 3270
3248 3272
3249 3272
3250 3272
3251 3274
3252 3274
3253 3274
3254 3276
3255 3276
3256 3278
3257 3278
3258 3278
3259 3280
3260 3280
3261 3280
3262 3283
3263 3283
3264 3285
3265 3285
3266 3285
3267 3287
3268 3287
3269 3287
3270 3289
3271 3289
3272 3289
3273 3291
3274 3291
3276 3293
3277 3293
3278 3293
3279 3295
3280 3295
3281 3295
3282 3297
3283 3297
3284 3299
3285 3299
3286 3299
3287 3301
3288 3301
3289 3301
3290 3303
3291 3303
3292 3303
3293 3306
3294 3306
3295 3308
3296 3308
3297 3308
3298 3310
3299 3310
3300 3310
3301 3312
3302 3312
3303 3314
3304 3314
3305 3314
3306 3316
3307 3316
3308 3316
3309 3318
3310 3318
3311 3320
3312 3320
3313 3320
3314 3322
3315 3322
3316 3322
3317 3324
3318 3324
3320 3324
3321 3326
3322 3326
3323 3329
3324 3329
3325 3329
3326 3331
3327 3331
3328 3331
3329 3333
3330 3333
3331 3335
3332 3335
3333 3335
3334 3337
3335 3337
3336 3337
3337 3339
3338 3339
3339 3341
3340 3341
3341 3341
3342 3343
3343 3343
3344 3343
3345 3345
3346 3345
3347 3347
3348 3347
3349 3347
3350 3350
3351 3350
3352 3350
3353 3352
3354 3352
3355 3354
3356 3354
3357 3354
3358 3356
3359 3356
3360 3358
3361 3358
3363 3358
3364 3360
3365 3360
3366 3360
3367 3362
3368 3362
3369 3364
3370 3364
3371 3364
3372 3366
3373 3366
3374 3366
3375 3369
3376 3369
3377 3371
3378 3371
3379 3371
3380 3373
3381 3373
3382 3373
3383 3375
3384 3375
3385 3377
3386 3377
3387 3377
3388 3379
3389 3379
3390 3381
3391 3381
3392 3381
3393 3383
3394 3383
3395 3383
3396 3386
3397 3386
3398 3388
3399 3388
3400 3388
3401 3390
3402 3390
3403 3392
3404 3392
3406 3392
3407 3394
3408 3394
3409 3394
3410 3396
3411 3396
3412 3398
3413 3398
3414 3398
3415 3400
3416 3400
3417 3402
3418 3402
3419 3402
3420 3405
3421 3405
3422 3405
3423 3407
3424 3407
3425 3409
3426 3409
3427 3409
3428 3411
3429 3411
3430 3413
3431 3413
3432 3413
3433 3415
3434 3415
3435 3417
3436 3417
3437 3417
3438 3420
3439 3420
3440 3420
3441 3422
3442 3422
3443 3424
3444 3424
3445 3424
3446 3426
3447 3426
3449 3428
3450 3428
3451 3428
3452 3430
3453 3430
3454 3432
3455 3432
3456 3432
3457 3434
3458 3434
3459 3437
3460 3437
3461 3437
3462 3439
3463 3439
3464 3441
3465 3441
3466 3441
3467 3443
3468 3443
3469 3445
3470 3445
3471 3445
3472 3447
3473 3447
3474 3449
3475 3449
3476 3449
3477 3452
3478 3452
3479 3454
3480 3454
3481 3454
3482 3456
3483 3456
3484 3458
3485 3458
3486 3458
3487 3460
3488 3460
3489 3462
3490 3462
3492 3462
3493 3464
3494 3464
3495 3467
3496 3467
3497 3467
3498 3469
3499 3469
3500 3471
3501 3471
3502 3471
3503 3473
3504 3473
3505 3475
3506 3475
3507 3475
3508 3477
3509 3477
3510 3479
3511 3479
3512 3479
3513 3482
3514 3482
3515 3484
3516 3484
3517 3484
3518 3486
3519 3486
3520 3488
3521 3488
3522 3490
3523 3490
3524 3490
3525 3492
3526 3492
3527 3495
3528 3495
3529 3495
3530 3497
3531 3497
3532 3499
3533 3499
3535 3499
3536 3501
3537 3501
3538 3503
3539 3503
3540 3505
3541 3505
3542 3505
3543 3507
3544 3507
3545 3510
3546 3510
3547 3510
3548 3512
3549 3512
3550 3514
3551 3514
3552 3514
3553 3516
3554 3516
3555 3518
3556 3518
3557 3520
3558 3520
3559 3520
3560 3523
3561 3523
3562 3525
3563 3525
3564 3527
3565 3527
3566 3527
3567 3529
3568 3529
3569 3531
3570 3531
3571 3531
3572 3533
3573 3533
3574 3536
3575 3536
3576 3538
3578 3538
3579 3538
3580 3540
3581 3540
3582 3542
3583 3542
3584 3544
3585 3544
3586 3544
3587 3547
3588 3547
3589 3549
3590 3549
3591 3551
3592 3551
3593 3551
3594 3553
3595 3553
3596 3555
3597 3555
3598 3557
3599 3557
3600 3557
3601 3560
3602 3560
3603 3562
3604 3562
3605 3564
3606 3564
3607 3564
3608 3566
3609 3566
3610 3568
3611 3568
3612 3570
3613 3570
3614 3570
3615 3573
3616 3573
3617 3575
3618 3575
3619 3577
3621 3577
3622 3577
3623 3579
3624 3579
3625 3581
3626 3581
3627 3584
3628 3584
3629 3586
3630 3586
3631 3586
3632 3588
3633 3588
3634 3590
3635 3590
3636 3592
3637 3592
3638 3595
3639 3595
3640 3595
3641 3597
3642 3597
3643 3599
3644 3599
3645 3601
3646 3601
3647 3601
3648 3603
3649 3603
3650 3606
3651 3606
3652 3608
3653 3608
3654 3610
3655 3610
3656 3612
3657 3612
3658 3612
3659 3614
3660 3614
3661 3616
3662 3616
3664 3619
3665 3619
3666 3621
3667 3621
3668 3621
3669 3623
3670 3623
3671 3625
3672 3625
3673 3627
3674 3627
3675 3630
3676 3630
3677 3632
3678 3632
3679 3632
3680 3634
3681 3634
3682 3636
3683 3636
3684 3639
3685 3639
3686 3641
3687 3641
3688 3643
3689 3643
3690 3643
3691 3645
3692 3645
3693 3647
3694 3647
3695 3650
3696 3650
3697 3652
3698 3652
3699 3654
3700 3654
3701 3656
3702 3656
3703 3656
3704 3658
3705 3658
3706 3661
3708 3661
3709 3663
3710 3663
3711 3665
3712 3665
3713 3667
3714 3667
3715 3669
3716 3669
3717 3672
3718 3672
3719 3672
3720 3674
3721 3674
3722 3676
3723 3676
3724 3678
3725 3678
3726 3681
3727 3681
3728 3683
3729 3683
3730 3685
3731 3685
3732 3687
3733 3687
3734 3689
3735 3689
3736 3689
3737 3692
3738 3692
3739 3694
3740 3694
3741 3696
3742 3696
3743 3698
3744 3698
3745 3701
3746 3701
3747 3703
3748 3703
3749 3705
3751 3705
3752 3707
3753 3707
3754 3709
3755 3709
3756 3712
3757 3712
3758 3714
3759 3714
3760 3714
3761 3716
3762 3716
3763 3718
3764 3718
3765 3721
3766 3721
3767 3723
3768 3723
3769 3725
3770 3725
3771 3727
3772 3727
3773 3730
3774 3730
3775 3732
3776 3732
3777 3734
3778 3734
3779 3736
3780 3736
3781 3739
3782 3739
3783 3741
3784 3741
3785 3743
3786 3743
3787 3745
3788 3745
3789 3747
3790 3747
3791 3750
3792 3750
3794 3752
3795 3752
3796 3754
3797 3754
3798 3756
3799 3756
3800 3759
3801 3759
3802 3761
3803 3761
3804 3763
3805 3763
3806 3765
3807 3765
3808 3768
3809 3768
3810 3770
3811 3770
3812 3772
3813 3772
3814 3774
3815 3774
3816 3777
3817 3777
3818 3779
3819 3779
3820 3781
3821 3781
3822 3783
3823 3783
3824 3786
3825 3786
3826 3788
3827 3788
3828 3790
3829 3790
3830 3792
3831 3792
3832 3795
3833 3795
3834 3797
3835 3797
3837 3799
3838 3799
3839 3801
3840 3801
3841 3804
3842 3804
3843 3806
3844 3808
3845 3808
3846 3811
3847 3811
3848 3813
3849 3813
3850 3815
3851 3815
3852 3817
3853 3817
3854 3820
3855 3820
3856 3822
3857 3822
3858 3824
3859 3824
3860 3826
3861 3826
3862 3829
3863 3829
3864 3831
3865 3831
3866 3833
3867 3835
3868 3835
3869 3838
3870 3838
3871 3840
3872 3840
3873 3842
3874 3842
3875 3845
3876 3845
3877 3847
3878 3847
3880 3849
3881 3849
3882 3851
3883 3851
3884 3854
3885 3856
3886 3856
3887 3858
3888 3858
3889 3860
3890 3860
3891 3863
3892 3863
3893 3865
3894 3865
3895 3867
3896 3867
3897 3870
3898 3872
3899 3872
3900 3874
3901 3874
3902 3876
3903 3876
3904 3879
3905 3879
3906 3881
3907 3881
3908 3883
3909 3886
3910 3886
3911 3888
3912 3888
3913 3890
3914 3890
3915 3892
3916 3892
3917 3895
3918 3895
3919 3897
3920 3899
3921 3899
3923 3902
3924 3902
3925 3904
3926 3904
3927 3906
3928 3906
3929 3909
3930 3911
3931 3911
3932 3913
3933 3913
3934 3915
3935 3915
3936 3918
3937 3918
3938 3920
3939 3922
3940 3922
3941 3925
3942 3925
3943 3927
3944 3927
3945 3929
3946 3931
3947 3931
3948 3934
3949 3934
3950 3936
3951 3936
3952 3938
3953 3938
3954 3941
3955 3943
3956 3943
3957 3945
3958 3945
3959 3948
3960 3948
3961 3950
3962 3952
3963 3952
3964 3955
3966 3955
3967 3957
3968 3957
3969 3959
3970 3961
3971 3961
3972 3964
3973 3964
3974 3966
3975 3966
3976 3968
3977 3971
3978 3971
3979 3973
3980 3973
3981 3975
3982 3978
3983 3978
3984 3980
3985 3980
3986 3982
3987 3982
3988 3985
3989 3987
3990 3987
3991 3989
3992 3989
3993 3992
3994 3994
3995 3994
3996 3996
3997 3996
3998 3999
3999 3999
4000 4001
4001 4003
4002 4003
4003 4006
4004 4006
4005 4008
4006 4010
4007 4010
4009 4013
4010 4013
4011 4015
4012 4017
