81 369
82 369
83 368
84 368
85 368
87 368
88 367
89 367
90 367
91 367
92 366
93 366
94 366
95 366
96 365
97 365
98 365
99 365
100 365
101 364
102 364
103 364
104 364
105 364
106 363
107 363
108 363
109 363
110 362
111 362
112 362
113 362
114 362
115 361
116 361
117 361
118 361
119 361
120 361
121 360
122 360
123 360
124 360
125 360
126 360
127 359
128 359
130 359
131 359
132 359
133 359
134 358
135 358
136 358
137 358
138 358
139 358
140 358
141 357
142 357
143 357
144 357
145 357
146 357
147 357
148 357
149 356
150 356
151 356
152 356
153 356
154 356
155 356
156 356
157 355
158 355
159 355
160 355
161 355
162 355
163 355
164 355
165 355
166 355
167 354
168 354
169 354
170 354
171 354
173 354
174 354
175 354
176 354
177 354
178 354
179 354
180 354
181 354
182 353
183 353
184 353
185 353
186 353
187 353
188 353
189 353
190 353
191 353
192 353
193 353
194 353
195 353
196 353
197 353
198 353
199 353
200 353
201 353
202 353
203 353
204 353
205 353
206 353
207 353
208 353
209 353
210 353
211 353
212 353
213 353
214 353
216 353
217 353
218 353
219 353
220 353
221 353
222 353
223 353
224 353
225 353
226 353
227 353
228 353
229 353
230 353
231 353
232 353
233 353
234 353
235 353
236 353
237 353
238 353
239 353
240 353
241 353
242 353
243 354
244 354
245 354
246 354
247 354
248 354
249 354
250 354
251 354
252 354
253 354
254 354
255 354
256 354
257 355
259 355
260 355
261 355
262 355
263 355
264 355
265 355
266 355
267 355
268 355
269 356
270 356
271 356
272 356
273 356
274 356
275 356
276 356
277 357
278 357
279 357
280 357
281 357
282 357
283 357
284 357
285 358
286 358
287 358
288 358
289 358
290 358
291 358
292 359
293 359
294 359
295 359
296 359
297 359
298 360
299 360
300 360
302 360
303 360
304 360
305 361
306 361
307 361
308 361
309 361
310 362
311 362
312 362
313 362
314 362
315 362
316 363
317 363
318 363
319 363
320 363
321 364
322 364
323 364
324 364
325 364
326 365
327 365
328 365
329 365
330 366
331 366
332 366
333 366
334 367
335 367
336 367
337 367
338 367
339 368
340 368
341 368
342 368
343 369
345 369
346 369
347 370
348 370
349 370
350 370
351 370
352 371
353 371
354 371
355 372
356 372
357 372
358 372
359 373
360 373
361 373
362 373
363 374
364 374
365 374
366 375
367 375
368 375
369 375
370 376
371 376
372 376
373 377
374 377
375 377
376 378
377 378
378 378
379 379
380 379
381 379
382 380
383 380
384 380
385 380
386 381
388 381
389 381
390 382
391 382
392 382
393 383
394 383
395 383
396 384
397 384
398 385
399 385
400 385
401 386
402 386
403 386
404 387
405 387
406 387
407 388
408 388
409 388
410 389
411 389
412 390
413 390
414 390
415 391
416 391
417 392
418 392
419 392
420 392
421 393
422 393
423 394
424 394
425 395
426 395
427 395
428 396
429 396
430 397
432 397
433 397
434 398
435 398
436 399
437 399
438 399
439 400
440 400
441 401
442 401
443 402
444 402
445 402
446 403
447 403
448 404
449 404
450 405
451 405
452 405
453 406
454 406
455 407
456 407
457 408
458 408
459 409
460 409
461 410
462 410
463 410
464 411
465 411
466 412
467 412
468 413
469 413
470 414
471 414
472 415
473 415
475 416
476 416
477 417
478 417
479 418
480 418
481 418
482 419
483 419
484 420
485 421
486 421
487 422
488 422
489 423
490 423
491 423
492 424
493 424
494 425
495 426
496 426
497 427
498 427
499 428
500 428
501 429
502 429
503 430
504 430
505 431
506 431
507 432
508 432
509 433
510 433
511 434
512 435
513 435
514 436
515 436
516 437
518 438
519 438
520 439
521 439
522 440
523 440
524 441
525 441
526 442
527 443
528 443
529 444
530 444
531 445
532 445
533 446
534 447
535 447
536 448
537 448
538 449
539 449
540 450
541 451
542 451
543 452
544 452
545 453
546 454
547 454
548 455
549 456
550 456
551 457
552 457
553 458
554 458
555 459
556 460
557 460
558 461
559 461
561 462
562 463
563 463
564 464
565 465
566 465
567 466
568 467
569 467
570 468
571 469
572 469
573 470
574 470
575 471
576 472
577 472
578 473
579 474
580 474
581 475
582 476
583 476
584 477
585 477
586 478
587 479
588 480
589 480
590 481
591 482
592 482
593 483
594 484
595 484
596 485
597 486
598 486
599 487
600 488
601 488
602 489
604 490
605 490
606 491
607 492
608 493
609 493
610 494
611 494
612 495
613 496
614 497
615 498
616 498
617 499
618 499
619 500
620 501
621 502
622 503
623 503
624 504
625 505
626 506
627 506
628 507
629 507
630 508
631 509
632 510
633 511
634 511
635 512
636 513
637 514
638 514
639 515
640 516
641 517
642 517
643 518
644 519
645 519
647 520
648 521
649 522
650 522
651 523
652 524
653 525
654 525
655 526
656 527
657 528
658 528
659 529
660 530
661 531
662 532
663 532
664 533
665 534
666 535
667 535
668 537
669 537
670 538
671 539
672 540
673 540
674 541
675 542
676 543
677 544
678 544
679 545
680 546
681 547
682 547
683 549
684 549
685 550
686 551
687 552
688 552
690 553
691 554
692 555
693 556
694 557
695 557
696 558
697 559
698 560
699 561
700 562
701 563
702 563
703 564
704 565
705 566
706 566
707 568
708 568
709 569
710 570
711 571
712 571
713 573
714 573
715 574
716 575
717 576
718 577
719 578
720 578
721 579
722 580
723 581
724 582
725 583
726 583
727 585
728 585
729 586
730 587
731 588
733 589
734 590
735 590
736 592
737 592
738 593
739 594
740 595
741 596
742 597
743 597
744 599
745 599
746 600
747 601
748 602
749 603
750 604
751 605
752 606
753 606
754 608
755 608
756 610
757 610
758 611
759 612
760 613
761 614
762 615
763 616
764 617
765 617
766 619
767 619
768 621
769 621
770 622
771 623
772 624
773 625
774 626
776 627
777 628
778 629
779 630
780 631
781 632
782 633
783 634
784 634
785 636
786 636
787 638
788 638
789 639
790 640
791 641
792 642
793 643
794 644
795 645
796 646
797 647
798 648
799 649
800 650
801 651
802 652
803 653
804 654
805 655
806 656
807 656
808 657
809 658
810 659
811 660
812 661
813 662
814 663
815 664
816 665
817 666
818 667
820 669
821 669
822 671
823 671
824 672
825 673
826 674
827 675
828 676
829 677
830 678
831 679
832 680
833 681
834 682
835 684
836 684
837 685
838 686
839 687
840 688
841 689
842 690
843 691
844 693
845 693
846 695
847 695
848 696
849 697
850 698
851 700
852 700
853 702
854 702
855 704
856 705
857 705
858 707
859 707
860 709
861 710
863 711
864 712
865 713
866 714
867 715
868 716
869 717
870 718
871 719
872 720
873 721
874 722
875 723
876 724
877 726
878 726
879 728
880 728
881 730
882 731
883 731
884 733
885 734
886 735
887 736
888 737
889 738
890 739
891 740
892 741
893 743
894 743
895 745
896 746
897 746
898 748
899 749
900 750
901 751
902 752
903 753
904 754
906 755
907 756
908 758
909 758
910 759
911 761
912 762
913 763
914 764
915 765
916 766
917 767
918 768
919 769
920 771
921 772
922 772
923 774
924 775
925 776
926 777
927 779
928 779
929 780
930 782
931 782
932 784
933 785
934 786
935 787
936 788
937 790
938 790
939 791
940 793
941 794
942 795
943 796
944 797
945 798
946 799
947 801
949 802
950 802
951 804
952 805
953 806
954 807
955 808
956 810
957 810
958 812
959 813
960 814
961 815
962 816
963 818
964 819
965 819
966 821
967 822
968 823
969 824
970 825
971 827
972 828
973 829
974 830
975 831
976 833
977 833
978 834
979 836
980 837
981 838
982 839
983 840
984 842
985 843
986 844
987 845
988 846
989 848
990 849
992 849
993 851
994 852
995 853
996 855
997 855
998 857
999 858
1000 859
1001 860
1002 861
1003 862
1004 864
1005 865
1006 866
1007 867
1008 868
1009 870
1010 871
1011 872
1012 873
1013 874
1014 875
1015 877
1016 878
1017 879
1018 880
1019 881
1020 883
1021 884
1022 885
1023 886
1024 887
1025 888
1026 890
1027 891
1028 892
1029 894
1030 894
1031 895
1032 897
1033 898
1035 900
1036 901
1037 901
1038 903
1039 904
1040 905
1041 907
1042 908
1043 909
1044 910
1045 911
1046 912
1047 914
1048 915
1049 916
1050 918
1051 919
1052 919
1053 921
1054 922
1055 923
1056 925
1057 926
1058 927
1059 928
1060 929
1061 930
1062 932
1063 933
1064 935
1065 936
1066 937
1067 939
1068 939
1069 940
1070 942
1071 943
1072 944
1073 945
1074 947
1075 948
1076 949
1078 951
1079 951
1080 952
1081 954
1082 955
1083 956
1084 958
1085 959
1086 960
1087 962
1088 963
1089 964
1090 965
1091 966
1092 967
1093 969
1094 970
1095 971
1096 973
1097 974
1098 975
1099 977
1100 978
1101 979
1102 980
1103 982
1104 983
1105 983
1106 985
1107 986
1108 987
1109 989
1110 990
1111 991
1112 993
1113 994
1114 995
1115 996
1116 998
1117 999
1118 1000
1119 1002
1121 1003
1122 1004
1123 1006
1124 1007
1125 1008
1126 1009
1127 1010
1128 1011
1129 1012
1130 1014
1131 1015
1132 1016
1133 1018
1134 1019
1135 1020
1136 1021
1137 1023
1138 1024
1139 1025
1140 1027
1141 1028
1142 1029
1143 1031
1144 1032
1145 1033
1146 1034
1147 1036
1148 1037
1149 1038
1150 1040
1151 1041
1152 1042
1153 1043
1154 1045
1155 1046
1156 1047
1157 1048
1158 1050
1159 1051
1160 1052
1161 1054
1162 1055
1164 1056
1165 1057
1166 1059
1167 1060
1168 1061
1169 1063
1170 1064
1171 1065
1172 1066
1173 1068
1174 1069
1175 1070
1176 1071
1177 1073
1178 1074
1179 1075
1180 1077
1181 1078
1182 1079
1183 1080
1184 1082
1185 1083
1186 1084
1187 1085
1188 1088
1189 1089
1190 1090
1191 1091
1192 1093
1193 1094
1194 1095
1195 1096
1196 1098
1197 1099
1198 1100
1199 1101
1200 1103
1201 1104
1202 1105
1203 1106
1204 1108
1205 1109
1207 1110
1208 1111
1209 1113
1210 1114
1211 1116
1212 1117
1213 1119
1214 1120
1215 1121
1216 1122
1217 1124
1218 1125
1219 1126
1220 1127
1221 1129
1222 1130
1223 1131
1224 1132
1225 1135
1226 1136
1227 1137
1228 1138
1229 1140
1230 1141
1231 1142
1232 1143
1233 1145
1234 1146
1235 1147
1236 1148
1237 1149
1238 1152
1239 1153
1240 1154
1241 1155
1242 1157
1243 1158
1244 1159
1245 1160
1246 1162
1247 1163
1248 1165
1249 1166
1251 1167
1252 1169
1253 1170
1254 1171
1255 1172
1256 1174
1257 1175
1258 1176
1259 1178
1260 1179
1261 1181
1262 1182
1263 1183
1264 1184
1265 1185
1266 1187
1267 1188
1268 1190
1269 1191
1270 1193
1271 1194
1272 1195
1273 1196
1274 1197
1275 1199
1276 1201
1277 1202
1278 1203
1279 1204
1280 1206
1281 1207
1282 1208
1283 1209
1284 1211
1285 1213
1286 1214
1287 1215
1288 1216
1289 1217
1290 1219
1291 1221
1292 1222
1294 1223
1295 1224
1296 1226
1297 1227
1298 1228
1299 1230
1300 1231
1301 1233
1302 1234
1303 1235
1304 1236
1305 1237
1306 1240
1307 1241
1308 1242
1309 1243
1310 1244
1311 1245
1312 1248
1313 1249
1314 1250
1315 1251
1316 1252
1317 1254
1318 1256
1319 1257
1320 1258
1321 1259
1322 1260
1323 1262
1324 1264
1325 1265
1326 1266
1327 1267
1328 1269
1329 1270
1330 1272
1331 1273
1332 1274
1333 1275
1334 1277
1335 1279
1337 1280
1338 1281
1339 1282
1340 1283
1341 1285
1342 1287
1343 1288
1344 1289
1345 1290
1346 1291
1347 1294
1348 1295
1349 1296
1350 1297
1351 1298
1352 1299
1353 1301
1354 1303
1355 1304
1356 1305
1357 1306
1358 1308
1359 1309
1360 1311
1361 1312
1362 1314
1363 1315
1364 1316
1365 1317
1366 1318
1367 1321
1368 1322
1369 1323
1370 1324
1371 1325
1372 1327
1373 1329
1374 1330
1375 1331
1376 1332
1377 1334
1378 1335
1380 1336
1381 1338
1382 1340
1383 1341
1384 1342
1385 1343
1386 1344
1387 1346
1388 1348
1389 1349
1390 1350
1391 1352
1392 1353
1393 1354
1394 1355
1395 1356
1396 1359
1397 1360
1398 1361
1399 1362
1400 1364
1401 1365
1402 1366
1403 1367
1404 1370
1405 1371
1406 1372
1407 1373
1408 1374
1409 1376
1410 1377
1411 1378
1412 1381
1413 1382
1414 1383
1415 1384
1416 1385
1417 1387
1418 1388
1419 1389
1420 1392
1421 1393
1423 1394
1424 1395
1425 1396
1426 1398
1427 1399
1428 1400
1429 1401
1430 1404
1431 1405
1432 1406
1433 1407
1434 1409
1435 1410
1436 1411
1437 1412
1438 1414
1439 1415
1440 1417
1441 1419
1442 1420
1443 1421
1444 1422
1445 1424
1446 1425
1447 1426
1448 1427
1449 1429
1450 1431
1451 1432
1452 1434
1453 1435
1454 1436
1455 1437
1456 1439
1457 1440
1458 1441
1459 1442
1460 1445
1461 1446
1462 1447
1463 1449
1464 1450
1466 1451
1467 1452
1468 1454
1469 1455
1470 1456
1471 1457
1472 1459
1473 1461
1474 1462
1475 1464
1476 1465
1477 1466
1478 1467
1479 1469
1480 1470
1481 1471
1482 1473
1483 1474
1484 1475
1485 1476
1486 1479
1487 1480
1488 1481
1489 1483
1490 1484
1491 1485
1492 1487
1493 1488
1494 1489
1495 1490
1496 1492
1497 1493
1498 1494
1499 1496
1500 1497
1501 1499
1502 1501
1503 1502
1504 1503
1505 1504
1506 1506
1507 1507
1509 1508
1510 1510
1511 1511
1512 1512
1513 1514
1514 1515
1515 1516
1516 1517
1517 1519
1518 1520
1519 1521
1520 1524
1521 1525
1522 1526
1523 1528
1524 1529
1525 1530
1526 1532
1527 1533
1528 1534
1529 1536
1530 1537
1531 1538
1532 1540
1533 1541
1534 1542
1535 1543
1536 1545
1537 1546
1538 1547
1539 1549
1540 1550
1541 1551
1542 1553
1543 1555
1544 1557
1545 1558
1546 1559
1547 1561
1548 1562
1549 1563
1550 1565
1552 1566
1553 1567
1554 1568
1555 1570
1556 1571
1557 1572
1558 1574
1559 1575
1560 1576
1561 1578
1562 1579
1563 1580
1564 1582
1565 1583
1566 1584
1567 1586
1568 1587
1569 1588
1570 1590
1571 1591
1572 1592
1573 1594
1574 1595
1575 1596
1576 1598
1577 1599
1578 1600
1579 1602
1580 1603
1581 1604
1582 1606
1583 1607
1584 1608
1585 1610
1586 1611
1587 1613
1588 1614
1589 1615
1590 1617
1591 1618
1592 1619
1593 1621
1595 1622
1596 1623
1597 1625
1598 1626
1599 1627
1600 1629
1601 1630
1602 1631
1603 1633
1604 1634
1605 1636
1606 1637
1607 1638
1608 1640
1609 1641
1610 1642
1611 1644
1612 1645
1613 1646
1614 1648
1615 1649
1616 1651
1617 1652
1618 1653
1619 1655
1620 1656
1621 1657
1622 1659
1623 1660
1624 1661
1625 1663
1626 1664
1627 1666
1628 1667
1629 1668
1630 1670
1631 1671
1632 1672
1633 1674
1634 1675
1635 1677
1636 1678
1637 1679
1639 1681
1640 1682
1641 1684
1642 1685
1643 1686
1644 1688
1645 1689
1646 1690
1647 1692
1648 1693
1649 1695
1650 1696
1651 1696
1652 1697
1653 1699
1654 1700
1655 1702
1656 1703
1657 1704
1658 1706
1659 1707
1660 1709
1661 1710
1662 1711
1663 1713
1664 1714
1665 1716
1666 1717
1667 1718
1668 1720
1669 1721
1670 1723
1671 1724
1672 1725
1673 1727
1674 1728
1675 1728
1676 1730
1677 1731
1678 1732
1679 1734
1680 1735
1682 1737
1683 1738
1684 1739
1685 1741
1686 1742
1687 1744
1688 1745
1689 1747
1690 1748
1691 1749
1692 1751
1693 1751
1694 1752
1695 1754
1696 1755
1697 1757
1698 1758
1699 1759
1700 1761
1701 1762
1702 1764
1703 1765
1704 1766
1705 1768
1706 1769
1707 1771
1708 1771
1709 1772
1710 1774
1711 1775
1712 1776
1713 1778
1714 1779
1715 1781
1716 1782
1717 1784
1718 1785
1719 1787
1720 1788
1721 1788
1722 1789
1723 1791
1725 1792
1726 1794
1727 1795
1728 1797
1729 1798
1730 1799
1731 1801
1732 1802
1733 1804
1734 1804
1735 1805
1736 1807
1737 1808
1738 1810
1739 1811
1740 1813
1741 1814
1742 1815
1743 1817
1744 1818
1745 1818
1746 1820
1747 1821
1748 1823
1749 1824
1750 1826
1751 1827
1752 1828
1753 1830
1754 1831
1755 1831
1756 1833
1757 1834
1758 1836
1759 1837
1760 1839
1761 1840
1762 1842
1763 1843
1764 1843
1765 1845
1766 1846
1768 1848
1769 1849
1770 1850
1771 1852
1772 1853
1773 1855
1774 1855
1775 1856
1776 1858
1777 1859
1778 1861
1779 1862
1780 1864
1781 1865
1782 1867
1783 1867
1784 1868
1785 1870
1786 1871
1787 1873
1788 1874
1789 1876
1790 1877
1791 1877
1792 1878
1793 1880
1794 1881
1795 1883
1796 1884
1797 1886
1798 1887
1799 1887
1800 1889
1801 1890
1802 1892
1803 1893
1804 1895
1805 1896
1806 1896
1807 1898
1808 1899
1809 1901
1811 1902
1812 1904
1813 1905
1814 1905
1815 1907
1816 1908
1817 1910
1818 1911
1819 1913
1820 1914
1821 1914
1822 1916
1823 1917
1824 1919
1825 1920
1826 1922
1827 1923
1828 1923
1829 1925
1830 1926
1831 1928
1832 1929
1833 1931
1834 1932
1835 1932
1836 1934
1837 1935
1838 1937
1839 1938
1840 1940
1841 1940
1842 1941
1843 1943
1844 1944
1845 1946
1846 1947
1847 1947
1848 1949
1849 1950
1850 1952
1851 1953
1852 1955
1854 1957
1855 1957
1856 1958
1857 1960
1858 1961
1859 1963
1860 1963
1861 1964
1862 1966
1863 1967
1864 1969
1865 1970
1866 1970
1867 1972
1868 1973
1869 1975
1870 1976
1871 1978
1872 1978
1873 1979
1874 1981
1875 1982
1876 1984
1877 1986
1878 1986
1879 1987
1880 1989
1881 1990
1882 1992
1883 1992
1884 1993
1885 1995
1886 1996
1887 1998
1888 1998
1889 1999
1890 2001
1891 2002
1892 2004
1893 2006
1894 2006
1895 2007
1897 2009
1898 2010
1899 2012
1900 2012
1901 2013
1902 2015
1903 2016
1904 2018
1905 2018
1906 2019
1907 2021
1908 2023
1909 2024
1910 2024
1911 2026
1912 2027
1913 2029
1914 2030
1915 2030
1916 2032
1917 2033
1918 2035
1919 2037
1920 2037
1921 2038
1922 2040
1923 2041
1924 2043
1925 2043
1926 2044
1927 2046
1928 2047
1929 2047
1930 2049
1931 2051
1932 2052
1933 2054
1934 2054
1935 2055
1936 2057
1937 2058
1938 2060
1940 2060
1941 2062
1942 2063
1943 2065
1944 2065
1945 2066
1946 2068
1947 2069
1948 2071
1949 2071
1950 2073
1951 2074
1952 2076
1953 2076
1954 2077
1955 2079
1956 2080
1957 2082
1958 2082
1959 2084
1960 2085
1961 2087
1962 2087
1963 2088
1964 2090
1965 2091
1966 2091
1967 2093
1968 2095
1969 2096
1970 2096
1971 2098
1972 2099
1973 2101
1974 2103
1975 2103
1976 2104
1977 2106
1978 2107
1979 2107
1980 2109
1981 2111
1983 2112
1984 2112
1985 2114
1986 2115
1987 2117
1988 2117
1989 2118
1990 2120
1991 2122
1992 2122
1993 2123
1994 2125
1995 2126
1996 2126
1997 2128
1998 2130
1999 2131
2000 2131
2001 2133
2002 2134
2003 2136
2004 2136
2005 2138
2006 2139
2007 2141
2008 2141
2009 2142
2010 2144
2011 2144
2012 2146
2013 2147
2014 2149
2015 2149
2016 2151
2017 2152
2018 2154
2019 2154
2020 2155
2021 2157
2022 2159
2023 2159
2024 2160
2026 2162
2027 2162
2028 2163
2029 2165
2030 2167
2031 2167
2032 2168
2033 2170
2034 2171
2035 2171
2036 2173
2037 2175
2038 2175
2039 2176
2040 2178
2041 2180
2042 2180
2043 2181
2044 2183
2045 2183
2046 2184
2047 2186
2048 2188
2049 2188
2050 2189
2051 2191
2052 2193
2053 2193
2054 2194
2055 2196
2056 2196
2057 2197
2058 2199
2059 2199
2060 2201
2061 2202
2062 2204
2063 2204
2064 2206
2065 2207
2066 2207
2067 2209
2068 2211
2070 2212
2071 2212
2072 2214
2073 2215
2074 2215
2075 2217
2076 2219
2077 2219
2078 2220
2079 2222
2080 2224
2081 2224
2082 2225
2083 2227
2084 2227
2085 2229
2086 2230
2087 2230
2088 2232
2089 2234
2090 2235
2091 2235
2092 2237
2093 2238
2094 2238
2095 2240
2096 2242
2097 2242
2098 2243
2099 2245
2100 2245
2101 2247
2102 2248
2103 2248
2104 2250
2105 2252
2106 2253
2107 2253
2108 2255
2109 2257
2110 2257
2111 2258
2113 2260
2114 2260
2115 2262
2116 2263
2117 2263
2118 2265
2119 2267
2120 2267
2121 2268
2122 2270
2123 2270
2124 2272
2125 2273
2126 2273
2127 2275
2128 2277
2129 2277
2130 2278
2131 2280
2132 2280
2133 2282
2134 2283
2135 2283
2136 2285
2137 2287
2138 2287
2139 2288
2140 2290
2141 2290
2142 2292
2143 2293
2144 2293
2145 2295
2146 2297
2147 2297
2148 2298
2149 2300
2150 2300
2151 2302
2152 2303
2153 2303
2154 2305
2156 2307
2157 2307
2158 2308
2159 2310
2160 2310
2161 2312
2162 2313
2163 2313
2164 2315
2165 2317
2166 2317
2167 2318
2168 2318
2169 2320
2170 2322
2171 2322
2172 2323
2173 2325
2174 2325
2175 2327
2176 2328
2177 2328
2178 2330
2179 2332
2180 2332
2181 2334
2182 2334
2183 2335
2184 2337
2185 2337
2186 2339
2187 2340
2188 2340
2189 2342
2190 2344
2191 2344
2192 2345
2193 2347
2194 2347
2195 2349
2196 2349
2197 2350
2199 2352
2200 2352
2201 2354
2202 2356
2203 2356
2204 2357
2205 2357
2206 2359
2207 2361
2208 2361
2209 2362
2210 2364
2211 2364
2212 2366
2213 2366
2214 2367
2215 2369
2216 2369
2217 2371
2218 2373
2219 2373
2220 2374
2221 2374
2222 2376
2223 2378
2224 2378
2225 2379
2226 2381
2227 2381
2228 2383
2229 2383
2230 2385
2231 2386
2232 2386
2233 2388
2234 2388
2235 2390
2236 2391
2237 2391
2238 2393
2239 2395
2240 2395
2242 2397
2243 2397
2244 2398
2245 2400
2246 2400
2247 2402
2248 2402
2249 2403
2250 2405
2251 2405
2252 2407
2253 2407
2254 2409
2255 2410
2256 2410
2257 2412
2258 2412
2259 2414
2260 2415
2261 2415
2262 2417
2263 2417
2264 2419
2265 2421
2266 2421
2267 2422
2268 2422
2269 2424
2270 2426
2271 2426
2272 2428
2273 2428
2274 2429
2275 2431
2276 2431
2277 2433
2278 2433
2279 2434
2280 2436
2281 2436
2282 2438
2283 2438
2285 2440
2286 2441
2287 2441
2288 2443
2289 2443
2290 2445
2291 2445
2292 2447
2293 2448
2294 2448
2295 2450
2296 2450
2297 2452
2298 2454
2299 2454
2300 2455
2301 2455
2302 2457
2303 2457
2304 2459
2305 2461
2306 2461
2307 2462
2308 2462
2309 2464
2310 2464
2311 2466
2312 2467
2313 2467
2314 2469
2315 2469
2316 2471
2317 2471
2318 2473
2319 2474
2320 2474
2321 2476
2322 2476
2323 2478
2324 2478
2325 2480
2326 2481
2328 2481
2329 2483
2330 2483
2331 2485
2332 2485
2333 2487
2334 2488
2335 2488
2336 2490
2337 2490
2338 2492
2339 2492
2340 2494
2341 2496
2342 2496
2343 2497
2344 2497
2345 2499
2346 2499
2347 2501
2348 2501
2349 2503
2350 2504
2351 2504
2352 2506
2353 2506
2354 2508
2355 2508
2356 2510
2357 2510
2358 2511
2359 2513
2360 2513
2361 2515
2362 2515
2363 2517
2364 2517
2365 2518
2366 2518
2367 2520
2368 2520
2369 2522
2371 2524
2372 2524
2373 2525
2374 2525
2375 2527
2376 2527
2377 2529
2378 2529
2379 2531
2380 2533
2381 2533
2382 2534
2383 2534
2384 2536
2385 2536
2386 2538
2387 2538
2388 2540
2389 2540
2390 2541
2391 2541
2392 2543
2393 2545
2394 2545
2395 2547
2396 2547
2397 2549
2398 2549
2399 2550
2400 2550
2401 2552
2402 2552
2403 2554
2404 2554
2405 2556
2406 2556
2407 2557
2408 2559
2409 2559
2410 2561
2411 2561
2412 2563
2414 2563
2415 2565
2416 2565
2417 2566
2418 2566
2419 2568
2420 2568
2421 2570
2422 2570
2423 2572
2424 2572
2425 2573
2426 2573
2427 2575
2428 2577
2429 2577
2430 2579
2431 2579
2432 2581
2433 2581
2434 2582
2435 2582
2436 2584
2437 2584
2438 2586
2439 2586
2440 2588
2441 2588
2442 2590
2443 2590
2444 2591
2445 2591
2446 2593
2447 2593
2448 2595
2449 2595
2450 2597
2451 2597
2452 2599
2453 2599
2454 2600
2455 2600
2457 2602
2458 2602
2459 2604
2460 2606
2461 2606
2462 2608
2463 2608
2464 2609
2465 2609
2466 2611
2467 2611
2468 2613
2469 2613
2470 2615
2471 2615
2472 2617
2473 2617
2474 2618
2475 2618
2476 2620
2477 2620
2478 2622
2479 2622
2480 2624
2481 2624
2482 2626
2483 2626
2484 2627
2485 2627
2486 2629
2487 2629
2488 2631
2489 2631
2490 2633
2491 2633
2492 2635
2493 2635
2494 2637
2495 2637
2496 2638
2497 2638
2498 2640
2499 2640
2501 2642
2502 2642
2503 2644
2504 2644
2505 2644
2506 2646
2507 2646
2508 2647
2509 2647
2510 2649
2511 2649
2512 2651
2513 2651
2514 2653
2515 2653
2516 2655
2517 2655
2518 2657
2519 2657
2520 2658
2521 2658
2522 2660
2523 2660
2524 2662
2525 2662
2526 2664
2527 2664
2528 2666
2529 2666
2530 2667
2531 2667
2532 2669
2533 2669
2534 2671
2535 2671
2536 2673
2537 2673
2538 2673
2539 2675
2540 2675
2541 2677
2542 2677
2544 2678
2545 2678
2546 2680
2547 2680
2548 2682
2549 2682
2550 2684
2551 2684
2552 2686
2553 2686
2554 2688
2555 2688
2556 2689
2557 2689
2558 2689
2559 2691
2560 2691
2561 2693
2562 2693
2563 2695
2564 2695
2565 2697
2566 2697
2567 2699
2568 2699
2569 2700
2570 2700
2571 2702
2572 2702
2573 2702
2574 2704
2575 2704
2576 2706
2577 2706
2578 2708
2579 2708
2580 2710
2581 2710
2582 2711
2583 2711
2584 2713
2585 2713
2587 2715
2588 2715
2589 2715
2590 2717
2591 2717
2592 2719
2593 2719
2594 2721
2595 2721
2596 2723
2597 2723
2598 2724
2599 2724
2600 2724
2601 2726
2602 2726
2603 2728
2604 2728
2605 2730
2606 2730
2607 2732
2608 2732
2609 2734
2610 2734
2611 2734
2612 2736
2613 2736
2614 2737
2615 2737
2616 2739
2617 2739
2618 2741
2619 2741
2620 2743
2621 2743
2622 2743
2623 2745
2624 2745
2625 2747
2626 2747
2627 2748
2628 2748
2630 2750
2631 2750
2632 2750
2633 2752
2634 2752
2635 2754
2636 2754
2637 2756
2638 2756
2639 2758
2640 2758
2641 2758
2642 2760
2643 2760
2644 2762
2645 2762
2646 2763
2647 2763
2648 2765
2649 2765
2650 2765
2651 2767
2652 2767
2653 2769
2654 2769
2655 2771
2656 2771
2657 2771
2658 2773
2659 2773
2660 2775
2661 2775
2662 2776
2663 2776
2664 2778
2665 2778
2666 2778
2667 2780
2668 2780
2669 2782
2670 2782
2671 2784
2673 2784
2674 2784
2675 2786
2676 2786
2677 2788
2678 2788
2679 2790
2680 2790
2681 2790
2682 2791
2683 2791
2684 2793
2685 2793
2686 2795
2687 2795
2688 2795
2689 2797
2690 2797
2691 2799
2692 2799
2693 2801
2694 2801
2695 2801
2696 2803
2697 2803
2698 2805
2699 2805
2700 2806
2701 2806
2702 2806
2703 2808
2704 2808
2705 2810
2706 2810
2707 2812
2708 2812
2709 2812
2710 2814
2711 2814
2712 2816
2713 2816
2714 2818
2716 2818
2717 2818
2718 2820
2719 2820
2720 2821
2721 2821
2722 2821
2723 2823
2724 2823
2725 2825
2726 2825
2727 2827
2728 2827
2729 2827
2730 2829
2731 2829
2732 2831
2733 2831
2734 2831
2735 2833
2736 2833
2737 2835
2738 2835
2739 2837
2740 2837
2741 2837
2742 2838
2743 2838
2744 2840
2745 2840
2746 2840
2747 2842
2748 2842
2749 2844
2750 2844
2751 2844
2752 2846
2753 2846
2754 2848
2755 2848
2756 2850
2757 2850
2759 2850
2760 2852
2761 2852
2762 2854
2763 2854
2764 2854
2765 2856
2766 2856
2767 2857
2768 2857
2769 2857
2770 2859
2771 2859
2772 2861
2773 2861
2774 2861
2775 2863
2776 2863
2777 2865
2778 2865
2779 2867
2780 2867
2781 2867
2782 2869
2783 2869
2784 2871
2785 2871
2786 2871
2787 2873
2788 2873
2789 2875
2790 2875
2791 2875
2792 2876
2793 2876
2794 2878
2795 2878
2796 2878
2797 2880
2798 2880
2799 2882
2800 2882
2802 2882
2803 2884
2804 2884
2805 2886
2806 2886
2807 2886
2808 2888
2809 2888
2810 2890
2811 2890
2812 2890
2813 2892
2814 2892
2815 2894
2816 2894
2817 2894
2818 2896
2819 2896
2820 2897
2821 2897
2822 2897
2823 2899
2824 2899
2825 2901
2826 2901
2827 2901
2828 2903
2829 2903
2830 2903
2831 2905
2832 2905
2833 2907
2834 2907
2835 2907
2836 2909
2837 2909
2838 2911
2839 2911
2840 2911
2841 2913
2842 2913
2843 2915
2845 2915
2846 2915
2847 2917
2848 2917
2849 2919
2850 2919
2851 2919
2852 2920
2853 2920
2854 2920
2855 2922
2856 2922
2857 2924
2858 2924
2859 2924
2860 2926
2861 2926
2862 2928
2863 2928
2864 2928
2865 2930
2866 2930
2867 2932
2868 2932
2869 2932
2870 2934
2871 2934
2872 2934
2873 2936
2874 2936
2875 2938
2876 2938
2877 2938
2878 2940
2879 2940
2880 2942
2881 2942
2882 2942
2883 2944
2884 2944
2885 2944
2886 2946
2887 2946
2889 2947
2890 2947
2891 2947
2892 2949
2893 2949
2894 2951
2895 2951
2896 2951
2897 2953
2898 2953
2899 2953
2900 2955
2901 2955
2902 2957
2903 2957
2904 2957
2905 2959
2906 2959
2907 2959
2908 2961
2909 2961
2910 2963
2911 2963
2912 2963
2913 2965
2914 2965
2915 2967
2916 2967
2917 2967
2918 2969
2919 2969
2920 2969
2921 2971
2922 2971
2923 2973
2924 2973
2925 2973
2926 2975
2927 2975
2928 2975
2929 2977
2930 2977
2932 2979
2933 2979
2934 2979
2935 2980
2936 2980
2937 2980
2938 2982
2939 2982
2940 2984
2941 2984
2942 2984
2943 2986
2944 2986
2945 2986
2946 2988
2947 2988
2948 2990
2949 2990
2950 2990
2951 2992
2952 2992
2953 2992
2954 2994
2955 2994
2956 2996
2957 2996
2958 2996
2959 2998
2960 2998
2961 2998
2962 3000
2963 3000
2964 3002
2965 3002
2966 3002
2967 3004
2968 3004
2969 3004
2970 3006
2971 3006
2972 3008
2973 3008
2975 3008
2976 3010
2977 3010
2978 3010
2979 3012
2980 3012
2981 3012
2982 3014
2983 3014
2984 3016
2985 3016
2986 3016
2987 3018
2988 3018
2989 3018
2990 3020
2991 3020
2992 3021
2993 3021
2994 3021
2995 3023
2996 3023
2997 3023
2998 3025
2999 3025
3000 3027
3001 3027
3002 3027
3003 3029
3004 3029
3005 3029
3006 3031
3007 3031
3008 3031
3009 3033
3010 3033
3011 3035
3012 3035
3013 3035
3014 3037
3015 3037
3016 3037
3018 3039
3019 3039
3020 3041
3021 3041
3022 3041
3023 3043
3024 3043
3025 3043
3026 3045
3027 3045
3028 3045
3029 3047
3030 3047
3031 3049
3032 3049
3033 3049
3034 3051
3035 3051
3036 3051
3037 3053
3038 3053
3039 3053
3040 3055
3041 3055
3042 3057
3043 3057
3044 3057
3045 3059
3046 3059
3047 3059
3048 3061
3049 3061
3050 3063
3051 3063
3052 3063
3053 3065
3054 3065
3055 3065
3056 3067
3057 3067
3058 3067
3059 3069
3061 3069
3062 3071
3063 3071
3064 3071
3065 3073
3066 3073
3067 3073
3068 3075
3069 3075
3070 3075
3071 3077
3072 3077
3073 3079
3074 3079
3075 3079
3076 3081
3077 3081
3078 3081
3079 3083
3080 3083
3081 3083
3082 3085
3083 3085
3084 3087
3085 3087
3086 3087
3087 3089
3088 3089
3089 3089
3090 3091
3091 3091
3092 3091
3093 3093
3094 3093
3095 3094
3096 3094
3097 3094
3098 3096
3099 3096
3100 3096
3101 3098
3102 3098
3104 3098
3105 3100
3106 3100
3107 3102
3108 3102
3109 3102
3110 3104
3111 3104
3112 3104
3113 3106
3114 3106
3115 3106
3116 3108
3117 3108
3118 3108
3119 3110
3120 3110
3121 3112
3122 3112
3123 3112
3124 3114
3125 3114
3126 3114
3127 3116
3128 3116
3129 3116
3130 3118
3131 3118
3132 3120
3133 3120
3134 3120
3135 3122
3136 3122
3137 3122
3138 3124
3139 3124
3140 3124
3141 3126
3142 3126
3143 3128
3144 3128
3145 3128
3147 3130
3148 3130
3149 3130
3150 3132
3151 3132
3152 3132
3153 3134
3154 3134
3155 3136
3156 3136
3157 3136
3158 3138
3159 3138
3160 3138
3161 3140
3162 3140
3163 3140
3164 3142
3165 3142
3166 3144
3167 3144
3168 3144
3169 3146
3170 3146
3171 3146
3172 3148
3173 3148
3174 3148
3175 3150
3176 3150
3177 3152
3178 3152
3179 3152
3180 3154
3181 3154
3182 3154
3183 3156
3184 3156
3185 3156
3186 3158
3187 3158
3188 3160
3190 3160
3191 3160
3192 3162
3193 3162
3194 3162
3195 3164
3196 3164
3197 3164
3198 3166
3199 3166
3200 3169
3201 3169
3202 3169
3203 3171
3204 3171
3205 3171
3206 3173
3207 3173
3208 3173
3209 3175
3210 3175
3211 3177
3212 3177
3213 3177
3214 3179
3215 3179
3216 3179
3217 3181
3218 3181
3219 3181
3220 3183
3221 3183
3222 3185
3223 3185
3224 3185
3225 3187
3226 3187
3227 3187
3228 3189
3229 3189
3230 3189
3231 3191
3233 3191
3234 3193
3235 3193
3236 3193
3237 3195
3238 3195
3239 3195
3240 3197
3241 3197
3242 3197
3243 3199
3244 3199
3245 3201
3246 3201
3247 3201
3248 3203
3249 3203
3250 3203
3251 3205
3252 3205
3253 3205
3254 3207
3255 3207
3256 3209
3257 3209
3258 3209
3259 3211
3260 3211
3261 3211
3262 3213
3263 3213
3264 3215
3265 3215
3266 3215
3267 3217
3268 3217
3269 3217
3270 3219
3271 3219
3272 3219
3273 3221
3274 3221
3276 3223
3277 3223
3278 3223
3279 3225
3280 3225
3281 3225
3282 3227
3283 3227
3284 3229
3285 3229
3286 3229
3287 3231
3288 3231
3289 3231
3290 3233
3291 3233
3292 3233
3293 3235
3294 3235
3295 3237
3296 3237
3297 3237
3298 3239
3299 3239
3300 3239
3301 3241
3302 3241
3303 3244
3304 3244
3305 3244
3306 3246
3307 3246
3308 3246
3309 3248
3310 3248
3311 3250
3312 3250
3313 3250
3314 3252
3315 3252
3316 3252
3317 3254
3318 3254
3320 3254
3321 3256
3322 3256
3323 3258
3324 3258
3325 3258
3326 3260
3327 3260
3328 3260
3329 3262
3330 3262
3331 3264
3332 3264
3333 3264
3334 3266
3335 3266
3336 3266
3337 3268
3338 3268
3339 3270
3340 3270
3341 3270
3342 3272
3343 3272
3344 3272
3345 3274
3346 3274
3347 3276
3348 3276
3349 3276
3350 3278
3351 3278
3352 3278
3353 3280
3354 3280
3355 3282
3356 3282
3357 3282
3358 3284
3359 3284
3360 3287
3361 3287
3363 3287
3364 3289
3365 3289
3366 3289
3367 3291
3368 3291
3369 3293
3370 3293
3371 3293
3372 3295
3373 3295
3374 3295
3375 3297
3376 3297
3377 3299
3378 3299
3379 3299
3380 3301
3381 3301
3382 3301
3383 3303
3384 3303
3385 3305
3386 3305
3387 3305
3388 3307
3389 3307
3390 3309
3391 3309
3392 3309
3393 3311
3394 3311
3395 3311
3396 3313
3397 3313
3398 3315
3399 3315
3400 3315
3401 3317
3402 3317
3403 3319
3404 3319
3406 3319
3407 3322
3408 3322
3409 3322
3410 3324
3411 3324
3412 3326
3413 3326
3414 3326
3415 3328
3416 3328
3417 3330
3418 3330
3419 3330
3420 3332
3421 3332
3422 3332
3423 3334
3424 3334
3425 3336
3426 3336
3427 3336
3428 3338
3429 3338
3430 3340
3431 3340
3432 3340
3433 3342
3434 3342
3435 3344
3436 3344
3437 3344
3438 3346
3439 3346
3440 3346
3441 3348
3442 3348
3443 3351
3444 3351
3445 3351
3446 3353
3447 3353
3449 3355
3450 3355
3451 3355
3452 3357
3453 3357
3454 3359
3455 3359
3456 3359
3457 3361
3458 3361
3459 3363
3460 3363
3461 3363
3462 3365
3463 3365
3464 3367
3465 3367
3466 3367
3467 3369
3468 3369
3469 3371
3470 3371
3471 3371
3472 3373
3473 3373
3474 3376
3475 3376
3476 3376
3477 3378
3478 3378
3479 3380
3480 3380
3481 3380
3482 3382
3483 3382
3484 3384
3485 3384
3486 3384
3487 3386
3488 3386
3489 3388
3490 3388
3492 3388
3493 3390
3494 3390
3495 3392
3496 3392
3497 3392
3498 3394
3499 3394
3500 3396
3501 3396
3502 3396
3503 3399
3504 3399
3505 3401
3506 3401
3507 3401
3508 3403
3509 3403
3510 3405
3511 3405
3512 3405
3513 3407
3514 3407
3515 3409
3516 3409
3517 3409
3518 3411
3519 3411
3520 3413
3521 3413
3522 3415
3523 3415
3524 3415
3525 3417
3526 3417
3527 3420
3528 3420
3529 3420
3530 3422
3531 3422
3532 3424
3533 3424
3535 3424
3536 3426
3537 3426
3538 3428
3539 3428
3540 3430
3541 3430
3542 3430
3543 3432
3544 3432
3545 3434
3546 3434
3547 3434
3548 3436
3549 3436
3550 3438
3551 3438
3552 3438
3553 3441
3554 3441
3555 3443
3556 3443
3557 3445
3558 3445
3559 3445
3560 3447
3561 3447
3562 3449
3563 3449
3564 3451
3565 3451
3566 3451
3567 3453
3568 3453
3569 3455
3570 3455
3571 3455
3572 3457
3573 3457
3574 3460
3575 3460
3576 3462
3578 3462
3579 3462
3580 3464
3581 3464
3582 3466
3583 3466
3584 3468
3585 3468
3586 3468
3587 3470
3588 3470
3589 3472
3590 3472
3591 3474
3592 3474
3593 3474
3594 3477
3595 3477
3596 3479
3597 3479
3598 3481
3599 3481
3600 3481
3601 3483
3602 3483
3603 3485
3604 3485
3605 3487
3606 3487
3607 3487
3608 3489
3609 3489
3610 3491
3611 3491
3612 3494
3613 3494
3614 3494
3615 3496
3616 3496
3617 3498
3618 3498
3619 3500
3621 3500
3622 3500
3623 3502
3624 3502
3625 3504
3626 3504
3627 3506
3628 3506
3629 3508
3630 3508
3631 3508
3632 3511
3633 3511
3634 3513
3635 3513
3636 3515
3637 3515
3638 3517
3639 3517
3640 3517
3641 3519
3642 3519
3643 3521
3644 3521
3645 3523
3646 3523
3647 3523
3648 3526
3649 3526
3650 3528
3651 3528
3652 3530
3653 3530
3654 3532
3655 3532
3656 3534
3657 3534
3658 3534
3659 3536
3660 3536
3661 3538
3662 3538
3664 3540
3665 3540
3666 3543
3667 3543
3668 3543
3669 3545
3670 3545
3671 3547
3672 3547
3673 3549
3674 3549
3675 3551
3676 3551
3677 3553
3678 3553
3679 3553
3680 3556
3681 3556
3682 3558
3683 3558
3684 3560
3685 3560
3686 3562
3687 3562
3688 3564
3689 3564
3690 3564
3691 3566
3692 3566
3693 3568
3694 3568
3695 3571
3696 3571
3697 3573
3698 3573
3699 3575
3700 3575
3701 3577
3702 3577
3703 3577
3704 3579
3705 3579
3706 3581
3708 3581
3709 3583
3710 3583
3711 3586
3712 3586
3713 3588
3714 3588
3715 3590
3716 3590
3717 3592
3718 3592
3719 3592
3720 3594
3721 3594
3722 3596
3723 3596
3724 3599
3725 3599
3726 3601
3727 3601
3728 3603
3729 3603
3730 3605
3731 3605
3732 3607
3733 3607
3734 3609
3735 3609
3736 3609
3737 3612
3738 3612
3739 3614
3740 3614
3741 3616
3742 3616
3743 3618
3744 3618
3745 3620
3746 3620
3747 3622
3748 3622
3749 3625
3751 3625
3752 3627
3753 3627
3754 3629
3755 3629
3756 3631
3757 3631
3758 3633
3759 3633
3760 3633
3761 3635
3762 3635
3763 3638
3764 3638
3765 3640
3766 3640
3767 3642
3768 3642
3769 3644
3770 3644
3771 3646
3772 3646
3773 3649
3774 3649
3775 3651
3776 3651
3777 3653
3778 3653
3779 3655
3780 3655
3781 3657
3782 3657
3783 3659
3784 3659
3785 3662
3786 3662
3787 3664
3788 3664
3789 3666
3790 3666
3791 3668
3792 3668
3794 3670
3795 3670
3796 3673
3797 3673
3798 3675
3799 3675
3800 3677
3801 3677
3802 3679
3803 3679
3804 3681
3805 3681
3806 3683
3807 3683
3808 3686
3809 3686
3810 3688
3811 3688
3812 3690
3813 3690
3814 3692
3815 3692
3816 3694
3817 3694
3818 3697
3819 3697
3820 3699
3821 3699
3822 3701
3823 3701
3824 3703
3825 3703
3826 3705
3827 3705
3828 3708
3829 3708
3830 3710
3831 3710
3832 3712
3833 3712
3834 3714
3835 3714
3837 3716
3838 3716
3839 3719
3840 3719
3841 3721
3842 3721
3843 3723
3844 3725
3845 3725
3846 3727
3847 3727
3848 3730
3849 3730
3850 3732
3851 3732
3852 3734
3853 3734
3854 3736
3855 3736
3856 3738
3857 3738
3858 3741
3859 3741
3860 3743
3861 3743
3862 3745
3863 3745
3864 3747
3865 3747
3866 3749
3867 3752
3868 3752
3869 3754
3870 3754
3871 3756
3872 3756
3873 3758
3874 3758
3875 3761
3876 3761
3877 3763
3878 3763
3880 3765
3881 3765
3882 3767
3883 3767
3884 3769
3885 3772
3886 3772
3887 3774
3888 3774
3889 3776
3890 3776
3891 3778
3892 3778
3893 3781
3894 3781
3895 3783
3896 3783
3897 3785
3898 3787
3899 3787
3900 3789
3901 3789
3902 3792
3903 3792
3904 3794
3905 3794
3906 3796
3907 3796
3908 3798
3909 3801
3910 3801
3911 3803
3912 3803
3913 3805
3914 3805
3915 3807
3916 3807
3917 3809
3918 3809
3919 3812
3920 3814
3921 3814
3923 3816
3924 3816
3925 3818
3926 3818
3927 3821
3928 3821
3929 3823
3930 3825
3931 3825
3932 3827
3933 3827
3934 3830
3935 3830
3936 3832
3937 3832
3938 3834
3939 3836
3940 3836
3941 3839
3942 3839
3943 3841
3944 3841
3945 3843
3946 3845
3947 3845
3948 3848
3949 3848
3950 3850
3951 3850
3952 3852
3953 3852
3954 3854
3955 3856
3956 3856
3957 3859
3958 3859
3959 3861
3960 3861
3961 3863
3962 3865
3963 3865
3964 3868
3966 3868
3967 3870
3968 3870
3969 3872
3970 3874
3971 3874
3972 3877
3973 3877
3974 3879
3975 3879
3976 3881
3977 3883
3978 3883
3979 3886
3980 3886
3981 3888
3982 3890
3983 3890
3984 3893
3985 3893
3986 3895
3987 3895
3988 3897
3989 3899
3990 3899
3991 3902
3992 3902
3993 3904
3994 3906
3995 3906
3996 3908
3997 3908
3998 3911
3999 3911
4000 3913
4001 3915
4002 3915
4003 3917
4004 3917
4005 3920
4006 3922
4007 3922
4009 3924
4010 3924
4011 3926
4012 3929
