81 135 81 369
82 136 82 369
83 138 83 368
84 140 84 368
85 141 85 368
87 143 87 368
88 145 88 367
89 146 89 367
90 148 90 367
91 150 91 367
92 152 92 366
93 153 93 366
94 155 94 366
95 157 95 366
96 158 96 365
97 160 97 365
98 162 98 365
99 163 99 365
100 165 100 365
101 167 101 364
102 168 102 364
103 170 103 364
104 172 104 364
105 173 105 364
106 175 106 363
107 177 107 363
108 178 108 363
109 180 109 363
110 182 110 362
111 183 111 362
112 185 112 362
113 187 113 362
114 188 114 362
115 190 115 361
116 192 116 361
117 193 117 361
118 195 118 361
119 197 119 361
120 198 120 361
121 200 121 360
122 202 122 360
123 203 123 360
124 205 124 360
125 207 125 360
126 208 126 360
127 210 127 359
128 212 128 359
130 213 130 359
131 215 131 359
132 217 132 359
133 218 133 359
134 220 134 358
135 222 135 358
136 223 136 358
137 225 137 358
138 227 138 358
139 228 139 358
140 230 140 358
141 232 141 357
142 233 142 357
143 235 143 357
144 237 144 357
145 238 145 357
146 240 146 357
147 242 147 357
148 243 148 357
149 245 149 356
150 247 150 356
151 248 151 356
152 250 152 356
153 252 153 356
154 253 154 356
155 255 155 356
156 257 156 356
157 258 157 355
158 260 158 355
159 262 159 355
160 263 160 355
161 265 161 355
162 267 162 355
163 268 163 355
164 270 164 355
165 271 165 355
166 273 166 355
167 275 167 354
168 276 168 354
169 278 169 354
170 280 170 354
171 281 171 354
173 283 173 354
174 285 174 354
175 286 175 354
176 288 176 354
177 290 177 354
178 291 178 354
179 293 179 354
180 295 180 354
181 296 181 354
182 298 182 353
183 300 183 353
184 301 184 353
185 303 185 353
186 305 186 353
187 306 187 353
188 308 188 353
189 310 189 353
190 311 190 353
191 313 191 353
192 315 192 353
193 316 193 353
194 318 194 353
195 320 195 353
196 321 196 353
197 323 197 353
198 325 198 353
199 326 199 353
200 328 200 353
201 330 201 353
202 331 202 353
203 333 203 353
204 335 204 353
205 336 205 353
206 338 206 353
207 340 207 353
208 341 208 353
209 343 209 353
210 345 210 353
211 346 211 353
212 348 212 353
213 350 213 353
214 351 214 353
216 353 216 353
217 354 217 353
218 356 218 353
219 358 219 353
220 359 220 353
221 361 221 353
222 363 222 353
223 364 223 353
224 366 224 353
225 368 225 353
226 369 226 353
227 371 227 353
228 373 228 353
229 374 229 353
230 376 230 353
231 378 231 353
232 379 232 353
233 381 233 353
234 383 234 353
235 384 235 353
236 386 236 353
237 388 237 353
238 389 238 353
239 391 239 353
240 393 240 353
241 394 241 353
242 396 242 353
243 398 243 354
244 399 244 354
245 401 245 354
246 402 246 354
247 404 247 354
248 406 248 354
249 407 249 354
250 409 250 354
251 411 251 354
252 412 252 354
253 414 253 354
254 416 254 354
255 417 255 354
256 419 256 354
257 421 257 355
259 422 259 355
260 424 260 355
261 426 261 355
262 427 262 355
263 429 263 355
264 431 264 355
265 432 265 355
266 434 266 355
267 435 267 355
268 437 268 355
269 439 269 356
270 440 270 356
271 442 271 356
272 444 272 356
273 445 273 356
274 447 274 356
275 449 275 356
276 450 276 356
277 452 277 357
278 454 278 357
279 455 279 357
280 457 280 357
281 459 281 357
282 460 282 357
283 462 283 357
284 463 284 357
285 465 285 358
286 467 286 358
287 468 287 358
288 470 288 358
289 472 289 358
290 473 290 358
291 475 291 358
292 477 292 359
293 478 293 359
294 480 294 359
295 482 295 359
296 483 296 359
297 485 297 359
298 487 298 360
299 488 299 360
300 490 300 360
302 491 302 360
303 493 303 360
304 495 304 360
305 496 305 361
306 498 306 361
307 500 307 361
308 501 308 361
309 503 309 361
310 505 310 362
311 506 311 362
312 508 312 362
313 509 313 362
314 511 314 362
315 513 315 362
316 514 316 363
317 516 317 363
318 518 318 363
319 519 319 363
320 521 320 363
321 523 321 364
322 524 322 364
323 526 323 364
324 528 324 364
325 529 325 364
326 531 326 365
327 532 327 365
328 534 328 365
329 536 329 365
330 537 330 366
331 539 331 366
332 541 332 366
333 542 333 366
334 544 334 367
335 546 335 367
336 547 336 367
337 549 337 367
338 550 338 367
339 552 339 368
340 554 340 368
341 555 341 368
342 557 342 368
343 559 343 369
345 560 345 369
346 562 346 369
347 564 347 370
348 565 348 370
349 567 349 370
350 568 350 370
351 570 351 370
352 572 352 371
353 573 353 371
354 575 354 371
355 577 355 372
356 578 356 372
357 580 357 372
358 581 358 372
359 583 359 373
360 585 360 373
361 586 361 373
362 588 362 373
363 590 363 374
364 591 364 374
365 593 365 374
366 594 366 375
367 596 367 375
368 598 368 375
369 599 369 375
370 601 370 376
371 603 371 376
372 604 372 376
373 606 373 377
374 608 374 377
375 609 375 377
376 611 376 378
377 612 377 378
378 614 378 378
379 616 379 379
380 617 380 379
381 619 381 379
382 621 382 380
383 622 383 380
384 624 384 380
385 625 385 380
386 627 386 381
388 629 388 381
389 630 389 381
390 632 390 382
391 634 391 382
392 635 392 382
393 637 393 383
394 638 394 383
395 640 395 383
396 642 396 384
397 643 397 384
398 645 398 385
399 646 399 385
400 648 400 385
401 650 401 386
402 651 402 386
403 653 403 386
404 655 404 387
405 656 405 387
406 658 406 387
407 659 407 388
408 661 408 388
409 663 409 388
410 664 410 389
411 666 411 389
412 668 412 390
413 669 413 390
414 671 414 390
415 672 415 391
416 674 416 391
417 676 417 392
418 677 418 392
419 679 419 392
420 680 420 392
421 682 421 393
422 684 422 393
423 685 423 394
424 687 424 394
425 689 425 395
426 690 426 395
427 692 427 395
428 693 428 396
429 695 429 396
430 697 430 397
432 698 432 397
433 700 433 397
434 701 434 398
435 703 435 398
436 705 436 399
437 706 437 399
438 708 438 399
439 709 439 400
440 711 440 400
441 713 441 401
442 714 442 401
443 716 443 402
444 718 444 402
445 719 445 402
446 721 446 403
447 722 447 403
448 724 448 404
449 726 449 404
450 727 450 405
451 729 451 405
452 730 452 405
453 732 453 406
454 734 454 406
455 735 455 407
456 737 456 407
457 738 457 408
458 740 458 408
459 742 459 409
460 743 460 409
461 745 461 410
462 746 462 410
463 748 463 410
464 750 464 411
465 751 465 411
466 753 466 412
467 754 467 412
468 756 468 413
469 758 469 413
470 759 470 414
471 761 471 414
472 762 472 415
473 764 473 415
475 766 475 416
476 767 476 416
477 769 477 417
478 770 478 417
479 772 479 418
480 774 480 418
481 775 481 418
482 777 482 419
483 778 483 419
484 780 484 420
485 782 485 421
486 783 486 421
487 785 487 422
488 786 488 422
489 788 489 423
490 790 490 423
491 791 491 423
492 793 492 424
493 794 493 424
494 796 494 425
495 798 495 426
496 799 496 426
497 801 497 427
498 802 498 427
499 804 499 428
500 806 500 428
501 807 501 429
502 809 502 429
503 810 503 430
504 812 504 430
505 813 505 431
506 815 506 431
507 817 507 432
508 818 508 432
509 820 509 433
510 821 510 433
511 823 511 434
512 825 512 435
513 826 513 435
514 828 514 436
515 829 515 436
516 831 516 437
518 833 518 438
519 834 519 438
520 836 520 439
521 837 521 439
522 839 522 440
523 840 523 440
524 842 524 441
525 844 525 441
526 845 526 442
527 847 527 443
528 848 528 443
529 850 529 444
530 852 530 444
531 853 531 445
532 855 532 445
533 856 533 446
534 858 534 447
535 859 535 447
536 861 536 448
537 863 537 448
538 864 538 449
539 866 539 449
540 867 540 450
541 869 541 451
542 871 542 451
543 872 543 452
544 874 544 452
545 875 545 453
546 877 546 454
547 878 547 454
548 880 548 455
549 882 549 456
550 883 550 456
551 885 551 457
552 886 552 457
553 888 553 458
554 889 554 458
555 891 555 459
556 893 556 460
557 894 557 460
558 896 558 461
559 897 559 461
561 899 561 462
562 900 562 463
563 902 563 463
564 904 564 464
565 905 565 465
566 907 566 465
567 908 567 466
568 910 568 467
569 911 569 467
570 913 570 468
571 915 571 469
572 916 572 469
573 918 573 470
574 919 574 470
575 921 575 471
576 922 576 472
577 924 577 472
578 926 578 473
579 927 579 474
580 929 580 474
581 930 581 475
582 932 582 476
583 933 583 476
584 935 584 477
585 936 585 477
586 938 586 478
587 940 587 479
588 941 588 480
589 943 589 480
590 944 590 481
591 946 591 482
592 947 592 482
593 949 593 483
594 951 594 484
595 952 595 484
596 954 596 485
597 955 597 486
598 957 598 486
599 958 599 487
600 960 600 488
601 961 601 488
602 963 602 489
604 965 604 490
605 966 605 490
606 968 606 491
607 969 607 492
608 971 608 493
609 972 609 493
610 974 610 494
611 975 611 494
612 977 612 495
613 979 613 496
614 980 614 497
615 982 615 498
616 983 616 498
617 985 617 499
618 986 618 499
619 988 619 500
620 989 620 501
621 991 621 502
622 993 622 503
623 994 623 503
624 996 624 504
625 997 625 505
626 999 626 506
627 1000 627 506
628 1002 628 507
629 1003 629 507
630 1005 630 508
631 1006 631 509
632 1008 632 510
633 1010 633 511
634 1011 634 511
635 1013 635 512
636 1014 636 513
637 1016 637 514
638 1017 638 514
639 1019 639 515
640 1020 640 516
641 1022 641 517
642 1023 642 517
643 1025 643 518
644 1027 644 519
645 1028 645 519
647 1030 647 520
648 1031 648 521
649 1033 649 522
650 1034 650 522
651 1036 651 523
652 1037 652 524
653 1039 653 525
654 1040 654 525
655 1042 655 526
656 1043 656 527
657 1045 657 528
658 1046 658 528
659 1048 659 529
660 1050 660 530
661 1051 661 531
662 1053 662 532
663 1054 663 532
664 1056 664 533
665 1057 665 534
666 1059 666 535
667 1060 667 535
668 1062 668 537
669 1063 669 537
670 1065 670 538
671 1066 671 539
672 1068 672 540
673 1069 673 540
674 1071 674 541
675 1073 675 542
676 1074 676 543
677 1076 677 544
678 1077 678 544
679 1079 679 545
680 1080 680 546
681 1082 681 547
682 1083 682 547
683 1085 683 549
684 1086 684 549
685 1088 685 550
686 1089 686 551
687 1091 687 552
688 1092 688 552
690 1094 690 553
691 1095 691 554
692 1097 692 555
693 1098 693 556
694 1100 694 557
695 1101 695 557
696 1103 696 558
697 1105 697 559
698 1106 698 560
699 1108 699 561
700 1109 700 562
701 1111 701 563
702 1112 702 563
703 1114 703 564
704 1115 704 565
705 1117 705 566
706 1118 706 566
707 1120 707 568
708 1121 708 568
709 1123 709 569
710 1124 710 570
711 1126 711 571
712 1127 712 571
713 1129 713 573
714 1130 714 573
715 1132 715 574
716 1133 716 575
717 1135 717 576
718 1136 718 577
719 1138 719 578
720 1139 720 578
721 1141 721 579
722 1142 722 580
723 1144 723 581
724 1145 724 582
725 1147 725 583
726 1148 726 583
727 1150 727 585
728 1151 728 585
729 1153 729 586
730 1154 730 587
731 1156 731 588
733 1157 733 589
734 1159 734 590
735 1160 735 590
736 1162 736 592
737 1163 737 592
738 1165 738 593
739 1166 739 594
740 1168 740 595
741 1169 741 596
742 1171 742 597
743 1172 743 597
744 1174 744 599
745 1175 745 599
746 1177 746 600
747 1178 747 601
748 1180 748 602
749 1181 749 603
750 1183 750 604
751 1184 751 605
752 1186 752 606
753 1187 753 606
754 1189 754 608
755 1190 755 608
756 1192 756 610
757 1193 757 610
758 1195 758 611
759 1196 759 612
760 1198 760 613
761 1199 761 614
762 1201 762 615
763 1202 763 616
764 1204 764 617
765 1205 765 617
766 1207 766 619
767 1208 767 619
768 1210 768 621
769 1211 769 621
770 1213 770 622
771 1214 771 623
772 1216 772 624
773 1217 773 625
774 1219 774 626
776 1220 776 627
777 1222 777 628
778 1223 778 629
779 1225 779 630
780 1226 780 631
781 1228 781 632
782 1229 782 633
783 1231 783 634
784 1232 784 634
785 1234 785 636
786 1235 786 636
787 1237 787 638
788 1238 788 638
789 1239 789 639
790 1241 790 640
791 1242 791 641
792 1244 792 642
793 1245 793 643
794 1247 794 644
795 1248 795 645
796 1250 796 646
797 1251 797 647
798 1253 798 648
799 1254 799 649
800 1256 800 650
801 1257 801 651
802 1259 802 652
803 1260 803 653
804 1262 804 654
805 1263 805 655
806 1265 806 656
807 1266 807 656
808 1267 808 657
809 1269 809 658
810 1270 810 659
811 1272 811 660
812 1273 812 661
813 1275 813 662
814 1276 814 663
815 1278 815 664
816 1279 816 665
817 1281 817 666
818 1282 818 667
820 1284 820 669
821 1285 821 669
822 1287 822 671
823 1288 823 671
824 1289 824 672
825 1291 825 673
826 1292 826 674
827 1294 827 675
828 1295 828 676
829 1297 829 677
830 1298 830 678
831 1300 831 679
832 1301 832 680
833 1303 833 681
834 1304 834 682
835 1306 835 684
836 1307 836 684
837 1308 837 685
838 1310 838 686
839 1311 839 687
840 1313 840 688
841 1314 841 689
842 1316 842 690
843 1317 843 691
844 1319 844 693
845 1320 845 693
846 1322 846 695
847 1323 847 695
848 1324 848 696
849 1326 849 697
850 1327 850 698
851 1329 851 700
852 1330 852 700
853 1332 853 702
854 1333 854 702
855 1335 855 704
856 1336 856 705
857 1337 857 705
858 1339 858 707
859 1340 859 707
860 1342 860 709
861 1343 861 710
863 1345 863 711
864 1346 864 712
865 1348 865 713
866 1349 866 714
867 1350 867 715
868 1352 868 716
869 1353 869 717
870 1355 870 718
871 1356 871 719
872 1358 872 720
873 1359 873 721
874 1360 874 722
875 1362 875 723
876 1363 876 724
877 1365 877 726
878 1366 878 726
879 1368 879 728
880 1369 880 728
881 1371 881 730
882 1372 882 731
883 1373 883 731
884 1375 884 733
885 1376 885 734
886 1378 886 735
887 1379 887 736
888 1381 888 737
889 1382 889 738
890 1383 890 739
891 1385 891 740
892 1386 892 741
893 1388 893 743
894 1389 894 743
895 1391 895 745
896 1392 896 746
897 1393 897 746
898 1395 898 748
899 1396 899 749
900 1398 900 750
901 1399 901 751
902 1401 902 752
903 1402 903 753
904 1403 904 754
906 1405 906 755
907 1406 907 756
908 1408 908 758
909 1409 909 758
910 1410 910 759
911 1412 911 761
912 1413 912 762
913 1415 913 763
914 1416 914 764
915 1418 915 765
916 1419 916 766
917 1420 917 767
918 1422 918 768
919 1423 919 769
920 1425 920 771
921 1426 921 772
922 1427 922 772
923 1429 923 774
924 1430 924 775
925 1432 925 776
926 1433 926 777
927 1435 927 779
928 1436 928 779
929 1437 929 780
930 1439 930 782
931 1440 931 782
932 1442 932 784
933 1443 933 785
934 1444 934 786
935 1446 935 787
936 1447 936 788
937 1449 937 790
938 1450 938 790
939 1451 939 791
940 1453 940 793
941 1454 941 794
942 1456 942 795
943 1457 943 796
944 1458 944 797
945 1460 945 798
946 1461 946 799
947 1463 947 801
949 1464 949 802
950 1465 950 802
951 1467 951 804
952 1468 952 805
953 1470 953 806
954 1471 954 807
955 1472 955 808
956 1474 956 810
957 1475 957 810
958 1477 958 812
959 1478 959 813
960 1479 960 814
961 1481 961 815
962 1482 962 816
963 1484 963 818
964 1485 964 819
965 1486 965 819
966 1488 966 821
967 1489 967 822
968 1490 968 823
969 1492 969 824
970 1493 970 825
971 1495 971 827
972 1496 972 828
973 1497 973 829
974 1499 974 830
975 1500 975 831
976 1502 976 833
977 1503 977 833
978 1504 978 834
979 1506 979 836
980 1507 980 837
981 1509 981 838
982 1510 982 839
983 1511 983 840
984 1513 984 842
985 1514 985 843
986 1515 986 844
987 1517 987 845
988 1518 988 846
989 1520 989 848
990 1521 990 849
992 1522 992 849
993 1524 993 851
994 1525 994 852
995 1526 995 853
996 1528 996 855
997 1529 997 855
998 1531 998 857
999 1532 999 858
1000 1533 1000 859
1001 1535 1001 860
1002 1536 1002 861
1003 1537 1003 862
1004 1539 1004 864
1005 1540 1005 865
1006 1541 1006 866
1007 1543 1007 867
1008 1544 1008 868
1009 1546 1009 870
1010 1547 1010 871
1011 1548 1011 872
1012 1550 1012 873
1013 1551 1013 874
1014 1552 1014 875
1015 1554 1015 877
1016 1555 1016 878
1017 1556 1017 879
1018 1558 1018 880
1019 1559 1019 881
1020 1561 1020 883
1021 1562 1021 884
1022 1563 1022 885
1023 1565 1023 886
1024 1566 1024 887
1025 1567 1025 888
1026 1569 1026 890
1027 1570 1027 891
1028 1571 1028 892
1029 1573 1029 894
1030 1574 1030 894
1031 1575 1031 895
1032 1577 1032 897
1033 1578 1033 898
1035 1580 1035 900
1036 1581 1036 901
1037 1582 1037 901
1038 1584 1038 903
1039 1585 1039 904
1040 1586 1040 905
1041 1588 1041 907
1042 1589 1042 908
1043 1590 1043 909
1044 1592 1044 910
1045 1593 1045 911
1046 1594 1046 912
1047 1596 1047 914
1048 1597 1048 915
1049 1598 1049 916
1050 1600 1050 918
1051 1601 1051 919
1052 1602 1052 919
1053 1604 1053 921
1054 1605 1054 922
1055 1606 1055 923
1056 1608 1056 925
1057 1609 1057 926
1058 1610 1058 927
1059 1612 1059 928
1060 1613 1060 929
1061 1614 1061 930
1062 1616 1062 932
1063 1617 1063 933
1064 1619 1064 935
1065 1620 1065 936
1066 1621 1066 937
1067 1623 1067 939
1068 1624 1068 939
1069 1625 1069 940
1070 1627 1070 942
1071 1628 1071 943
1072 1629 1072 944
1073 1630 1073 945
1074 1632 1074 947
1075 1633 1075 948
1076 1634 1076 949
1078 1636 1078 951
1079 1637 1079 951
1080 1638 1080 952
1081 1640 1081 954
1082 1641 1082 955
1083 1642 1083 956
1084 1644 1084 958
1085 1645 1085 959
1086 1646 1086 960
1087 1648 1087 962
1088 1649 1088 963
1089 1650 1089 964
1090 1652 1090 965
1091 1653 1091 966
1092 1654 1092 967
1093 1656 1093 969
1094 1657 1094 970
1095 1658 1095 971
1096 1660 1096 973
1097 1661 1097 974
1098 1662 1098 975
1099 1664 1099 977
1100 1665 1100 978
1101 1666 1101 979
1102 1667 1102 980
1103 1669 1103 982
1104 1670 1104 983
1105 1671 1105 983
1106 1673 1106 985
1107 1674 1107 986
1108 1675 1108 987
1109 1677 1109 989
1110 1678 1110 990
1111 1679 1111 991
1112 1681 1112 993
1113 1682 1113 994
1114 1683 1114 995
1115 1684 1115 996
1116 1686 1116 998
1117 1687 1117 999
1118 1688 1118 1000
1119 1690 1119 1002
1121 1691 1121 1003
1122 1692 1122 1004
1123 1694 1123 1006
1124 1695 1124 1007
1125 1696 1125 1008
1126 1698 1126 1009
1127 1699 1127 1010
1128 1700 1128 1011
1129 1701 1129 1012
1130 1703 1130 1014
1131 1704 1131 1015
1132 1705 1132 1016
1133 1707 1133 1018
1134 1708 1134 1019
1135 1709 1135 1020
1136 1710 1136 1021
1137 1712 1137 1023
1138 1713 1138 1024
1139 1714 1139 1025
1140 1716 1140 1027
1141 1717 1141 1028
1142 1718 1142 1029
1143 1720 1143 1031
1144 1721 1144 1032
1145 1722 1145 1033
1146 1723 1146 1034
1147 1725 1147 1036
1148 1726 1148 1037
1149 1727 1149 1038
1150 1729 1150 1040
1151 1730 1151 1041
1152 1731 1152 1042
1153 1732 1153 1043
1154 1734 1154 1045
1155 1735 1155 1046
1156 1736 1156 1047
1157 1737 1157 1048
1158 1739 1158 1050
1159 1740 1159 1051
1160 1741 1160 1052
1161 1743 1161 1054
1162 1744 1162 1055
1164 1745 1164 1056
1165 1746 1165 1057
1166 1748 1166 1059
1167 1749 1167 1060
1168 1750 1168 1061
1169 1752 1169 1063
1170 1753 1170 1064
1171 1754 1171 1065
1172 1755 1172 1066
1173 1757 1173 1068
1174 1758 1174 1069
1175 1759 1175 1070
1176 1760 1176 1071
1177 1762 1177 1073
1178 1763 1178 1074
1179 1764 1179 1075
1180 1766 1180 1077
1181 1767 1181 1078
1182 1768 1182 1079
1183 1769 1183 1080
1184 1771 1184 1082
1185 1772 1185 1083
1186 1773 1186 1084
1187 1774 1187 1085
1188 1776 1188 1088
1189 1777 1189 1089
1190 1778 1190 1090
1191 1779 1191 1091
1192 1781 1192 1093
1193 1782 1193 1094
1194 1783 1194 1095
1195 1784 1195 1096
1196 1786 1196 1098
1197 1787 1197 1099
1198 1788 1198 1100
1199 1789 1199 1101
1200 1791 1200 1103
1201 1792 1201 1104
1202 1793 1202 1105
1203 1794 1203 1106
1204 1796 1204 1108
1205 1797 1205 1109
1207 1798 1207 1110
1208 1799 1208 1111
1209 1801 1209 1113
1210 1802 1210 1114
1211 1803 1211 1116
1212 1804 1212 1117
1213 1806 1213 1119
1214 1807 1214 1120
1215 1808 1215 1121
1216 1809 1216 1122
1217 1811 1217 1124
1218 1812 1218 1125
1219 1813 1219 1126
1220 1814 1220 1127
1221 1816 1221 1129
1222 1817 1222 1130
1223 1818 1223 1131
1224 1819 1224 1132
1225 1821 1225 1135
1226 1822 1226 1136
1227 1823 1227 1137
1228 1824 1228 1138
1229 1826 1229 1140
1230 1827 1230 1141
1231 1828 1231 1142
1232 1829 1232 1143
1233 1831 1233 1145
1234 1832 1234 1146
1235 1833 1235 1147
1236 1834 1236 1148
1237 1835 1237 1149
1238 1837 1238 1152
1239 1838 1239 1153
1240 1839 1240 1154
1241 1840 1241 1155
1242 1842 1242 1157
1243 1843 1243 1158
1244 1844 1244 1159
1245 1845 1245 1160
1246 1847 1246 1162
1247 1848 1247 1163
1248 1849 1248 1165
1249 1850 1249 1166
1251 1851 1251 1167
1252 1853 1252 1169
1253 1854 1253 1170
1254 1855 1254 1171
1255 1856 1255 1172
1256 1858 1256 1174
1257 1859 1257 1175
1258 1860 1258 1176
1259 1861 1259 1178
1260 1862 1260 1179
1261 1864 1261 1181
1262 1865 1262 1182
1263 1866 1263 1183
1264 1867 1264 1184
1265 1868 1265 1185
1266 1870 1266 1187
1267 1871 1267 1188
1268 1872 1268 1190
1269 1873 1269 1191
1270 1875 1270 1193
1271 1876 1271 1194
1272 1877 1272 1195
1273 1878 1273 1196
1274 1879 1274 1197
1275 1881 1275 1199
1276 1882 1276 1201
1277 1883 1277 1202
1278 1884 1278 1203
1279 1885 1279 1204
1280 1887 1280 1206
1281 1888 1281 1207
1282 1889 1282 1208
1283 1890 1283 1209
1284 1891 1284 1211
1285 1893 1285 1213
1286 1894 1286 1214
1287 1895 1287 1215
1288 1896 1288 1216
1289 1897 1289 1217
1290 1899 1290 1219
1291 1900 1291 1221
1292 1901 1292 1222
1294 1902 1294 1223
1295 1903 1295 1224
1296 1905 1296 1226
1297 1906 1297 1227
1298 1907 1298 1228
1299 1908 1299 1230
1300 1909 1300 1231
1301 1911 1301 1233
1302 1912 1302 1234
1303 1913 1303 1235
1304 1914 1304 1236
1305 1915 1305 1237
1306 1917 1306 1240
1307 1918 1307 1241
1308 1919 1308 1242
1309 1920 1309 1243
1310 1921 1310 1244
1311 1922 1311 1245
1312 1924 1312 1248
1313 1925 1313 1249
1314 1926 1314 1250
1315 1927 1315 1251
1316 1928 1316 1252
1317 1930 1317 1254
1318 1931 1318 1256
1319 1932 1319 1257
1320 1933 1320 1258
1321 1934 1321 1259
1322 1935 1322 1260
1323 1937 1323 1262
1324 1938 1324 1264
1325 1939 1325 1265
1326 1940 1326 1266
1327 1941 1327 1267
1328 1943 1328 1269
1329 1944 1329 1270
1330 1945 1330 1272
1331 1946 1331 1273
1332 1947 1332 1274
1333 1948 1333 1275
1334 1950 1334 1277
1335 1951 1335 1279
1337 1952 1337 1280
1338 1953 1338 1281
1339 1954 1339 1282
1340 1955 1340 1283
1341 1957 1341 1285
1342 1958 1342 1287
1343 1959 1343 1288
1344 1960 1344 1289
1345 1961 1345 1290
1346 1962 1346 1291
1347 1964 1347 1294
1348 1965 1348 1295
1349 1966 1349 1296
1350 1967 1350 1297
1351 1968 1351 1298
1352 1969 1352 1299
1353 1970 1353 1301
1354 1972 1354 1303
1355 1973 1355 1304
1356 1974 1356 1305
1357 1975 1357 1306
1358 1976 1358 1308
1359 1977 1359 1309
1360 1979 1360 1311
1361 1980 1361 1312
1362 1981 1362 1314
1363 1982 1363 1315
1364 1983 1364 1316
1365 1984 1365 1317
1366 1985 1366 1318
1367 1987 1367 1321
1368 1988 1368 1322
1369 1989 1369 1323
1370 1990 1370 1324
1371 1991 1371 1325
1372 1992 1372 1327
1373 1994 1373 1329
1374 1995 1374 1330
1375 1996 1375 1331
1376 1997 1376 1332
1377 1998 1377 1334
1378 1999 1378 1335
1380 2000 1380 1336
1381 2002 1381 1338
1382 2003 1382 1340
1383 2004 1383 1341
1384 2005 1384 1342
1385 2006 1385 1343
1386 2007 1386 1344
1387 2008 1387 1346
1388 2010 1388 1348
1389 2011 1389 1349
1390 2012 1390 1350
1391 2013 1391 1352
1392 2014 1392 1353
1393 2015 1393 1354
1394 2016 1394 1355
1395 2017 1395 1356
1396 2019 1396 1359
1397 2020 1397 1360
1398 2021 1398 1361
1399 2022 1399 1362
1400 2023 1400 1364
1401 2024 1401 1365
1402 2025 1402 1366
1403 2026 1403 1367
1404 2028 1404 1370
1405 2029 1405 1371
1406 2030 1406 1372
1407 2031 1407 1373
1408 2032 1408 1374
1409 2033 1409 1376
1410 2034 1410 1377
1411 2035 1411 1378
1412 2037 1412 1381
1413 2038 1413 1382
1414 2039 1414 1383
1415 2040 1415 1384
1416 2041 1416 1385
1417 2042 1417 1387
1418 2043 1418 1388
1419 2044 1419 1389
1420 2046 1420 1392
1421 2047 1421 1393
1423 2048 1423 1394
1424 2049 1424 1395
1425 2050 1425 1396
1426 2051 1426 1398
1427 2052 1427 1399
1428 2053 1428 1400
1429 2054 1429 1401
1430 2056 1430 1404
1431 2057 1431 1405
1432 2058 1432 1406
1433 2059 1433 1407
1434 2060 1434 1409
1435 2061 1435 1410
1436 2062 1436 1411
1437 2063 1437 1412
1438 2064 1438 1414
1439 2065 1439 1415
1440 2067 1440 1417
1441 2068 1441 1419
1442 2069 1442 1420
1443 2070 1443 1421
1444 2071 1444 1422
1445 2072 1445 1424
1446 2073 1446 1425
1447 2074 1447 1426
1448 2075 1448 1427
1449 2076 1449 1429
1450 2078 1450 1431
1451 2079 1451 1432
1452 2080 1452 1434
1453 2081 1453 1435
1454 2082 1454 1436
1455 2083 1455 1437
1456 2084 1456 1439
1457 2085 1457 1440
1458 2086 1458 1441
1459 2087 1459 1442
1460 2089 1460 1445
1461 2090 1461 1446
1462 2091 1462 1447
1463 2092 1463 1449
1464 2093 1464 1450
1466 2094 1466 1451
1467 2095 1467 1452
1468 2096 1468 1454
1469 2097 1469 1455
1470 2098 1470 1456
1471 2099 1471 1457
1472 2100 1472 1459
1473 2102 1473 1461
1474 2103 1474 1462
1475 2104 1475 1464
1476 2105 1476 1465
1477 2106 1477 1466
1478 2107 1478 1467
1479 2108 1479 1469
1480 2109 1480 1470
1481 2110 1481 1471
1482 2111 1482 1473
1483 2112 1483 1474
1484 2113 1484 1475
1485 2114 1485 1476
1486 2116 1486 1479
1487 2117 1487 1480
1488 2118 1488 1481
1489 2119 1489 1483
1490 2120 1490 1484
1491 2121 1491 1485
1492 2122 1492 1487
1493 2123 1493 1488
1494 2124 1494 1489
1495 2125 1495 1490
1496 2126 1496 1492
1497 2127 1497 1493
1498 2128 1498 1494
1499 2129 1499 1496
1500 2130 1500 1497
1501 2132 1501 1499
1502 2133 1502 1501
1503 2134 1503 1502
1504 2135 1504 1503
1505 2136 1505 1504
1506 2137 1506 1506
1507 2138 1507 1507
1509 2139 1509 1508
1510 2140 1510 1510
1511 2141 1511 1511
1512 2142 1512 1512
1513 2143 1513 1514
1514 2144 1514 1515
1515 2145 1515 1516
1516 2146 1516 1517
1517 2147 1517 1519
1518 2148 1518 1520
1519 2149 1519 1521
1520 2151 1520 1524
1521 2152 1521 1525
1522 2153 1522 1526
1523 2154 1523 1528
1524 2155 1524 1529
1525 2156 1525 1530
1526 2157 1526 1532
1527 2158 1527 1533
1528 2159 1528 1534
1529 2160 1529 1536
1530 2161 1530 1537
1531 2162 1531 1538
1532 2163 1532 1540
1533 2164 1533 1541
1534 2165 1534 1542
1535 2166 1535 1543
1536 2167 1536 1545
1537 2168 1537 1546
1538 2169 1538 1547
1539 2170 1539 1549
1540 2171 1540 1550
1541 2172 1541 1551
1542 2173 1542 1553
1543 2175 1543 1555
1544 2176 1544 1557
1545 2177 1545 1558
1546 2178 1546 1559
1547 2179 1547 1561
1548 2180 1548 1562
1549 2181 1549 1563
1550 2182 1550 1565
1552 2183 1552 1566
1553 2184 1553 1567
1554 2185 1554 1568
1555 2186 1555 1570
1556 2187 1556 1571
1557 2188 1557 1572
1558 2189 1558 1574
1559 2190 1559 1575
1560 2191 1560 1576
1561 2192 1561 1578
1562 2193 1562 1579
1563 2194 1563 1580
1564 2195 1564 1582
1565 2196 1565 1583
1566 2197 1566 1584
1567 2198 1567 1586
1568 2199 1568 1587
1569 2200 1569 1588
1570 2201 1570 1590
1571 2202 1571 1591
1572 2203 1572 1592
1573 2204 1573 1594
1574 2205 1574 1595
1575 2206 1575 1596
1576 2207 1576 1598
1577 2208 1577 1599
1578 2209 1578 1600
1579 2210 1579 1602
1580 2211 1580 1603
1581 2212 1581 1604
1582 2213 1582 1606
1583 2214 1583 1607
1584 2215 1584 1608
1585 2216 1585 1610
1586 2217 1586 1611
1587 2218 1587 1613
1588 2219 1588 1614
1589 2220 1589 1615
1590 2221 1590 1617
1591 2222 1591 1618
1592 2223 1592 1619
1593 2224 1593 1621
1595 2225 1595 1622
1596 2226 1596 1623
1597 2227 1597 1625
1598 2228 1598 1626
1599 2229 1599 1627
1600 2230 1600 1629
1601 2231 1601 1630
1602 2232 1602 1631
1603 2233 1603 1633
1604 2234 1604 1634
1605 2235 1605 1636
1606 2236 1606 1637
1607 2237 1607 1638
1608 2238 1608 1640
1609 2239 1609 1641
1610 2240 1610 1642
1611 2241 1611 1644
1612 2242 1612 1645
1613 2243 1613 1646
1614 2244 1614 1648
1615 2245 1615 1649
1616 2246 1616 1651
1617 2247 1617 1652
1618 2248 1618 1653
1619 2249 1619 1655
1620 2250 1620 1656
1621 2251 1621 1657
1622 2252 1622 1659
1623 2253 1623 1660
1624 2254 1624 1661
1625 2255 1625 1663
1626 2256 1626 1664
1627 2257 1627 1666
1628 2258 1628 1667
1629 2259 1629 1668
1630 2260 1630 1670
1631 2261 1631 1671
1632 2262 1632 1672
1633 2263 1633 1674
1634 2264 1634 1675
1635 2265 1635 1677
1636 2266 1636 1678
1637 2267 1637 1679
1639 2268 1639 1681
1640 2269 1640 1682
1641 2270 1641 1684
1642 2271 1642 1685
1643 2272 1643 1686
1644 2273 1644 1688
1645 2274 1645 1689
1646 2275 1646 1690
1647 2276 1647 1692
1648 2277 1648 1693
1649 2278 1649 1695
1650 2279 1650 1696
1651 2279 1651 1696
1652 2280 1652 1697
1653 2281 1653 1699
1654 2282 1654 1700
1655 2283 1655 1702
1656 2284 1656 1703
1657 2285 1657 1704
1658 2286 1658 1706
1659 2287 1659 1707
1660 2288 1660 1709
1661 2289 1661 1710
1662 2290 1662 1711
1663 2291 1663 1713
1664 2292 1664 1714
1665 2293 1665 1716
1666 2294 1666 1717
1667 2295 1667 1718
1668 2296 1668 1720
1669 2297 1669 1721
1670 2298 1670 1723
1671 2299 1671 1724
1672 2300 1672 1725
1673 2301 1673 1727
1674 2302 1674 1728
1675 2302 1675 1728
1676 2303 1676 1730
1677 2304 1677 1731
1678 2305 1678 1732
1679 2306 1679 1734
1680 2307 1680 1735
1682 2308 1682 1737
1683 2309 1683 1738
1684 2310 1684 1739
1685 2311 1685 1741
1686 2312 1686 1742
1687 2313 1687 1744
1688 2314 1688 1745
1689 2315 1689 1747
1690 2316 1690 1748
1691 2317 1691 1749
1692 2318 1692 1751
1693 2318 1693 1751
1694 2319 1694 1752
1695 2320 1695 1754
1696 2321 1696 1755
1697 2322 1697 1757
1698 2323 1698 1758
1699 2324 1699 1759
1700 2325 1700 1761
1701 2326 1701 1762
1702 2327 1702 1764
1703 2328 1703 1765
1704 2329 1704 1766
1705 2330 1705 1768
1706 2331 1706 1769
1707 2332 1707 1771
1708 2332 1708 1771
1709 2333 1709 1772
1710 2334 1710 1774
1711 2335 1711 1775
1712 2336 1712 1776
1713 2337 1713 1778
1714 2338 1714 1779
1715 2339 1715 1781
1716 2340 1716 1782
1717 2341 1717 1784
1718 2342 1718 1785
1719 2343 1719 1787
1720 2344 1720 1788
1721 2344 1721 1788
1722 2345 1722 1789
1723 2346 1723 1791
1725 2347 1725 1792
1726 2348 1726 1794
1727 2349 1727 1795
1728 2350 1728 1797
1729 2351 1729 1798
1730 2352 1730 1799
1731 2353 1731 1801
1732 2354 1732 1802
1733 2355 1733 1804
1734 2355 1734 1804
1735 2356 1735 1805
1736 2357 1736 1807
1737 2358 1737 1808
1738 2359 1738 1810
1739 2360 1739 1811
1740 2361 1740 1813
1741 2362 1741 1814
1742 2363 1742 1815
1743 2364 1743 1817
1744 2365 1744 1818
1745 2365 1745 1818
1746 2366 1746 1820
1747 2367 1747 1821
1748 2368 1748 1823
1749 2369 1749 1824
1750 2370 1750 1826
1751 2371 1751 1827
1752 2372 1752 1828
1753 2373 1753 1830
1754 2374 1754 1831
1755 2374 1755 1831
1756 2375 1756 1833
1757 2376 1757 1834
1758 2377 1758 1836
1759 2378 1759 1837
1760 2379 1760 1839
1761 2380 1761 1840
1762 2381 1762 1842
1763 2382 1763 1843
1764 2382 1764 1843
1765 2383 1765 1845
1766 2384 1766 1846
1768 2385 1768 1848
1769 2386 1769 1849
1770 2387 1770 1850
1771 2388 1771 1852
1772 2389 1772 1853
1773 2390 1773 1855
1774 2390 1774 1855
1775 2391 1775 1856
1776 2392 1776 1858
1777 2393 1777 1859
1778 2394 1778 1861
1779 2395 1779 1862
1780 2396 1780 1864
1781 2397 1781 1865
1782 2398 1782 1867
1783 2398 1783 1867
1784 2399 1784 1868
1785 2400 1785 1870
1786 2401 1786 1871
1787 2402 1787 1873
1788 2403 1788 1874
1789 2404 1789 1876
1790 2405 1790 1877
1791 2405 1791 1877
1792 2406 1792 1878
1793 2407 1793 1880
1794 2408 1794 1881
1795 2409 1795 1883
1796 2410 1796 1884
1797 2411 1797 1886
1798 2412 1798 1887
1799 2412 1799 1887
1800 2413 1800 1889
1801 2414 1801 1890
1802 2415 1802 1892
1803 2416 1803 1893
1804 2417 1804 1895
1805 2418 1805 1896
1806 2418 1806 1896
1807 2419 1807 1898
1808 2420 1808 1899
1809 2421 1809 1901
1811 2422 1811 1902
1812 2423 1812 1904
1813 2424 1813 1905
1814 2424 1814 1905
1815 2425 1815 1907
1816 2426 1816 1908
1817 2427 1817 1910
1818 2428 1818 1911
1819 2429 1819 1913
1820 2430 1820 1914
1821 2430 1821 1914
1822 2431 1822 1916
1823 2432 1823 1917
1824 2433 1824 1919
1825 2434 1825 1920
1826 2435 1826 1922
1827 2436 1827 1923
1828 2436 1828 1923
1829 2437 1829 1925
1830 2438 1830 1926
1831 2439 1831 1928
1832 2440 1832 1929
1833 2441 1833 1931
1834 2442 1834 1932
1835 2442 1835 1932
1836 2443 1836 1934
1837 2444 1837 1935
1838 2445 1838 1937
1839 2446 1839 1938
1840 2447 1840 1940
1841 2447 1841 1940
1842 2448 1842 1941
1843 2449 1843 1943
1844 2450 1844 1944
1845 2451 1845 1946
1846 2452 1846 1947
1847 2452 1847 1947
1848 2453 1848 1949
1849 2454 1849 1950
1850 2455 1850 1952
1851 2456 1851 1953
1852 2457 1852 1955
1854 2458 1854 1957
1855 2458 1855 1957
1856 2459 1856 1958
1857 2460 1857 1960
1858 2461 1858 1961
1859 2462 1859 1963
1860 2462 1860 1963
1861 2463 1861 1964
1862 2464 1862 1966
1863 2465 1863 1967
1864 2466 1864 1969
1865 2467 1865 1970
1866 2467 1866 1970
1867 2468 1867 1972
1868 2469 1868 1973
1869 2470 1869 1975
1870 2471 1870 1976
1871 2472 1871 1978
1872 2472 1872 1978
1873 2473 1873 1979
1874 2474 1874 1981
1875 2475 1875 1982
1876 2476 1876 1984
1877 2477 1877 1986
1878 2477 1878 1986
1879 2478 1879 1987
1880 2479 1880 1989
1881 2480 1881 1990
1882 2481 1882 1992
1883 2481 1883 1992
1884 2482 1884 1993
1885 2483 1885 1995
1886 2484 1886 1996
1887 2485 1887 1998
1888 2485 1888 1998
1889 2486 1889 1999
1890 2487 1890 2001
1891 2488 1891 2002
1892 2489 1892 2004
1893 2490 1893 2006
1894 2490 1894 2006
1895 2491 1895 2007
1897 2492 1897 2009
1898 2493 1898 2010
1899 2494 1899 2012
1900 2494 1900 2012
1901 2495 1901 2013
1902 2496 1902 2015
1903 2497 1903 2016
1904 2498 1904 2018
1905 2498 1905 2018
1906 2499 1906 2019
1907 2500 1907 2021
1908 2501 1908 2023
1909 2502 1909 2024
1910 2502 1910 2024
1911 2503 1911 2026
1912 2504 1912 2027
1913 2505 1913 2029
1914 2506 1914 2030
1915 2506 1915 2030
1916 2507 1916 2032
1917 2508 1917 2033
1918 2509 1918 2035
1919 2510 1919 2037
1920 2510 1920 2037
1921 2511 1921 2038
1922 2512 1922 2040
1923 2513 1923 2041
1924 2514 1924 2043
1925 2514 1925 2043
1926 2515 1926 2044
1927 2516 1927 2046
1928 2517 1928 2047
1929 2517 1929 2047
1930 2518 1930 2049
1931 2519 1931 2051
1932 2520 1932 2052
1933 2521 1933 2054
1934 2521 1934 2054
1935 2522 1935 2055
1936 2523 1936 2057
1937 2524 1937 2058
1938 2525 1938 2060
1940 2525 1940 2060
1941 2526 1941 2062
1942 2527 1942 2063
1943 2528 1943 2065
1944 2528 1944 2065
1945 2529 1945 2066
1946 2530 1946 2068
1947 2531 1947 2069
1948 2532 1948 2071
1949 2532 1949 2071
1950 2533 1950 2073
1951 2534 1951 2074
1952 2535 1952 2076
1953 2535 1953 2076
1954 2536 1954 2077
1955 2537 1955 2079
1956 2538 1956 2080
1957 2539 1957 2082
1958 2539 1958 2082
1959 2540 1959 2084
1960 2541 1960 2085
1961 2542 1961 2087
1962 2542 1962 2087
1963 2543 1963 2088
1964 2544 1964 2090
1965 2545 1965 2091
1966 2545 1966 2091
1967 2546 1967 2093
1968 2547 1968 2095
1969 2548 1969 2096
1970 2548 1970 2096
1971 2549 1971 2098
1972 2550 1972 2099
1973 2551 1973 2101
1974 2552 1974 2103
1975 2552 1975 2103
1976 2553 1976 2104
1977 2554 1977 2106
1978 2555 1978 2107
1979 2555 1979 2107
1980 2556 1980 2109
1981 2557 1981 2111
1983 2558 1983 2112
1984 2558 1984 2112
1985 2559 1985 2114
1986 2560 1986 2115
1987 2561 1987 2117
1988 2561 1988 2117
1989 2562 1989 2118
1990 2563 1990 2120
1991 2564 1991 2122
1992 2564 1992 2122
1993 2565 1993 2123
1994 2566 1994 2125
1995 2567 1995 2126
1996 2567 1996 2126
1997 2568 1997 2128
1998 2569 1998 2130
1999 2570 1999 2131
2000 2570 2000 2131
2001 2571 2001 2133
2002 2572 2002 2134
2003 2573 2003 2136
2004 2573 2004 2136
2005 2574 2005 2138
2006 2575 2006 2139
2007 2576 2007 2141
2008 2576 2008 2141
2009 2577 2009 2142
2010 2578 2010 2144
2011 2578 2011 2144
2012 2579 2012 2146
2013 2580 2013 2147
2014 2581 2014 2149
2015 2581 2015 2149
2016 2582 2016 2151
2017 2583 2017 2152
2018 2584 2018 2154
2019 2584 2019 2154
2020 2585 2020 2155
2021 2586 2021 2157
2022 2587 2022 2159
2023 2587 2023 2159
2024 2588 2024 2160
2026 2589 2026 2162
2027 2589 2027 2162
2028 2590 2028 2163
2029 2591 2029 2165
2030 2592 2030 2167
2031 2592 2031 2167
2032 2593 2032 2168
2033 2594 2033 2170
2034 2595 2034 2171
2035 2595 2035 2171
2036 2596 2036 2173
2037 2597 2037 2175
2038 2597 2038 2175
2039 2598 2039 2176
2040 2599 2040 2178
2041 2600 2041 2180
2042 2600 2042 2180
2043 2601 2043 2181
2044 2602 2044 2183
2045 2602 2045 2183
2046 2603 2046 2184
2047 2604 2047 2186
2048 2605 2048 2188
2049 2605 2049 2188
2050 2606 2050 2189
2051 2607 2051 2191
2052 2608 2052 2193
2053 2608 2053 2193
2054 2609 2054 2194
2055 2610 2055 2196
2056 2610 2056 2196
2057 2611 2057 2197
2058 2612 2058 2199
2059 2612 2059 2199
2060 2613 2060 2201
2061 2614 2061 2202
2062 2615 2062 2204
2063 2615 2063 2204
2064 2616 2064 2206
2065 2617 2065 2207
2066 2617 2066 2207
2067 2618 2067 2209
2068 2619 2068 2211
2070 2620 2070 2212
2071 2620 2071 2212
2072 2621 2072 2214
2073 2622 2073 2215
2074 2622 2074 2215
2075 2623 2075 2217
2076 2624 2076 2219
2077 2624 2077 2219
2078 2625 2078 2220
2079 2626 2079 2222
2080 2627 2080 2224
2081 2627 2081 2224
2082 2628 2082 2225
2083 2629 2083 2227
2084 2629 2084 2227
2085 2630 2085 2229
2086 2631 2086 2230
2087 2631 2087 2230
2088 2632 2088 2232
2089 2633 2089 2234
2090 2634 2090 2235
2091 2634 2091 2235
2092 2635 2092 2237
2093 2636 2093 2238
2094 2636 2094 2238
2095 2637 2095 2240
2096 2638 2096 2242
2097 2638 2097 2242
2098 2639 2098 2243
2099 2640 2099 2245
2100 2640 2100 2245
2101 2641 2101 2247
2102 2642 2102 2248
2103 2642 2103 2248
2104 2643 2104 2250
2105 2644 2105 2252
2106 2645 2106 2253
2107 2645 2107 2253
2108 2646 2108 2255
2109 2647 2109 2257
2110 2647 2110 2257
2111 2648 2111 2258
2113 2649 2113 2260
2114 2649 2114 2260
2115 2650 2115 2262
2116 2651 2116 2263
2117 2651 2117 2263
2118 2652 2118 2265
2119 2653 2119 2267
2120 2653 2120 2267
2121 2654 2121 2268
2122 2655 2122 2270
2123 2655 2123 2270
2124 2656 2124 2272
2125 2657 2125 2273
2126 2657 2126 2273
2127 2658 2127 2275
2128 2659 2128 2277
2129 2659 2129 2277
2130 2660 2130 2278
2131 2661 2131 2280
2132 2661 2132 2280
2133 2662 2133 2282
2134 2663 2134 2283
2135 2663 2135 2283
2136 2664 2136 2285
2137 2665 2137 2287
2138 2665 2138 2287
2139 2666 2139 2288
2140 2667 2140 2290
2141 2667 2141 2290
2142 2668 2142 2292
2143 2669 2143 2293
2144 2669 2144 2293
2145 2670 2145 2295
2146 2671 2146 2297
2147 2671 2147 2297
2148 2672 2148 2298
2149 2673 2149 2300
2150 2673 2150 2300
2151 2674 2151 2302
2152 2675 2152 2303
2153 2675 2153 2303
2154 2676 2154 2305
2156 2677 2156 2307
2157 2677 2157 2307
2158 2678 2158 2308
2159 2679 2159 2310
2160 2679 2160 2310
2161 2680 2161 2312
2162 2681 2162 2313
2163 2681 2163 2313
2164 2682 2164 2315
2165 2683 2165 2317
2166 2683 2166 2317
2167 2684 2167 2318
2168 2684 2168 2318
2169 2685 2169 2320
2170 2686 2170 2322
2171 2686 2171 2322
2172 2687 2172 2323
2173 2688 2173 2325
2174 2688 2174 2325
2175 2689 2175 2327
2176 2690 2176 2328
2177 2690 2177 2328
2178 2691 2178 2330
2179 2692 2179 2332
2180 2692 2180 2332
2181 2693 2181 2334
2182 2693 2182 2334
2183 2694 2183 2335
2184 2695 2184 2337
2185 2695 2185 2337
2186 2696 2186 2339
2187 2697 2187 2340
2188 2697 2188 2340
2189 2698 2189 2342
2190 2699 2190 2344
2191 2699 2191 2344
2192 2700 2192 2345
2193 2701 2193 2347
2194 2701 2194 2347
2195 2702 2195 2349
2196 2702 2196 2349
2197 2703 2197 2350
2199 2704 2199 2352
2200 2704 2200 2352
2201 2705 2201 2354
2202 2706 2202 2356
2203 2706 2203 2356
2204 2707 2204 2357
2205 2707 2205 2357
2206 2708 2206 2359
2207 2709 2207 2361
2208 2709 2208 2361
2209 2710 2209 2362
2210 2711 2210 2364
2211 2711 2211 2364
2212 2712 2212 2366
2213 2712 2213 2366
2214 2713 2214 2367
2215 2714 2215 2369
2216 2714 2216 2369
2217 2715 2217 2371
2218 2716 2218 2373
2219 2716 2219 2373
2220 2717 2220 2374
2221 2717 2221 2374
2222 2718 2222 2376
2223 2719 2223 2378
2224 2719 2224 2378
2225 2720 2225 2379
2226 2721 2226 2381
2227 2721 2227 2381
2228 2722 2228 2383
2229 2722 2229 2383
2230 2723 2230 2385
2231 2724 2231 2386
2232 2724 2232 2386
2233 2725 2233 2388
2234 2725 2234 2388
2235 2726 2235 2390
2236 2727 2236 2391
2237 2727 2237 2391
2238 2728 2238 2393
2239 2729 2239 2395
2240 2729 2240 2395
2242 2730 2242 2397
2243 2730 2243 2397
2244 2731 2244 2398
2245 2732 2245 2400
2246 2732 2246 2400
2247 2733 2247 2402
2248 2733 2248 2402
2249 2734 2249 2403
2250 2735 2250 2405
2251 2735 2251 2405
2252 2736 2252 2407
2253 2736 2253 2407
2254 2737 2254 2409
2255 2738 2255 2410
2256 2738 2256 2410
2257 2739 2257 2412
2258 2739 2258 2412
2259 2740 2259 2414
2260 2741 2260 2415
2261 2741 2261 2415
2262 2742 2262 2417
2263 2742 2263 2417
2264 2743 2264 2419
2265 2744 2265 2421
2266 2744 2266 2421
2267 2745 2267 2422
2268 2745 2268 2422
2269 2746 2269 2424
2270 2747 2270 2426
2271 2747 2271 2426
2272 2748 2272 2428
2273 2748 2273 2428
2274 2749 2274 2429
2275 2750 2275 2431
2276 2750 2276 2431
2277 2751 2277 2433
2278 2751 2278 2433
2279 2752 2279 2434
2280 2753 2280 2436
2281 2753 2281 2436
2282 2754 2282 2438
2283 2754 2283 2438
2285 2755 2285 2440
2286 2756 2286 2441
2287 2756 2287 2441
2288 2757 2288 2443
2289 2757 2289 2443
2290 2758 2290 2445
2291 2758 2291 2445
2292 2759 2292 2447
2293 2760 2293 2448
2294 2760 2294 2448
2295 2761 2295 2450
2296 2761 2296 2450
2297 2762 2297 2452
2298 2763 2298 2454
2299 2763 2299 2454
2300 2764 2300 2455
2301 2764 2301 2455
2302 2765 2302 2457
2303 2765 2303 2457
2304 2766 2304 2459
2305 2767 2305 2461
2306 2767 2306 2461
2307 2768 2307 2462
2308 2768 2308 2462
2309 2769 2309 2464
2310 2769 2310 2464
2311 2770 2311 2466
2312 2771 2312 2467
2313 2771 2313 2467
2314 2772 2314 2469
2315 2772 2315 2469
2316 2773 2316 2471
2317 2773 2317 2471
2318 2774 2318 2473
2319 2775 2319 2474
2320 2775 2320 2474
2321 2776 2321 2476
2322 2776 2322 2476
2323 2777 2323 2478
2324 2777 2324 2478
2325 2778 2325 2480
2326 2779 2326 2481
2328 2779 2328 2481
2329 2780 2329 2483
2330 2780 2330 2483
2331 2781 2331 2485
2332 2781 2332 2485
2333 2782 2333 2487
2334 2783 2334 2488
2335 2783 2335 2488
2336 2784 2336 2490
2337 2784 2337 2490
2338 2785 2338 2492
2339 2785 2339 2492
2340 2786 2340 2494
2341 2787 2341 2496
2342 2787 2342 2496
2343 2788 2343 2497
2344 2788 2344 2497
2345 2789 2345 2499
2346 2789 2346 2499
2347 2790 2347 2501
2348 2790 2348 2501
2349 2791 2349 2503
2350 2792 2350 2504
2351 2792 2351 2504
2352 2793 2352 2506
2353 2793 2353 2506
2354 2794 2354 2508
2355 2794 2355 2508
2356 2795 2356 2510
2357 2795 2357 2510
2358 2796 2358 2511
2359 2797 2359 2513
2360 2797 2360 2513
2361 2798 2361 2515
2362 2798 2362 2515
2363 2799 2363 2517
2364 2799 2364 2517
2365 2800 2365 2518
2366 2800 2366 2518
2367 2801 2367 2520
2368 2801 2368 2520
2369 2802 2369 2522
2371 2803 2371 2524
2372 2803 2372 2524
2373 2804 2373 2525
2374 2804 2374 2525
2375 2805 2375 2527
2376 2805 2376 2527
2377 2806 2377 2529
2378 2806 2378 2529
2379 2807 2379 2531
2380 2808 2380 2533
2381 2808 2381 2533
2382 2809 2382 2534
2383 2809 2383 2534
2384 2810 2384 2536
2385 2810 2385 2536
2386 2811 2386 2538
2387 2811 2387 2538
2388 2812 2388 2540
2389 2812 2389 2540
2390 2813 2390 2541
2391 2813 2391 2541
2392 2814 2392 2543
2393 2815 2393 2545
2394 2815 2394 2545
2395 2816 2395 2547
2396 2816 2396 2547
2397 2817 2397 2549
2398 2817 2398 2549
2399 2818 2399 2550
2400 2818 2400 2550
2401 2819 2401 2552
2402 2819 2402 2552
2403 2820 2403 2554
2404 2820 2404 2554
2405 2821 2405 2556
2406 2821 2406 2556
2407 2822 2407 2557
2408 2823 2408 2559
2409 2823 2409 2559
2410 2824 2410 2561
2411 2824 2411 2561
2412 2825 2412 2563
2414 2825 2414 2563
2415 2826 2415 2565
2416 2826 2416 2565
2417 2827 2417 2566
2418 2827 2418 2566
2419 2828 2419 2568
2420 2828 2420 2568
2421 2829 2421 2570
2422 2829 2422 2570
2423 2830 2423 2572
2424 2830 2424 2572
2425 2831 2425 2573
2426 2831 2426 2573
2427 2832 2427 2575
2428 2833 2428 2577
2429 2833 2429 2577
2430 2834 2430 2579
2431 2834 2431 2579
2432 2835 2432 2581
2433 2835 2433 2581
2434 2836 2434 2582
2435 2836 2435 2582
2436 2837 2436 2584
2437 2837 2437 2584
2438 2838 2438 2586
2439 2838 2439 2586
2440 2839 2440 2588
2441 2839 2441 2588
2442 2840 2442 2590
2443 2840 2443 2590
2444 2841 2444 2591
2445 2841 2445 2591
2446 2842 2446 2593
2447 2842 2447 2593
2448 2843 2448 2595
2449 2843 2449 2595
2450 2844 2450 2597
2451 2844 2451 2597
2452 2845 2452 2599
2453 2845 2453 2599
2454 2846 2454 2600
2455 2846 2455 2600
2457 2847 2457 2602
2458 2847 2458 2602
2459 2848 2459 2604
2460 2849 2460 2606
2461 2849 2461 2606
2462 2850 2462 2608
2463 2850 2463 2608
2464 2851 2464 2609
2465 2851 2465 2609
2466 2852 2466 2611
2467 2852 2467 2611
2468 2853 2468 2613
2469 2853 2469 2613
2470 2854 2470 2615
2471 2854 2471 2615
2472 2855 2472 2617
2473 2855 2473 2617
2474 2856 2474 2618
2475 2856 2475 2618
2476 2857 2476 2620
2477 2857 2477 2620
2478 2858 2478 2622
2479 2858 2479 2622
2480 2859 2480 2624
2481 2859 2481 2624
2482 2860 2482 2626
2483 2860 2483 2626
2484 2861 2484 2627
2485 2861 2485 2627
2486 2862 2486 2629
2487 2862 2487 2629
2488 2863 2488 2631
2489 2863 2489 2631
2490 2864 2490 2633
2491 2864 2491 2633
2492 2865 2492 2635
2493 2865 2493 2635
2494 2866 2494 2637
2495 2866 2495 2637
2496 2867 2496 2638
2497 2867 2497 2638
2498 2868 2498 2640
2499 2868 2499 2640
2501 2869 2501 2642
2502 2869 2502 2642
2503 2870 2503 2644
2504 2870 2504 2644
2505 2870 2505 2644
2506 2871 2506 2646
2507 2871 2507 2646
2508 2872 2508 2647
2509 2872 2509 2647
2510 2873 2510 2649
2511 2873 2511 2649
2512 2874 2512 2651
2513 2874 2513 2651
2514 2875 2514 2653
2515 2875 2515 2653
2516 2876 2516 2655
2517 2876 2517 2655
2518 2877 2518 2657
2519 2877 2519 2657
2520 2878 2520 2658
2521 2878 2521 2658
2522 2879 2522 2660
2523 2879 2523 2660
2524 2880 2524 2662
2525 2880 2525 2662
2526 2881 2526 2664
2527 2881 2527 2664
2528 2882 2528 2666
2529 2882 2529 2666
2530 2883 2530 2667
2531 2883 2531 2667
2532 2884 2532 2669
2533 2884 2533 2669
2534 2885 2534 2671
2535 2885 2535 2671
2536 2886 2536 2673
2537 2886 2537 2673
2538 2886 2538 2673
2539 2887 2539 2675
2540 2887 2540 2675
2541 2888 2541 2677
2542 2888 2542 2677
2544 2889 2544 2678
2545 2889 2545 2678
2546 2890 2546 2680
2547 2890 2547 2680
2548 2891 2548 2682
2549 2891 2549 2682
2550 2892 2550 2684
2551 2892 2551 2684
2552 2893 2552 2686
2553 2893 2553 2686
2554 2894 2554 2688
2555 2894 2555 2688
2556 2895 2556 2689
2557 2895 2557 2689
2558 2895 2558 2689
2559 2896 2559 2691
2560 2896 2560 2691
2561 2897 2561 2693
2562 2897 2562 2693
2563 2898 2563 2695
2564 2898 2564 2695
2565 2899 2565 2697
2566 2899 2566 2697
2567 2900 2567 2699
2568 2900 2568 2699
2569 2901 2569 2700
2570 2901 2570 2700
2571 2902 2571 2702
2572 2902 2572 2702
2573 2902 2573 2702
2574 2903 2574 2704
2575 2903 2575 2704
2576 2904 2576 2706
2577 2904 2577 2706
2578 2905 2578 2708
2579 2905 2579 2708
2580 2906 2580 2710
2581 2906 2581 2710
2582 2907 2582 2711
2583 2907 2583 2711
2584 2908 2584 2713
2585 2908 2585 2713
2587 2909 2587 2715
2588 2909 2588 2715
2589 2909 2589 2715
2590 2910 2590 2717
2591 2910 2591 2717
2592 2911 2592 2719
2593 2911 2593 2719
2594 2912 2594 2721
2595 2912 2595 2721
2596 2913 2596 2723
2597 2913 2597 2723
2598 2914 2598 2724
2599 2914 2599 2724
2600 2914 2600 2724
2601 2915 2601 2726
2602 2915 2602 2726
2603 2916 2603 2728
2604 2916 2604 2728
2605 2917 2605 2730
2606 2917 2606 2730
2607 2918 2607 2732
2608 2918 2608 2732
2609 2919 2609 2734
2610 2919 2610 2734
2611 2919 2611 2734
2612 2920 2612 2736
2613 2920 2613 2736
2614 2921 2614 2737
2615 2921 2615 2737
2616 2922 2616 2739
2617 2922 2617 2739
2618 2923 2618 2741
2619 2923 2619 2741
2620 2924 2620 2743
2621 2924 2621 2743
2622 2924 2622 2743
2623 2925 2623 2745
2624 2925 2624 2745
2625 2926 2625 2747
2626 2926 2626 2747
2627 2927 2627 2748
2628 2927 2628 2748
2630 2928 2630 2750
2631 2928 2631 2750
2632 2928 2632 2750
2633 2929 2633 2752
2634 2929 2634 2752
2635 2930 2635 2754
2636 2930 2636 2754
2637 2931 2637 2756
2638 2931 2638 2756
2639 2932 2639 2758
2640 2932 2640 2758
2641 2932 2641 2758
2642 2933 2642 2760
2643 2933 2643 2760
2644 2934 2644 2762
2645 2934 2645 2762
2646 2935 2646 2763
2647 2935 2647 2763
2648 2936 2648 2765
2649 2936 2649 2765
2650 2936 2650 2765
2651 2937 2651 2767
2652 2937 2652 2767
2653 2938 2653 2769
2654 2938 2654 2769
2655 2939 2655 2771
2656 2939 2656 2771
2657 2939 2657 2771
2658 2940 2658 2773
2659 2940 2659 2773
2660 2941 2660 2775
2661 2941 2661 2775
2662 2942 2662 2776
2663 2942 2663 2776
2664 2943 2664 2778
2665 2943 2665 2778
2666 2943 2666 2778
2667 2944 2667 2780
2668 2944 2668 2780
2669 2945 2669 2782
2670 2945 2670 2782
2671 2946 2671 2784
2673 2946 2673 2784
2674 2946 2674 2784
2675 2947 2675 2786
2676 2947 2676 2786
2677 2948 2677 2788
2678 2948 2678 2788
2679 2949 2679 2790
2680 2949 2680 2790
2681 2949 2681 2790
2682 2950 2682 2791
2683 2950 2683 2791
2684 2951 2684 2793
2685 2951 2685 2793
2686 2952 2686 2795
2687 2952 2687 2795
2688 2952 2688 2795
2689 2953 2689 2797
2690 2953 2690 2797
2691 2954 2691 2799
2692 2954 2692 2799
2693 2955 2693 2801
2694 2955 2694 2801
2695 2955 2695 2801
2696 2956 2696 2803
2697 2956 2697 2803
2698 2957 2698 2805
2699 2957 2699 2805
2700 2958 2700 2806
2701 2958 2701 2806
2702 2958 2702 2806
2703 2959 2703 2808
2704 2959 2704 2808
2705 2960 2705 2810
2706 2960 2706 2810
2707 2961 2707 2812
2708 2961 2708 2812
2709 2961 2709 2812
2710 2962 2710 2814
2711 2962 2711 2814
2712 2963 2712 2816
2713 2963 2713 2816
2714 2964 2714 2818
2716 2964 2716 2818
2717 2964 2717 2818
2718 2965 2718 2820
2719 2965 2719 2820
2720 2966 2720 2821
2721 2966 2721 2821
2722 2966 2722 2821
2723 2967 2723 2823
2724 2967 2724 2823
2725 2968 2725 2825
2726 2968 2726 2825
2727 2969 2727 2827
2728 2969 2728 2827
2729 2969 2729 2827
2730 2970 2730 2829
2731 2970 2731 2829
2732 2971 2732 2831
2733 2971 2733 2831
2734 2971 2734 2831
2735 2972 2735 2833
2736 2972 2736 2833
2737 2973 2737 2835
2738 2973 2738 2835
2739 2974 2739 2837
2740 2974 2740 2837
2741 2974 2741 2837
2742 2975 2742 2838
2743 2975 2743 2838
2744 2976 2744 2840
2745 2976 2745 2840
2746 2976 2746 2840
2747 2977 2747 2842
2748 2977 2748 2842
2749 2978 2749 2844
2750 2978 2750 2844
2751 2978 2751 2844
2752 2979 2752 2846
2753 2979 2753 2846
2754 2980 2754 2848
2755 2980 2755 2848
2756 2981 2756 2850
2757 2981 2757 2850
2759 2981 2759 2850
2760 2982 2760 2852
2761 2982 2761 2852
2762 2983 2762 2854
2763 2983 2763 2854
2764 2983 2764 2854
2765 2984 2765 2856
2766 2984 2766 2856
2767 2985 2767 2857
2768 2985 2768 2857
2769 2985 2769 2857
2770 2986 2770 2859
2771 2986 2771 2859
2772 2987 2772 2861
2773 2987 2773 2861
2774 2987 2774 2861
2775 2988 2775 2863
2776 2988 2776 2863
2777 2989 2777 2865
2778 2989 2778 2865
2779 2990 2779 2867
2780 2990 2780 2867
2781 2990 2781 2867
2782 2991 2782 2869
2783 2991 2783 2869
2784 2992 2784 2871
2785 2992 2785 2871
2786 2992 2786 2871
2787 2993 2787 2873
2788 2993 2788 2873
2789 2994 2789 2875
2790 2994 2790 2875
2791 2994 2791 2875
2792 2995 2792 2876
2793 2995 2793 2876
2794 2996 2794 2878
2795 2996 2795 2878
2796 2996 2796 2878
2797 2997 2797 2880
2798 2997 2798 2880
2799 2998 2799 2882
2800 2998 2800 2882
2802 2998 2802 2882
2803 2999 2803 2884
2804 2999 2804 2884
2805 3000 2805 2886
2806 3000 2806 2886
2807 3000 2807 2886
2808 3001 2808 2888
2809 3001 2809 2888
2810 3002 2810 2890
2811 3002 2811 2890
2812 3002 2812 2890
2813 3003 2813 2892
2814 3003 2814 2892
2815 3004 2815 2894
2816 3004 2816 2894
2817 3004 2817 2894
2818 3005 2818 2896
2819 3005 2819 2896
2820 3006 2820 2897
2821 3006 2821 2897
2822 3006 2822 2897
2823 3007 2823 2899
2824 3007 2824 2899
2825 3008 2825 2901
2826 3008 2826 2901
2827 3008 2827 2901
2828 3009 2828 2903
2829 3009 2829 2903
2830 3009 2830 2903
2831 3010 2831 2905
2832 3010 2832 2905
2833 3011 2833 2907
2834 3011 2834 2907
2835 3011 2835 2907
2836 3012 2836 2909
2837 3012 2837 2909
2838 3013 2838 2911
2839 3013 2839 2911
2840 3013 2840 2911
2841 3014 2841 2913
2842 3014 2842 2913
2843 3015 2843 2915
2845 3015 2845 2915
2846 3015 2846 2915
2847 3016 2847 2917
2848 3016 2848 2917
2849 3017 2849 2919
2850 3017 2850 2919
2851 3017 2851 2919
2852 3018 2852 2920
2853 3018 2853 2920
2854 3018 2854 2920
2855 3019 2855 2922
2856 3019 2856 2922
2857 3020 2857 2924
2858 3020 2858 2924
2859 3020 2859 2924
2860 3021 2860 2926
2861 3021 2861 2926
2862 3022 2862 2928
2863 3022 2863 2928
2864 3022 2864 2928
2865 3023 2865 2930
2866 3023 2866 2930
2867 3024 2867 2932
2868 3024 2868 2932
2869 3024 2869 2932
2870 3025 2870 2934
2871 3025 2871 2934
2872 3025 2872 2934
2873 3026 2873 2936
2874 3026 2874 2936
2875 3027 2875 2938
2876 3027 2876 2938
2877 3027 2877 2938
2878 3028 2878 2940
2879 3028 2879 2940
2880 3029 2880 2942
2881 3029 2881 2942
2882 3029 2882 2942
2883 3030 2883 2944
2884 3030 2884 2944
2885 3030 2885 2944
2886 3031 2886 2946
2887 3031 2887 2946
2889 3032 2889 2947
2890 3032 2890 2947
2891 3032 2891 2947
2892 3033 2892 2949
2893 3033 2893 2949
2894 3034 2894 2951
2895 3034 2895 2951
2896 3034 2896 2951
2897 3035 2897 2953
2898 3035 2898 2953
2899 3035 2899 2953
2900 3036 2900 2955
2901 3036 2901 2955
2902 3037 2902 2957
2903 3037 2903 2957
2904 3037 2904 2957
2905 3038 2905 2959
2906 3038 2906 2959
2907 3038 2907 2959
2908 3039 2908 2961
2909 3039 2909 2961
2910 3040 2910 2963
2911 3040 2911 2963
2912 3040 2912 2963
2913 3041 2913 2965
2914 3041 2914 2965
2915 3042 2915 2967
2916 3042 2916 2967
2917 3042 2917 2967
2918 3043 2918 2969
2919 3043 2919 2969
2920 3043 2920 2969
2921 3044 2921 2971
2922 3044 2922 2971
2923 3045 2923 2973
2924 3045 2924 2973
2925 3045 2925 2973
2926 3046 2926 2975
2927 3046 2927 2975
2928 3046 2928 2975
2929 3047 2929 2977
2930 3047 2930 2977
2932 3048 2932 2979
2933 3048 2933 2979
2934 3048 2934 2979
2935 3049 2935 2980
2936 3049 2936 2980
2937 3049 2937 2980
2938 3050 2938 2982
2939 3050 2939 2982
2940 3051 2940 2984
2941 3051 2941 2984
2942 3051 2942 2984
2943 3052 2943 2986
2944 3052 2944 2986
2945 3052 2945 2986
2946 3053 2946 2988
2947 3053 2947 2988
2948 3054 2948 2990
2949 3054 2949 2990
2950 3054 2950 2990
2951 3055 2951 2992
2952 3055 2952 2992
2953 3055 2953 2992
2954 3056 2954 2994
2955 3056 2955 2994
2956 3057 2956 2996
2957 3057 2957 2996
2958 3057 2958 2996
2959 3058 2959 2998
2960 3058 2960 2998
2961 3058 2961 2998
2962 3059 2962 3000
2963 3059 2963 3000
2964 3060 2964 3002
2965 3060 2965 3002
2966 3060 2966 3002
2967 3061 2967 3004
2968 3061 2968 3004
2969 3061 2969 3004
2970 3062 2970 3006
2971 3062 2971 3006
2972 3063 2972 3008
2973 3063 2973 3008
2975 3063 2975 3008
2976 3064 2976 3010
2977 3064 2977 3010
2978 3064 2978 3010
2979 3065 2979 3012
2980 3065 2980 3012
2981 3065 2981 3012
2982 3066 2982 3014
2983 3066 2983 3014
2984 3067 2984 3016
2985 3067 2985 3016
2986 3067 2986 3016
2987 3068 2987 3018
2988 3068 2988 3018
2989 3068 2989 3018
2990 3069 2990 3020
2991 3069 2991 3020
2992 3070 2992 3021
2993 3070 2993 3021
2994 3070 2994 3021
2995 3071 2995 3023
2996 3071 2996 3023
2997 3071 2997 3023
2998 3072 2998 3025
2999 3072 2999 3025
3000 3073 3000 3027
3001 3073 3001 3027
3002 3073 3002 3027
3003 3074 3003 3029
3004 3074 3004 3029
3005 3074 3005 3029
3006 3075 3006 3031
3007 3075 3007 3031
3008 3075 3008 3031
3009 3076 3009 3033
3010 3076 3010 3033
3011 3077 3011 3035
3012 3077 3012 3035
3013 3077 3013 3035
3014 3078 3014 3037
3015 3078 3015 3037
3016 3078 3016 3037
3018 3079 3018 3039
3019 3079 3019 3039
3020 3080 3020 3041
3021 3080 3021 3041
3022 3080 3022 3041
3023 3081 3023 3043
3024 3081 3024 3043
3025 3081 3025 3043
3026 3082 3026 3045
3027 3082 3027 3045
3028 3082 3028 3045
3029 3083 3029 3047
3030 3083 3030 3047
3031 3084 3031 3049
3032 3084 3032 3049
3033 3084 3033 3049
3034 3085 3034 3051
3035 3085 3035 3051
3036 3085 3036 3051
3037 3086 3037 3053
3038 3086 3038 3053
3039 3086 3039 3053
3040 3087 3040 3055
3041 3087 3041 3055
3042 3088 3042 3057
3043 3088 3043 3057
3044 3088 3044 3057
3045 3089 3045 3059
3046 3089 3046 3059
3047 3089 3047 3059
3048 3090 3048 3061
3049 3090 3049 3061
3050 3091 3050 3063
3051 3091 3051 3063
3052 3091 3052 3063
3053 3092 3053 3065
3054 3092 3054 3065
3055 3092 3055 3065
3056 3093 3056 3067
3057 3093 3057 3067
3058 3093 3058 3067
3059 3094 3059 3069
3061 3094 3061 3069
3062 3095 3062 3071
3063 3095 3063 3071
3064 3095 3064 3071
3065 3096 3065 3073
3066 3096 3066 3073
3067 3096 3067 3073
3068 3097 3068 3075
3069 3097 3069 3075
3070 3097 3070 3075
3071 3098 3071 3077
3072 3098 3072 3077
3073 3099 3073 3079
3074 3099 3074 3079
3075 3099 3075 3079
3076 3100 3076 3081
3077 3100 3077 3081
3078 3100 3078 3081
3079 3101 3079 3083
3080 3101 3080 3083
3081 3101 3081 3083
3082 3102 3082 3085
3083 3102 3083 3085
3084 3103 3084 3087
3085 3103 3085 3087
3086 3103 3086 3087
3087 3104 3087 3089
3088 3104 3088 3089
3089 3104 3089 3089
3090 3105 3090 3091
3091 3105 3091 3091
3092 3105 3092 3091
3093 3106 3093 3093
3094 3106 3094 3093
3095 3107 3095 3094
3096 3107 3096 3094
3097 3107 3097 3094
3098 3108 3098 3096
3099 3108 3099 3096
3100 3108 3100 3096
3101 3109 3101 3098
3102 3109 3102 3098
3104 3109 3104 3098
3105 3110 3105 3100
3106 3110 3106 3100
3107 3111 3107 3102
3108 3111 3108 3102
3109 3111 3109 3102
3110 3112 3110 3104
3111 3112 3111 3104
3112 3112 3112 3104
3113 3113 3113 3106
3114 3113 3114 3106
3115 3113 3115 3106
3116 3114 3116 3108
3117 3114 3117 3108
3118 3114 3118 3108
3119 3115 3119 3110
3120 3115 3120 3110
3121 3116 3121 3112
3122 3116 3122 3112
3123 3116 3123 3112
3124 3117 3124 3114
3125 3117 3125 3114
3126 3117 3126 3114
3127 3118 3127 3116
3128 3118 3128 3116
3129 3118 3129 3116
3130 3119 3130 3118
3131 3119 3131 3118
3132 3120 3132 3120
3133 3120 3133 3120
3134 3120 3134 3120
3135 3121 3135 3122
3136 3121 3136 3122
3137 3121 3137 3122
3138 3122 3138 3124
3139 3122 3139 3124
3140 3122 3140 3124
3141 3123 3141 3126
3142 3123 3142 3126
3143 3124 3143 3128
3144 3124 3144 3128
3145 3124 3145 3128
3147 3125 3147 3130
3148 3125 3148 3130
3149 3125 3149 3130
3150 3126 3150 3132
3151 3126 3151 3132
3152 3126 3152 3132
3153 3127 3153 3134
3154 3127 3154 3134
3155 3128 3155 3136
3156 3128 3156 3136
3157 3128 3157 3136
3158 3129 3158 3138
3159 3129 3159 3138
3160 3129 3160 3138
3161 3130 3161 3140
3162 3130 3162 3140
3163 3130 3163 3140
3164 3131 3164 3142
3165 3131 3165 3142
3166 3132 3166 3144
3167 3132 3167 3144
3168 3132 3168 3144
3169 3133 3169 3146
3170 3133 3170 3146
3171 3133 3171 3146
3172 3134 3172 3148
3173 3134 3173 3148
3174 3134 3174 3148
3175 3135 3175 3150
3176 3135 3176 3150
3177 3136 3177 3152
3178 3136 3178 3152
3179 3136 3179 3152
3180 3137 3180 3154
3181 3137 3181 3154
3182 3137 3182 3154
3183 3138 3183 3156
3184 3138 3184 3156
3185 3138 3185 3156
3186 3139 3186 3158
3187 3139 3187 3158
3188 3140 3188 3160
3190 3140 3190 3160
3191 3140 3191 3160
3192 3141 3192 3162
3193 3141 3193 3162
3194 3141 3194 3162
3195 3142 3195 3164
3196 3142 3196 3164
3197 3142 3197 3164
3198 3143 3198 3166
3199 3143 3199 3166
3200 3144 3200 3169
3201 3144 3201 3169
3202 3144 3202 3169
3203 3145 3203 3171
3204 3145 3204 3171
3205 3145 3205 3171
3206 3146 3206 3173
3207 3146 3207 3173
3208 3146 3208 3173
3209 3147 3209 3175
3210 3147 3210 3175
3211 3148 3211 3177
3212 3148 3212 3177
3213 3148 3213 3177
3214 3149 3214 3179
3215 3149 3215 3179
3216 3149 3216 3179
3217 3150 3217 3181
3218 3150 3218 3181
3219 3150 3219 3181
3220 3151 3220 3183
3221 3151 3221 3183
3222 3152 3222 3185
3223 3152 3223 3185
3224 3152 3224 3185
3225 3153 3225 3187
3226 3153 3226 3187
3227 3153 3227 3187
3228 3154 3228 3189
3229 3154 3229 3189
3230 3154 3230 3189
3231 3155 3231 3191
3233 3155 3233 3191
3234 3156 3234 3193
3235 3156 3235 3193
3236 3156 3236 3193
3237 3157 3237 3195
3238 3157 3238 3195
3239 3157 3239 3195
3240 3158 3240 3197
3241 3158 3241 3197
3242 3158 3242 3197
3243 3159 3243 3199
3244 3159 3244 3199
3245 3160 3245 3201
3246 3160 3246 3201
3247 3160 3247 3201
3248 3161 3248 3203
3249 3161 3249 3203
3250 3161 3250 3203
3251 3162 3251 3205
3252 3162 3252 3205
3253 3162 3253 3205
3254 3163 3254 3207
3255 3163 3255 3207
3256 3164 3256 3209
3257 3164 3257 3209
3258 3164 3258 3209
3259 3165 3259 3211
3260 3165 3260 3211
3261 3165 3261 3211
3262 3166 3262 3213
3263 3166 3263 3213
3264 3167 3264 3215
3265 3167 3265 3215
3266 3167 3266 3215
3267 3168 3267 3217
3268 3168 3268 3217
3269 3168 3269 3217
3270 3169 3270 3219
3271 3169 3271 3219
3272 3169 3272 3219
3273 3170 3273 3221
3274 3170 3274 3221
3276 3171 3276 3223
3277 3171 3277 3223
3278 3171 3278 3223
3279 3172 3279 3225
3280 3172 3280 3225
3281 3172 3281 3225
3282 3173 3282 3227
3283 3173 3283 3227
3284 3174 3284 3229
3285 3174 3285 3229
3286 3174 3286 3229
3287 3175 3287 3231
3288 3175 3288 3231
3289 3175 3289 3231
3290 3176 3290 3233
3291 3176 3291 3233
3292 3176 3292 3233
3293 3177 3293 3235
3294 3177 3294 3235
3295 3178 3295 3237
3296 3178 3296 3237
3297 3178 3297 3237
3298 3179 3298 3239
3299 3179 3299 3239
3300 3179 3300 3239
3301 3180 3301 3241
3302 3180 3302 3241
3303 3181 3303 3244
3304 3181 3304 3244
3305 3181 3305 3244
3306 3182 3306 3246
3307 3182 3307 3246
3308 3182 3308 3246
3309 3183 3309 3248
3310 3183 3310 3248
3311 3184 3311 3250
3312 3184 3312 3250
3313 3184 3313 3250
3314 3185 3314 3252
3315 3185 3315 3252
3316 3185 3316 3252
3317 3186 3317 3254
3318 3186 3318 3254
3320 3186 3320 3254
3321 3187 3321 3256
3322 3187 3322 3256
3323 3188 3323 3258
3324 3188 3324 3258
3325 3188 3325 3258
3326 3189 3326 3260
3327 3189 3327 3260
3328 3189 3328 3260
3329 3190 3329 3262
3330 3190 3330 3262
3331 3191 3331 3264
3332 3191 3332 3264
3333 3191 3333 3264
3334 3192 3334 3266
3335 3192 3335 3266
3336 3192 3336 3266
3337 3193 3337 3268
3338 3193 3338 3268
3339 3194 3339 3270
3340 3194 3340 3270
3341 3194 3341 3270
3342 3195 3342 3272
3343 3195 3343 3272
3344 3195 3344 3272
3345 3196 3345 3274
3346 3196 3346 3274
3347 3197 3347 3276
3348 3197 3348 3276
3349 3197 3349 3276
3350 3198 3350 3278
3351 3198 3351 3278
3352 3198 3352 3278
3353 3199 3353 3280
3354 3199 3354 3280
3355 3200 3355 3282
3356 3200 3356 3282
3357 3200 3357 3282
3358 3201 3358 3284
3359 3201 3359 3284
3360 3202 3360 3287
3361 3202 3361 3287
3363 3202 3363 3287
3364 3203 3364 3289
3365 3203 3365 3289
3366 3203 3366 3289
3367 3204 3367 3291
3368 3204 3368 3291
3369 3205 3369 3293
3370 3205 3370 3293
3371 3205 3371 3293
3372 3206 3372 3295
3373 3206 3373 3295
3374 3206 3374 3295
3375 3207 3375 3297
3376 3207 3376 3297
3377 3208 3377 3299
3378 3208 3378 3299
3379 3208 3379 3299
3380 3209 3380 3301
3381 3209 3381 3301
3382 3209 3382 3301
3383 3210 3383 3303
3384 3210 3384 3303
3385 3211 3385 3305
3386 3211 3386 3305
3387 3211 3387 3305
3388 3212 3388 3307
3389 3212 3389 3307
3390 3213 3390 3309
3391 3213 3391 3309
3392 3213 3392 3309
3393 3214 3393 3311
3394 3214 3394 3311
3395 3214 3395 3311
3396 3215 3396 3313
3397 3215 3397 3313
3398 3216 3398 3315
3399 3216 3399 3315
3400 3216 3400 3315
3401 3217 3401 3317
3402 3217 3402 3317
3403 3218 3403 3319
3404 3218 3404 3319
3406 3218 3406 3319
3407 3219 3407 3322
3408 3219 3408 3322
3409 3219 3409 3322
3410 3220 3410 3324
3411 3220 3411 3324
3412 3221 3412 3326
3413 3221 3413 3326
3414 3221 3414 3326
3415 3222 3415 3328
3416 3222 3416 3328
3417 3223 3417 3330
3418 3223 3418 3330
3419 3223 3419 3330
3420 3224 3420 3332
3421 3224 3421 3332
3422 3224 3422 3332
3423 3225 3423 3334
3424 3225 3424 3334
3425 3226 3425 3336
3426 3226 3426 3336
3427 3226 3427 3336
3428 3227 3428 3338
3429 3227 3429 3338
3430 3228 3430 3340
3431 3228 3431 3340
3432 3228 3432 3340
3433 3229 3433 3342
3434 3229 3434 3342
3435 3230 3435 3344
3436 3230 3436 3344
3437 3230 3437 3344
3438 3231 3438 3346
3439 3231 3439 3346
3440 3231 3440 3346
3441 3232 3441 3348
3442 3232 3442 3348
3443 3233 3443 3351
3444 3233 3444 3351
3445 3233 3445 3351
3446 3234 3446 3353
3447 3234 3447 3353
3449 3235 3449 3355
3450 3235 3450 3355
3451 3235 3451 3355
3452 3236 3452 3357
3453 3236 3453 3357
3454 3237 3454 3359
3455 3237 3455 3359
3456 3237 3456 3359
3457 3238 3457 3361
3458 3238 3458 3361
3459 3239 3459 3363
3460 3239 3460 3363
3461 3239 3461 3363
3462 3240 3462 3365
3463 3240 3463 3365
3464 3241 3464 3367
3465 3241 3465 3367
3466 3241 3466 3367
3467 3242 3467 3369
3468 3242 3468 3369
3469 3243 3469 3371
3470 3243 3470 3371
3471 3243 3471 3371
3472 3244 3472 3373
3473 3244 3473 3373
3474 3245 3474 3376
3475 3245 3475 3376
3476 3245 3476 3376
3477 3246 3477 3378
3478 3246 3478 3378
3479 3247 3479 3380
3480 3247 3480 3380
3481 3247 3481 3380
3482 3248 3482 3382
3483 3248 3483 3382
3484 3249 3484 3384
3485 3249 3485 3384
3486 3249 3486 3384
3487 3250 3487 3386
3488 3250 3488 3386
3489 3251 3489 3388
3490 3251 3490 3388
3492 3251 3492 3388
3493 3252 3493 3390
3494 3252 3494 3390
3495 3253 3495 3392
3496 3253 3496 3392
3497 3253 3497 3392
3498 3254 3498 3394
3499 3254 3499 3394
3500 3255 3500 3396
3501 3255 3501 3396
3502 3255 3502 3396
3503 3256 3503 3399
3504 3256 3504 3399
3505 3257 3505 3401
3506 3257 3506 3401
3507 3257 3507 3401
3508 3258 3508 3403
3509 3258 3509 3403
3510 3259 3510 3405
3511 3259 3511 3405
3512 3259 3512 3405
3513 3260 3513 3407
3514 3260 3514 3407
3515 3261 3515 3409
3516 3261 3516 3409
3517 3261 3517 3409
3518 3262 3518 3411
3519 3262 3519 3411
3520 3263 3520 3413
3521 3263 3521 3413
3522 3264 3522 3415
3523 3264 3523 3415
3524 3264 3524 3415
3525 3265 3525 3417
3526 3265 3526 3417
3527 3266 3527 3420
3528 3266 3528 3420
3529 3266 3529 3420
3530 3267 3530 3422
3531 3267 3531 3422
3532 3268 3532 3424
3533 3268 3533 3424
3535 3268 3535 3424
3536 3269 3536 3426
3537 3269 3537 3426
3538 3270 3538 3428
3539 3270 3539 3428
3540 3271 3540 3430
3541 3271 3541 3430
3542 3271 3542 3430
3543 3272 3543 3432
3544 3272 3544 3432
3545 3273 3545 3434
3546 3273 3546 3434
3547 3273 3547 3434
3548 3274 3548 3436
3549 3274 3549 3436
3550 3275 3550 3438
3551 3275 3551 3438
3552 3275 3552 3438
3553 3276 3553 3441
3554 3276 3554 3441
3555 3277 3555 3443
3556 3277 3556 3443
3557 3278 3557 3445
3558 3278 3558 3445
3559 3278 3559 3445
3560 3279 3560 3447
3561 3279 3561 3447
3562 3280 3562 3449
3563 3280 3563 3449
3564 3281 3564 3451
3565 3281 3565 3451
3566 3281 3566 3451
3567 3282 3567 3453
3568 3282 3568 3453
3569 3283 3569 3455
3570 3283 3570 3455
3571 3283 3571 3455
3572 3284 3572 3457
3573 3284 3573 3457
3574 3285 3574 3460
3575 3285 3575 3460
3576 3286 3576 3462
3578 3286 3578 3462
3579 3286 3579 3462
3580 3287 3580 3464
3581 3287 3581 3464
3582 3288 3582 3466
3583 3288 3583 3466
3584 3289 3584 3468
3585 3289 3585 3468
3586 3289 3586 3468
3587 3290 3587 3470
3588 3290 3588 3470
3589 3291 3589 3472
3590 3291 3590 3472
3591 3292 3591 3474
3592 3292 3592 3474
3593 3292 3593 3474
3594 3293 3594 3477
3595 3293 3595 3477
3596 3294 3596 3479
3597 3294 3597 3479
3598 3295 3598 3481
3599 3295 3599 3481
3600 3295 3600 3481
3601 3296 3601 3483
3602 3296 3602 3483
3603 3297 3603 3485
3604 3297 3604 3485
3605 3298 3605 3487
3606 3298 3606 3487
3607 3298 3607 3487
3608 3299 3608 3489
3609 3299 3609 3489
3610 3300 3610 3491
3611 3300 3611 3491
3612 3301 3612 3494
3613 3301 3613 3494
3614 3301 3614 3494
3615 3302 3615 3496
3616 3302 3616 3496
3617 3303 3617 3498
3618 3303 3618 3498
3619 3304 3619 3500
3621 3304 3621 3500
3622 3304 3622 3500
3623 3305 3623 3502
3624 3305 3624 3502
3625 3306 3625 3504
3626 3306 3626 3504
3627 3307 3627 3506
3628 3307 3628 3506
3629 3308 3629 3508
3630 3308 3630 3508
3631 3308 3631 3508
3632 3309 3632 3511
3633 3309 3633 3511
3634 3310 3634 3513
3635 3310 3635 3513
3636 3311 3636 3515
3637 3311 3637 3515
3638 3312 3638 3517
3639 3312 3639 3517
3640 3312 3640 3517
3641 3313 3641 3519
3642 3313 3642 3519
3643 3314 3643 3521
3644 3314 3644 3521
3645 3315 3645 3523
3646 3315 3646 3523
3647 3315 3647 3523
3648 3316 3648 3526
3649 3316 3649 3526
3650 3317 3650 3528
3651 3317 3651 3528
3652 3318 3652 3530
3653 3318 3653 3530
3654 3319 3654 3532
3655 3319 3655 3532
3656 3320 3656 3534
3657 3320 3657 3534
3658 3320 3658 3534
3659 3321 3659 3536
3660 3321 3660 3536
3661 3322 3661 3538
3662 3322 3662 3538
3664 3323 3664 3540
3665 3323 3665 3540
3666 3324 3666 3543
3667 3324 3667 3543
3668 3324 3668 3543
3669 3325 3669 3545
3670 3325 3670 3545
3671 3326 3671 3547
3672 3326 3672 3547
3673 3327 3673 3549
3674 3327 3674 3549
3675 3328 3675 3551
3676 3328 3676 3551
3677 3329 3677 3553
3678 3329 3678 3553
3679 3329 3679 3553
3680 3330 3680 3556
3681 3330 3681 3556
3682 3331 3682 3558
3683 3331 3683 3558
3684 3332 3684 3560
3685 3332 3685 3560
3686 3333 3686 3562
3687 3333 3687 3562
3688 3334 3688 3564
3689 3334 3689 3564
3690 3334 3690 3564
3691 3335 3691 3566
3692 3335 3692 3566
3693 3336 3693 3568
3694 3336 3694 3568
3695 3337 3695 3571
3696 3337 3696 3571
3697 3338 3697 3573
3698 3338 3698 3573
3699 3339 3699 3575
3700 3339 3700 3575
3701 3340 3701 3577
3702 3340 3702 3577
3703 3340 3703 3577
3704 3341 3704 3579
3705 3341 3705 3579
3706 3342 3706 3581
3708 3342 3708 3581
3709 3343 3709 3583
3710 3343 3710 3583
3711 3344 3711 3586
3712 3344 3712 3586
3713 3345 3713 3588
3714 3345 3714 3588
3715 3346 3715 3590
3716 3346 3716 3590
3717 3347 3717 3592
3718 3347 3718 3592
3719 3347 3719 3592
3720 3348 3720 3594
3721 3348 3721 3594
3722 3349 3722 3596
3723 3349 3723 3596
3724 3350 3724 3599
3725 3350 3725 3599
3726 3351 3726 3601
3727 3351 3727 3601
3728 3352 3728 3603
3729 3352 3729 3603
3730 3353 3730 3605
3731 3353 3731 3605
3732 3354 3732 3607
3733 3354 3733 3607
3734 3355 3734 3609
3735 3355 3735 3609
3736 3355 3736 3609
3737 3356 3737 3612
3738 3356 3738 3612
3739 3357 3739 3614
3740 3357 3740 3614
3741 3358 3741 3616
3742 3358 3742 3616
3743 3359 3743 3618
3744 3359 3744 3618
3745 3360 3745 3620
3746 3360 3746 3620
3747 3361 3747 3622
3748 3361 3748 3622
3749 3362 3749 3625
3751 3362 3751 3625
3752 3363 3752 3627
3753 3363 3753 3627
3754 3364 3754 3629
3755 3364 3755 3629
3756 3365 3756 3631
3757 3365 3757 3631
3758 3366 3758 3633
3759 3366 3759 3633
3760 3366 3760 3633
3761 3367 3761 3635
3762 3367 3762 3635
3763 3368 3763 3638
3764 3368 3764 3638
3765 3369 3765 3640
3766 3369 3766 3640
3767 3370 3767 3642
3768 3370 3768 3642
3769 3371 3769 3644
3770 3371 3770 3644
3771 3372 3771 3646
3772 3372 3772 3646
3773 3373 3773 3649
3774 3373 3774 3649
3775 3374 3775 3651
3776 3374 3776 3651
3777 3375 3777 3653
3778 3375 3778 3653
3779 3376 3779 3655
3780 3376 3780 3655
3781 3377 3781 3657
3782 3377 3782 3657
3783 3378 3783 3659
3784 3378 3784 3659
3785 3379 3785 3662
3786 3379 3786 3662
3787 3380 3787 3664
3788 3380 3788 3664
3789 3381 3789 3666
3790 3381 3790 3666
3791 3382 3791 3668
3792 3382 3792 3668
3794 3383 3794 3670
3795 3383 3795 3670
3796 3384 3796 3673
3797 3384 3797 3673
3798 3385 3798 3675
3799 3385 3799 3675
3800 3386 3800 3677
3801 3386 3801 3677
3802 3387 3802 3679
3803 3387 3803 3679
3804 3388 3804 3681
3805 3388 3805 3681
3806 3389 3806 3683
3807 3389 3807 3683
3808 3390 3808 3686
3809 3390 3809 3686
3810 3391 3810 3688
3811 3391 3811 3688
3812 3392 3812 3690
3813 3392 3813 3690
3814 3393 3814 3692
3815 3393 3815 3692
3816 3394 3816 3694
3817 3394 3817 3694
3818 3395 3818 3697
3819 3395 3819 3697
3820 3396 3820 3699
3821 3396 3821 3699
3822 3397 3822 3701
3823 3397 3823 3701
3824 3398 3824 3703
3825 3398 3825 3703
3826 3399 3826 3705
3827 3399 3827 3705
3828 3400 3828 3708
3829 3400 3829 3708
3830 3401 3830 3710
3831 3401 3831 3710
3832 3402 3832 3712
3833 3402 3833 3712
3834 3403 3834 3714
3835 3403 3835 3714
3837 3404 3837 3716
3838 3404 3838 3716
3839 3405 3839 3719
3840 3405 3840 3719
3841 3406 3841 3721
3842 3406 3842 3721
3843 3407 3843 3723
3844 3408 3844 3725
3845 3408 3845 3725
3846 3409 3846 3727
3847 3409 3847 3727
3848 3410 3848 3730
3849 3410 3849 3730
3850 3411 3850 3732
3851 3411 3851 3732
3852 3412 3852 3734
3853 3412 3853 3734
3854 3413 3854 3736
3855 3413 3855 3736
3856 3414 3856 3738
3857 3414 3857 3738
3858 3415 3858 3741
3859 3415 3859 3741
3860 3416 3860 3743
3861 3416 3861 3743
3862 3417 3862 3745
3863 3417 3863 3745
3864 3418 3864 3747
3865 3418 3865 3747
3866 3419 3866 3749
3867 3420 3867 3752
3868 3420 3868 3752
3869 3421 3869 3754
3870 3421 3870 3754
3871 3422 3871 3756
3872 3422 3872 3756
3873 3423 3873 3758
3874 3423 3874 3758
3875 3424 3875 3761
3876 3424 3876 3761
3877 3425 3877 3763
3878 3425 3878 3763
3880 3426 3880 3765
3881 3426 3881 3765
3882 3427 3882 3767
3883 3427 3883 3767
3884 3428 3884 3769
3885 3429 3885 3772
3886 3429 3886 3772
3887 3430 3887 3774
3888 3430 3888 3774
3889 3431 3889 3776
3890 3431 3890 3776
3891 3432 3891 3778
3892 3432 3892 3778
3893 3433 3893 3781
3894 3433 3894 3781
3895 3434 3895 3783
3896 3434 3896 3783
3897 3435 3897 3785
3898 3436 3898 3787
3899 3436 3899 3787
3900 3437 3900 3789
3901 3437 3901 3789
3902 3438 3902 3792
3903 3438 3903 3792
3904 3439 3904 3794
3905 3439 3905 3794
3906 3440 3906 3796
3907 3440 3907 3796
3908 3441 3908 3798
3909 3442 3909 3801
3910 3442 3910 3801
3911 3443 3911 3803
3912 3443 3912 3803
3913 3444 3913 3805
3914 3444 3914 3805
3915 3445 3915 3807
3916 3445 3916 3807
3917 3446 3917 3809
3918 3446 3918 3809
3919 3447 3919 3812
3920 3448 3920 3814
3921 3448 3921 3814
3923 3449 3923 3816
3924 3449 3924 3816
3925 3450 3925 3818
3926 3450 3926 3818
3927 3451 3927 3821
3928 3451 3928 3821
3929 3452 3929 3823
3930 3453 3930 3825
3931 3453 3931 3825
3932 3454 3932 3827
3933 3454 3933 3827
3934 3455 3934 3830
3935 3455 3935 3830
3936 3456 3936 3832
3937 3456 3937 3832
3938 3457 3938 3834
3939 3458 3939 3836
3940 3458 3940 3836
3941 3459 3941 3839
3942 3459 3942 3839
3943 3460 3943 3841
3944 3460 3944 3841
3945 3461 3945 3843
3946 3462 3946 3845
3947 3462 3947 3845
3948 3463 3948 3848
3949 3463 3949 3848
3950 3464 3950 3850
3951 3464 3951 3850
3952 3465 3952 3852
3953 3465 3953 3852
3954 3466 3954 3854
3955 3467 3955 3856
3956 3467 3956 3856
3957 3468 3957 3859
3958 3468 3958 3859
3959 3469 3959 3861
3960 3469 3960 3861
3961 3470 3961 3863
3962 3471 3962 3865
3963 3471 3963 3865
3964 3472 3964 3868
3966 3472 3966 3868
3967 3473 3967 3870
3968 3473 3968 3870
3969 3474 3969 3872
3970 3475 3970 3874
3971 3475 3971 3874
3972 3476 3972 3877
3973 3476 3973 3877
3974 3477 3974 3879
3975 3477 3975 3879
3976 3478 3976 3881
3977 3479 3977 3883
3978 3479 3978 3883
3979 3480 3979 3886
3980 3480 3980 3886
3981 3481 3981 3888
3982 3482 3982 3890
3983 3482 3983 3890
3984 3483 3984 3893
3985 3483 3985 3893
3986 3484 3986 3895
3987 3484 3987 3895
3988 3485 3988 3897
3989 3486 3989 3899
3990 3486 3990 3899
3991 3487 3991 3902
3992 3487 3992 3902
3993 3488 3993 3904
3994 3489 3994 3906
3995 3489 3995 3906
3996 3490 3996 3908
3997 3490 3997 3908
3998 3491 3998 3911
3999 3491 3999 3911
4000 3492 4000 3913
4001 3493 4001 3915
4002 3493 4002 3915
4003 3494 4003 3917
4004 3494 4004 3917
4005 3495 4005 3920
4006 3496 4006 3922
4007 3496 4007 3922
4009 3497 4009 3924
4010 3497 4010 3924
4011 3498 4011 3926
4012 3499 4012 3929
