81 135 81 368
82 136 82 368
83 138 83 368
84 140 84 367
85 141 85 367
87 143 87 367
88 145 88 366
89 146 89 366
90 148 90 366
91 150 91 366
92 152 92 365
93 153 93 365
94 155 94 365
95 157 95 364
96 158 96 364
97 160 97 364
98 162 98 364
99 163 99 363
100 165 100 363
101 167 101 363
102 168 102 363
103 170 103 362
104 172 104 362
105 173 105 362
106 175 106 362
107 177 107 361
108 178 108 361
109 180 109 361
110 182 110 360
111 183 111 360
112 185 112 360
113 187 113 360
114 188 114 360
115 190 115 359
116 192 116 359
117 193 117 359
118 195 118 359
119 197 119 358
120 198 120 358
121 200 121 358
122 202 122 358
123 203 123 358
124 205 124 357
125 207 125 357
126 208 126 357
127 210 127 357
128 212 128 356
130 213 130 356
131 215 131 356
132 217 132 356
133 218 133 356
134 220 134 356
135 222 135 355
136 223 136 355
137 225 137 355
138 227 138 355
139 228 139 355
140 230 140 354
141 232 141 354
142 233 142 354
143 235 143 354
144 237 144 354
145 238 145 354
146 240 146 353
147 242 147 353
148 243 148 353
149 245 149 353
150 247 150 353
151 248 151 353
152 250 152 353
153 252 153 352
154 253 154 352
155 255 155 352
156 257 156 352
157 258 157 352
158 260 158 352
159 262 159 351
160 263 160 351
161 265 161 351
162 267 162 351
163 268 163 351
164 270 164 351
165 271 165 351
166 273 166 351
167 275 167 351
168 276 168 350
169 278 169 350
170 280 170 350
171 281 171 350
173 283 173 350
174 285 174 350
175 286 175 350
176 288 176 350
177 290 177 350
178 291 178 349
179 293 179 349
180 295 180 349
181 296 181 349
182 298 182 349
183 300 183 349
184 301 184 349
185 303 185 349
186 305 186 349
187 306 187 349
188 308 188 349
189 310 189 349
190 311 190 348
191 313 191 348
192 315 192 348
193 316 193 348
194 318 194 348
195 320 195 348
196 321 196 348
197 323 197 348
198 325 198 348
199 326 199 348
200 328 200 348
201 330 201 348
202 331 202 348
203 333 203 348
204 335 204 348
205 336 205 348
206 338 206 348
207 340 207 348
208 341 208 348
209 343 209 348
210 345 210 348
211 346 211 348
212 348 212 348
213 350 213 347
214 351 214 347
216 353 216 347
217 354 217 347
218 356 218 347
219 358 219 347
220 359 220 347
221 361 221 347
222 363 222 347
223 364 223 347
224 366 224 347
225 368 225 347
226 369 226 347
227 371 227 347
228 373 228 347
229 374 229 347
230 376 230 348
231 378 231 348
232 379 232 348
233 381 233 348
234 383 234 348
235 384 235 348
236 386 236 348
237 388 237 348
238 389 238 348
239 391 239 348
240 393 240 348
241 394 241 348
242 396 242 348
243 398 243 348
244 399 244 348
245 401 245 348
246 402 246 348
247 404 247 348
248 406 248 348
249 407 249 348
250 409 250 348
251 411 251 348
252 412 252 348
253 414 253 348
254 416 254 349
255 417 255 349
256 419 256 349
257 421 257 349
259 422 259 349
260 424 260 349
261 426 261 349
262 427 262 349
263 429 263 349
264 431 264 349
265 432 265 349
266 434 266 349
267 435 267 350
268 437 268 350
269 439 269 350
270 440 270 350
271 442 271 350
272 444 272 350
273 445 273 350
274 447 274 350
275 449 275 350
276 450 276 350
277 452 277 351
278 454 278 351
279 455 279 351
280 457 280 351
281 459 281 351
282 460 282 351
283 462 283 351
284 463 284 351
285 465 285 352
286 467 286 352
287 468 287 352
288 470 288 352
289 472 289 352
290 473 290 352
291 475 291 352
292 477 292 353
293 478 293 353
294 480 294 353
295 482 295 353
296 483 296 353
297 485 297 353
298 487 298 354
299 488 299 354
300 490 300 354
302 491 302 354
303 493 303 354
304 495 304 354
305 496 305 355
306 498 306 355
307 500 307 355
308 501 308 355
309 503 309 355
310 505 310 356
311 506 311 356
312 508 312 356
313 509 313 356
314 511 314 356
315 513 315 356
316 514 316 357
317 516 317 357
318 518 318 357
319 519 319 357
320 521 320 357
321 523 321 358
322 524 322 358
323 526 323 358
324 528 324 358
325 529 325 359
326 531 326 359
327 532 327 359
328 534 328 359
329 536 329 359
330 537 330 360
331 539 331 360
332 541 332 360
333 542 333 360
334 544 334 361
335 546 335 361
336 547 336 361
337 549 337 361
338 550 338 361
339 552 339 362
340 554 340 362
341 555 341 362
342 557 342 363
343 559 343 363
345 560 345 363
346 562 346 363
347 564 347 364
348 565 348 364
349 567 349 364
350 568 350 364
351 570 351 365
352 572 352 365
353 573 353 365
354 575 354 365
355 577 355 366
356 578 356 366
357 580 357 366
358 581 358 367
359 583 359 367
360 585 360 367
361 586 361 367
362 588 362 368
363 590 363 368
364 591 364 368
365 593 365 369
366 594 366 369
367 596 367 369
368 598 368 370
369 599 369 370
370 601 370 370
371 603 371 371
372 604 372 371
373 606 373 371
374 608 374 372
375 609 375 372
376 611 376 372
377 612 377 372
378 614 378 373
379 616 379 373
380 617 380 373
381 619 381 374
382 621 382 374
383 622 383 374
384 624 384 375
385 625 385 375
386 627 386 375
388 629 388 376
389 630 389 376
390 632 390 376
391 634 391 377
392 635 392 377
393 637 393 378
394 638 394 378
395 640 395 378
396 642 396 379
397 643 397 379
398 645 398 379
399 646 399 380
400 648 400 380
401 650 401 380
402 651 402 381
403 653 403 381
404 655 404 382
405 656 405 382
406 658 406 382
407 659 407 383
408 661 408 383
409 663 409 384
410 664 410 384
411 666 411 384
412 668 412 385
413 669 413 385
414 671 414 386
415 672 415 386
416 674 416 386
417 676 417 387
418 677 418 387
419 679 419 388
420 680 420 388
421 682 421 388
422 684 422 389
423 685 423 389
424 687 424 390
425 689 425 390
426 690 426 390
427 692 427 391
428 693 428 391
429 695 429 392
430 697 430 392
432 698 432 392
433 700 433 393
434 701 434 393
435 703 435 394
436 705 436 394
437 706 437 395
438 708 438 395
439 709 439 395
440 711 440 396
441 713 441 397
442 714 442 397
443 716 443 397
444 718 444 398
445 719 445 398
446 721 446 399
447 722 447 399
448 724 448 400
449 726 449 400
450 727 450 401
451 729 451 401
452 730 452 401
453 732 453 402
454 734 454 403
455 735 455 403
456 737 456 404
457 738 457 404
458 740 458 404
459 742 459 405
460 743 460 405
461 745 461 406
462 746 462 406
463 748 463 407
464 750 464 407
465 751 465 408
466 753 466 408
467 754 467 409
468 756 468 409
469 758 469 410
470 759 470 410
471 761 471 411
472 762 472 411
473 764 473 412
475 766 475 413
476 767 476 413
477 769 477 414
478 770 478 414
479 772 479 415
480 774 480 415
481 775 481 415
482 777 482 416
483 778 483 416
484 780 484 417
485 782 485 418
486 783 486 418
487 785 487 419
488 786 488 419
489 788 489 420
490 790 490 421
491 791 491 421
492 793 492 422
493 794 493 422
494 796 494 423
495 798 495 423
496 799 496 424
497 801 497 424
498 802 498 425
499 804 499 425
500 806 500 426
501 807 501 426
502 809 502 427
503 810 503 428
504 812 504 428
505 813 505 429
506 815 506 429
507 817 507 430
508 818 508 430
509 820 509 431
510 821 510 432
511 823 511 432
512 825 512 433
513 826 513 433
514 828 514 434
515 829 515 434
516 831 516 435
518 833 518 436
519 834 519 436
520 836 520 437
521 837 521 437
522 839 522 438
523 840 523 439
524 842 524 439
525 844 525 440
526 845 526 441
527 847 527 441
528 848 528 442
529 850 529 442
530 852 530 443
531 853 531 444
532 855 532 444
533 856 533 445
534 858 534 446
535 859 535 446
536 861 536 447
537 863 537 448
538 864 538 448
539 866 539 449
540 867 540 449
541 869 541 450
542 871 542 451
543 872 543 451
544 874 544 452
545 875 545 452
546 877 546 453
547 878 547 454
548 880 548 455
549 882 549 455
550 883 550 456
551 885 551 457
552 886 552 457
553 888 553 458
554 889 554 458
555 891 555 459
556 893 556 460
557 894 557 460
558 896 558 461
559 897 559 462
561 899 561 463
562 900 562 463
563 902 563 464
564 904 564 465
565 905 565 465
566 907 566 466
567 908 567 466
568 910 568 467
569 911 569 468
570 913 570 469
571 915 571 470
572 916 572 470
573 918 573 471
574 919 574 471
575 921 575 472
576 922 576 473
577 924 577 474
578 926 578 474
579 927 579 475
580 929 580 476
581 930 581 476
582 932 582 477
583 933 583 478
584 935 584 479
585 936 585 479
586 938 586 480
587 940 587 481
588 941 588 481
589 943 589 482
590 944 590 483
591 946 591 484
592 947 592 484
593 949 593 485
594 951 594 486
595 952 595 486
596 954 596 487
597 955 597 488
598 957 598 489
599 958 599 489
600 960 600 490
601 961 601 491
602 963 602 492
604 965 604 493
605 966 605 493
606 968 606 494
607 969 607 495
608 971 608 496
609 972 609 496
610 974 610 497
611 975 611 497
612 977 612 498
613 979 613 499
614 980 614 500
615 982 615 501
616 983 616 501
617 985 617 502
618 986 618 503
619 988 619 504
620 989 620 504
621 991 621 505
622 993 622 506
623 994 623 507
624 996 624 508
625 997 625 508
626 999 626 509
627 1000 627 510
628 1002 628 511
629 1003 629 512
630 1005 630 513
631 1006 631 513
632 1008 632 514
633 1010 633 515
634 1011 634 516
635 1013 635 517
636 1014 636 517
637 1016 637 518
638 1017 638 519
639 1019 639 520
640 1020 640 520
641 1022 641 521
642 1023 642 522
643 1025 643 523
644 1027 644 524
645 1028 645 525
647 1030 647 526
648 1031 648 526
649 1033 649 527
650 1034 650 528
651 1036 651 529
652 1037 652 529
653 1039 653 530
654 1040 654 531
655 1042 655 532
656 1043 656 533
657 1045 657 534
658 1046 658 534
659 1048 659 535
660 1050 660 536
661 1051 661 537
662 1053 662 538
663 1054 663 539
664 1056 664 540
665 1057 665 540
666 1059 666 541
667 1060 667 542
668 1062 668 543
669 1063 669 544
670 1065 670 545
671 1066 671 545
672 1068 672 547
673 1069 673 547
674 1071 674 548
675 1073 675 549
676 1074 676 550
677 1076 677 551
678 1077 678 552
679 1079 679 553
680 1080 680 553
681 1082 681 555
682 1083 682 555
683 1085 683 556
684 1086 684 557
685 1088 685 558
686 1089 686 559
687 1091 687 560
688 1092 688 560
690 1094 690 561
691 1095 691 562
692 1097 692 563
693 1098 693 564
694 1100 694 565
695 1101 695 566
696 1103 696 567
697 1105 697 568
698 1106 698 569
699 1108 699 570
700 1109 700 570
701 1111 701 572
702 1112 702 572
703 1114 703 573
704 1115 704 574
705 1117 705 575
706 1118 706 576
707 1120 707 577
708 1121 708 578
709 1123 709 579
710 1124 710 579
711 1126 711 581
712 1127 712 581
713 1129 713 582
714 1130 714 583
715 1132 715 584
716 1133 716 585
717 1135 717 586
718 1136 718 587
719 1138 719 588
720 1139 720 589
721 1141 721 590
722 1142 722 590
723 1144 723 592
724 1145 724 592
725 1147 725 594
726 1148 726 594
727 1150 727 595
728 1151 728 596
729 1153 729 597
730 1154 730 598
731 1156 731 599
733 1157 733 600
734 1159 734 601
735 1160 735 602
736 1162 736 603
737 1163 737 604
738 1165 738 605
739 1166 739 606
740 1168 740 607
741 1169 741 608
742 1171 742 609
743 1172 743 610
744 1174 744 611
745 1175 745 611
746 1177 746 613
747 1178 747 613
748 1180 748 615
749 1181 749 615
750 1183 750 617
751 1184 751 617
752 1186 752 619
753 1187 753 619
754 1189 754 621
755 1190 755 621
756 1192 756 623
757 1193 757 623
758 1195 758 625
759 1196 759 625
760 1198 760 627
761 1199 761 627
762 1201 762 629
763 1202 763 629
764 1204 764 631
765 1205 765 631
766 1207 766 633
767 1208 767 633
768 1210 768 635
769 1211 769 635
770 1213 770 637
771 1214 771 637
772 1216 772 639
773 1217 773 640
774 1219 774 641
776 1220 776 642
777 1222 777 643
778 1223 778 644
779 1225 779 645
780 1226 780 646
781 1228 781 647
782 1229 782 648
783 1231 783 649
784 1232 784 650
785 1234 785 651
786 1235 786 652
787 1237 787 653
788 1238 788 654
789 1239 789 655
790 1241 790 656
791 1242 791 657
792 1244 792 658
793 1245 793 659
794 1247 794 660
795 1248 795 661
796 1250 796 662
797 1251 797 663
798 1253 798 665
799 1254 799 665
800 1256 800 667
801 1257 801 667
802 1259 802 669
803 1260 803 670
804 1262 804 671
805 1263 805 672
806 1265 806 673
807 1266 807 674
808 1267 808 675
809 1269 809 676
810 1270 810 677
811 1272 811 678
812 1273 812 679
813 1275 813 680
814 1276 814 681
815 1278 815 683
816 1279 816 683
817 1281 817 685
818 1282 818 686
820 1284 820 687
821 1285 821 688
822 1287 822 689
823 1288 823 690
824 1289 824 691
825 1291 825 692
826 1292 826 693
827 1294 827 695
828 1295 828 695
829 1297 829 697
830 1298 830 698
831 1300 831 699
832 1301 832 700
833 1303 833 701
834 1304 834 702
835 1306 835 704
836 1307 836 704
837 1308 837 705
838 1310 838 707
839 1311 839 707
840 1313 840 709
841 1314 841 710
842 1316 842 711
843 1317 843 712
844 1319 844 713
845 1320 845 714
846 1322 846 716
847 1323 847 716
848 1324 848 717
849 1326 849 719
850 1327 850 720
851 1329 851 721
852 1330 852 722
853 1332 853 723
854 1333 854 724
855 1335 855 726
856 1336 856 727
857 1337 857 727
858 1339 858 729
859 1340 859 730
860 1342 860 731
861 1343 861 732
863 1345 863 734
864 1346 864 734
865 1348 865 736
866 1349 866 737
867 1350 867 737
868 1352 868 739
869 1353 869 740
870 1355 870 741
871 1356 871 742
872 1358 872 744
873 1359 873 745
874 1360 874 745
875 1362 875 747
876 1363 876 748
877 1365 877 749
878 1366 878 750
879 1368 879 752
880 1369 880 753
881 1371 881 754
882 1372 882 755
883 1373 883 756
884 1375 884 757
885 1376 885 758
886 1378 886 760
887 1379 887 761
888 1381 888 762
889 1382 889 763
890 1383 890 764
891 1385 891 766
892 1386 892 766
893 1388 893 768
894 1389 894 769
895 1391 895 771
896 1392 896 771
897 1393 897 772
898 1395 898 774
899 1396 899 775
900 1398 900 776
901 1399 901 777
902 1401 902 779
903 1402 903 780
904 1403 904 780
906 1405 906 782
907 1406 907 783
908 1408 908 785
909 1409 909 786
910 1410 910 786
911 1412 911 788
912 1413 912 789
913 1415 913 791
914 1416 914 791
915 1418 915 793
916 1419 916 794
917 1420 917 795
918 1422 918 796
919 1423 919 797
920 1425 920 799
921 1426 921 800
922 1427 922 801
923 1429 923 802
924 1430 924 803
925 1432 925 805
926 1433 926 806
927 1435 927 808
928 1436 928 808
929 1437 929 809
930 1439 930 811
931 1440 931 812
932 1442 932 814
933 1443 933 814
934 1444 934 815
935 1446 935 817
936 1447 936 818
937 1449 937 820
938 1450 938 820
939 1451 939 821
940 1453 940 823
941 1454 941 824
942 1456 942 826
943 1457 943 827
944 1458 944 827
945 1460 945 829
946 1461 946 830
947 1463 947 832
949 1464 949 833
950 1465 950 834
951 1467 951 835
952 1468 952 836
953 1470 953 838
954 1471 954 839
955 1472 955 840
956 1474 956 842
957 1475 957 842
958 1477 958 844
959 1478 959 845
960 1479 960 846
961 1481 961 848
962 1482 962 849
963 1484 963 851
964 1485 964 851
965 1486 965 852
966 1488 966 854
967 1489 967 855
968 1490 968 856
969 1492 969 858
970 1493 970 859
971 1495 971 860
972 1496 972 861
973 1497 973 862
974 1499 974 864
975 1500 975 865
976 1502 976 867
977 1503 977 868
978 1504 978 869
979 1506 979 870
980 1507 980 871
981 1509 981 873
982 1510 982 874
983 1511 983 875
984 1513 984 877
985 1514 985 878
986 1515 986 879
987 1517 987 881
988 1518 988 882
989 1520 989 883
990 1521 990 884
992 1522 992 885
993 1524 993 887
994 1525 994 888
995 1526 995 889
996 1528 996 891
997 1529 997 892
998 1531 998 894
999 1532 999 895
1000 1533 1000 895
1001 1535 1001 897
1002 1536 1002 898
1003 1537 1003 899
1004 1539 1004 901
1005 1540 1005 902
1006 1541 1006 903
1007 1543 1007 905
1008 1544 1008 906
1009 1546 1009 908
1010 1547 1010 909
1011 1548 1011 910
1012 1550 1012 911
1013 1551 1013 912
1014 1552 1014 913
1015 1554 1015 915
1016 1555 1016 916
1017 1556 1017 917
1018 1558 1018 919
1019 1559 1019 920
1020 1561 1020 922
1021 1562 1021 923
1022 1563 1022 924
1023 1565 1023 926
1024 1566 1024 927
1025 1567 1025 928
1026 1569 1026 930
1027 1570 1027 931
1028 1571 1028 932
1029 1573 1029 934
1030 1574 1030 935
1031 1575 1031 935
1032 1577 1032 937
1033 1578 1033 938
1035 1580 1035 940
1036 1581 1036 941
1037 1582 1037 942
1038 1584 1038 944
1039 1585 1039 945
1040 1586 1040 946
1041 1588 1041 948
1042 1589 1042 949
1043 1590 1043 950
1044 1592 1044 952
1045 1593 1045 953
1046 1594 1046 954
1047 1596 1047 956
1048 1597 1048 957
1049 1598 1049 958
1050 1600 1050 960
1051 1601 1051 961
1052 1602 1052 962
1053 1604 1053 964
1054 1605 1054 965
1055 1606 1055 966
1056 1608 1056 968
1057 1609 1057 969
1058 1610 1058 970
1059 1612 1059 972
1060 1613 1060 973
1061 1614 1061 974
1062 1616 1062 976
1063 1617 1063 977
1064 1619 1064 979
1065 1620 1065 980
1066 1621 1066 981
1067 1623 1067 983
1068 1624 1068 984
1069 1625 1069 985
1070 1627 1070 987
1071 1628 1071 988
1072 1629 1072 989
1073 1630 1073 990
1074 1632 1074 992
1075 1633 1075 993
1076 1634 1076 994
1078 1636 1078 996
1079 1637 1079 997
1080 1638 1080 998
1081 1640 1081 1000
1082 1641 1082 1001
1083 1642 1083 1002
1084 1644 1084 1004
1085 1645 1085 1005
1086 1646 1086 1006
1087 1648 1087 1008
1088 1649 1088 1009
1089 1650 1089 1010
1090 1652 1090 1013
1091 1653 1091 1014
1092 1654 1092 1015
1093 1656 1093 1017
1094 1657 1094 1018
1095 1658 1095 1019
1096 1660 1096 1021
1097 1661 1097 1022
1098 1662 1098 1023
1099 1664 1099 1025
1100 1665 1100 1026
1101 1666 1101 1027
1102 1667 1102 1028
1103 1669 1103 1030
1104 1670 1104 1031
1105 1671 1105 1032
1106 1673 1106 1034
1107 1674 1107 1035
1108 1675 1108 1036
1109 1677 1109 1039
1110 1678 1110 1040
1111 1679 1111 1041
1112 1681 1112 1043
1113 1682 1113 1044
1114 1683 1114 1045
1115 1684 1115 1046
1116 1686 1116 1048
1117 1687 1117 1049
1118 1688 1118 1050
1119 1690 1119 1052
1121 1691 1121 1053
1122 1692 1122 1054
1123 1694 1123 1057
1124 1695 1124 1058
1125 1696 1125 1059
1126 1698 1126 1061
1127 1699 1127 1062
1128 1700 1128 1063
1129 1701 1129 1064
1130 1703 1130 1066
1131 1704 1131 1067
1132 1705 1132 1068
1133 1707 1133 1071
1134 1708 1134 1072
1135 1709 1135 1073
1136 1710 1136 1074
1137 1712 1137 1076
1138 1713 1138 1077
1139 1714 1139 1078
1140 1716 1140 1080
1141 1717 1141 1081
1142 1718 1142 1082
1143 1720 1143 1085
1144 1721 1144 1086
1145 1722 1145 1087
1146 1723 1146 1088
1147 1725 1147 1090
1148 1726 1148 1091
1149 1727 1149 1092
1150 1729 1150 1094
1151 1730 1151 1095
1152 1731 1152 1097
1153 1732 1153 1098
1154 1734 1154 1100
1155 1735 1155 1101
1156 1736 1156 1102
1157 1737 1157 1103
1158 1739 1158 1105
1159 1740 1159 1106
1160 1741 1160 1108
1161 1743 1161 1110
1162 1744 1162 1111
1164 1745 1164 1112
1165 1746 1165 1113
1166 1748 1166 1115
1167 1749 1167 1116
1168 1750 1168 1117
1169 1752 1169 1120
1170 1753 1170 1121
1171 1754 1171 1122
1172 1755 1172 1123
1173 1757 1173 1125
1174 1758 1174 1126
1175 1759 1175 1128
1176 1760 1176 1129
1177 1762 1177 1131
1178 1763 1178 1132
1179 1764 1179 1133
1180 1766 1180 1135
1181 1767 1181 1136
1182 1768 1182 1138
1183 1769 1183 1139
1184 1771 1184 1141
1185 1772 1185 1142
1186 1773 1186 1143
1187 1774 1187 1144
1188 1776 1188 1147
1189 1777 1189 1148
1190 1778 1190 1149
1191 1779 1191 1150
1192 1781 1192 1152
1193 1782 1193 1153
1194 1783 1194 1155
1195 1784 1195 1156
1196 1786 1196 1158
1197 1787 1197 1159
1198 1788 1198 1160
1199 1789 1199 1161
1200 1791 1200 1164
1201 1792 1201 1165
1202 1793 1202 1166
1203 1794 1203 1167
1204 1796 1204 1169
1205 1797 1205 1171
1207 1798 1207 1172
1208 1799 1208 1173
1209 1801 1209 1175
1210 1802 1210 1176
1211 1803 1211 1177
1212 1804 1212 1179
1213 1806 1213 1181
1214 1807 1214 1182
1215 1808 1215 1183
1216 1809 1216 1184
1217 1811 1217 1187
1218 1812 1218 1188
1219 1813 1219 1189
1220 1814 1220 1190
1221 1816 1221 1193
1222 1817 1222 1194
1223 1818 1223 1195
1224 1819 1224 1196
1225 1821 1225 1198
1226 1822 1226 1199
1227 1823 1227 1201
1228 1824 1228 1202
1229 1826 1229 1204
1230 1827 1230 1205
1231 1828 1231 1207
1232 1829 1232 1208
1233 1831 1233 1210
1234 1832 1234 1211
1235 1833 1235 1212
1236 1834 1236 1214
1237 1835 1237 1215
1238 1837 1238 1217
1239 1838 1239 1218
1240 1839 1240 1219
1241 1840 1241 1221
1242 1842 1242 1223
1243 1843 1243 1224
1244 1844 1244 1225
1245 1845 1245 1227
1246 1847 1246 1229
1247 1848 1247 1230
1248 1849 1248 1231
1249 1850 1249 1232
1251 1851 1251 1234
1252 1853 1252 1236
1253 1854 1253 1237
1254 1855 1254 1238
1255 1856 1255 1240
1256 1858 1256 1242
1257 1859 1257 1243
1258 1860 1258 1244
1259 1861 1259 1246
1260 1862 1260 1247
1261 1864 1261 1249
1262 1865 1262 1250
1263 1866 1263 1252
1264 1867 1264 1253
1265 1868 1265 1254
1266 1870 1266 1256
1267 1871 1267 1258
1268 1872 1268 1259
1269 1873 1269 1260
1270 1875 1270 1262
1271 1876 1271 1264
1272 1877 1272 1265
1273 1878 1273 1266
1274 1879 1274 1267
1275 1881 1275 1270
1276 1882 1276 1271
1277 1883 1277 1272
1278 1884 1278 1273
1279 1885 1279 1275
1280 1887 1280 1277
1281 1888 1281 1278
1282 1889 1282 1280
1283 1890 1283 1281
1284 1891 1284 1282
1285 1893 1285 1284
1286 1894 1286 1286
1287 1895 1287 1287
1288 1896 1288 1288
1289 1897 1289 1289
1290 1899 1290 1292
1291 1900 1291 1293
1292 1901 1292 1294
1294 1902 1294 1295
1295 1903 1295 1297
1296 1905 1296 1299
1297 1906 1297 1300
1298 1907 1298 1302
1299 1908 1299 1303
1300 1909 1300 1304
1301 1911 1301 1307
1302 1912 1302 1308
1303 1913 1303 1309
1304 1914 1304 1310
1305 1915 1305 1312
1306 1917 1306 1314
1307 1918 1307 1315
1308 1919 1308 1317
1309 1920 1309 1318
1310 1921 1310 1319
1311 1922 1311 1320
1312 1924 1312 1323
1313 1925 1313 1324
1314 1926 1314 1325
1315 1927 1315 1327
1316 1928 1316 1328
1317 1930 1317 1330
1318 1931 1318 1332
1319 1932 1319 1333
1320 1933 1320 1334
1321 1934 1321 1335
1322 1935 1322 1337
1323 1937 1323 1339
1324 1938 1324 1340
1325 1939 1325 1342
1326 1940 1326 1343
1327 1941 1327 1344
1328 1943 1328 1347
1329 1944 1329 1348
1330 1945 1330 1349
1331 1946 1331 1350
1332 1947 1332 1352
1333 1948 1333 1353
1334 1950 1334 1355
1335 1951 1335 1357
1337 1952 1337 1358
1338 1953 1338 1359
1339 1954 1339 1361
1340 1955 1340 1362
1341 1957 1341 1364
1342 1958 1342 1366
1343 1959 1343 1367
1344 1960 1344 1368
1345 1961 1345 1370
1346 1962 1346 1371
1347 1964 1347 1373
1348 1965 1348 1375
1349 1966 1349 1376
1350 1967 1350 1377
1351 1968 1351 1378
1352 1969 1352 1380
1353 1970 1353 1381
1354 1972 1354 1384
1355 1973 1355 1385
1356 1974 1356 1386
1357 1975 1357 1387
1358 1976 1358 1389
1359 1977 1359 1390
1360 1979 1360 1393
1361 1980 1361 1394
1362 1981 1362 1395
1363 1982 1363 1397
1364 1983 1364 1398
1365 1984 1365 1399
1366 1985 1366 1400
1367 1987 1367 1403
1368 1988 1368 1404
1369 1989 1369 1406
1370 1990 1370 1407
1371 1991 1371 1408
1372 1992 1372 1410
1373 1994 1373 1412
1374 1995 1374 1413
1375 1996 1375 1415
1376 1997 1376 1416
1377 1998 1377 1417
1378 1999 1378 1419
1380 2000 1380 1420
1381 2002 1381 1423
1382 2003 1382 1424
1383 2004 1383 1425
1384 2005 1384 1427
1385 2006 1385 1428
1386 2007 1386 1429
1387 2008 1387 1431
1388 2010 1388 1433
1389 2011 1389 1434
1390 2012 1390 1436
1391 2013 1391 1437
1392 2014 1392 1438
1393 2015 1393 1440
1394 2016 1394 1441
1395 2017 1395 1442
1396 2019 1396 1445
1397 2020 1397 1446
1398 2021 1398 1448
1399 2022 1399 1449
1400 2023 1400 1450
1401 2024 1401 1452
1402 2025 1402 1453
1403 2026 1403 1454
1404 2028 1404 1457
1405 2029 1405 1458
1406 2030 1406 1460
1407 2031 1407 1461
1408 2032 1408 1462
1409 2033 1409 1464
1410 2034 1410 1465
1411 2035 1411 1466
1412 2037 1412 1469
1413 2038 1413 1470
1414 2039 1414 1472
1415 2040 1415 1473
1416 2041 1416 1474
1417 2042 1417 1476
1418 2043 1418 1477
1419 2044 1419 1478
1420 2046 1420 1481
1421 2047 1421 1482
1423 2048 1423 1484
1424 2049 1424 1485
1425 2050 1425 1486
1426 2051 1426 1488
1427 2052 1427 1489
1428 2053 1428 1491
1429 2054 1429 1492
1430 2056 1430 1495
1431 2057 1431 1496
1432 2058 1432 1497
1433 2059 1433 1499
1434 2060 1434 1500
1435 2061 1435 1501
1436 2062 1436 1503
1437 2063 1437 1504
1438 2064 1438 1505
1439 2065 1439 1507
1440 2067 1440 1510
1441 2068 1441 1511
1442 2069 1442 1512
1443 2070 1443 1514
1444 2071 1444 1515
1445 2072 1445 1516
1446 2073 1446 1518
1447 2074 1447 1519
1448 2075 1448 1520
1449 2076 1449 1522
1450 2078 1450 1525
1451 2079 1451 1526
1452 2080 1452 1527
1453 2081 1453 1529
1454 2082 1454 1530
1455 2083 1455 1531
1456 2084 1456 1533
1457 2085 1457 1534
1458 2086 1458 1536
1459 2087 1459 1537
1460 2089 1460 1540
1461 2090 1461 1541
1462 2091 1462 1543
1463 2092 1463 1544
1464 2093 1464 1545
1466 2094 1466 1547
1467 2095 1467 1548
1468 2096 1468 1549
1469 2097 1469 1551
1470 2098 1470 1552
1471 2099 1471 1554
1472 2100 1472 1555
1473 2102 1473 1558
1474 2103 1474 1559
1475 2104 1475 1561
1476 2105 1476 1562
1477 2106 1477 1563
1478 2107 1478 1565
1479 2108 1479 1566
1480 2109 1480 1568
1481 2110 1481 1569
1482 2111 1482 1570
1483 2112 1483 1572
1484 2113 1484 1573
1485 2114 1485 1575
1486 2116 1486 1577
1487 2117 1487 1579
1488 2118 1488 1580
1489 2119 1489 1582
1490 2120 1490 1583
1491 2121 1491 1584
1492 2122 1492 1586
1493 2123 1493 1587
1494 2124 1494 1589
1495 2125 1495 1590
1496 2126 1496 1591
1497 2127 1497 1593
1498 2128 1498 1594
1499 2129 1499 1596
1500 2130 1500 1597
1501 2132 1501 1600
1502 2133 1502 1601
1503 2134 1503 1603
1504 2135 1504 1604
1505 2136 1505 1606
1506 2137 1506 1607
1507 2138 1507 1608
1509 2139 1509 1610
1510 2140 1510 1611
1511 2141 1511 1613
1512 2142 1512 1614
1513 2143 1513 1616
1514 2144 1514 1617
1515 2145 1515 1618
1516 2146 1516 1620
1517 2147 1517 1621
1518 2148 1518 1623
1519 2149 1519 1624
1520 2151 1520 1627
1521 2152 1521 1628
1522 2153 1522 1630
1523 2154 1523 1631
1524 2155 1524 1633
1525 2156 1525 1634
1526 2157 1526 1636
1527 2158 1527 1637
1528 2159 1528 1638
1529 2160 1529 1640
1530 2161 1530 1641
1531 2162 1531 1643
1532 2163 1532 1644
1533 2164 1533 1646
1534 2165 1534 1647
1535 2166 1535 1648
1536 2167 1536 1650
1537 2168 1537 1651
1538 2169 1538 1653
1539 2170 1539 1654
1540 2171 1540 1656
1541 2172 1541 1657
1542 2173 1542 1659
1543 2175 1543 1661
1544 2176 1544 1663
1545 2177 1545 1664
1546 2178 1546 1666
1547 2179 1547 1667
1548 2180 1548 1669
1549 2181 1549 1670
1550 2182 1550 1672
1552 2183 1552 1673
1553 2184 1553 1675
1554 2185 1554 1676
1555 2186 1555 1677
1556 2187 1556 1679
1557 2188 1557 1680
1558 2189 1558 1682
1559 2190 1559 1683
1560 2191 1560 1685
1561 2192 1561 1686
1562 2193 1562 1688
1563 2194 1563 1689
1564 2195 1564 1691
1565 2196 1565 1692
1566 2197 1566 1694
1567 2198 1567 1695
1568 2199 1568 1697
1569 2200 1569 1698
1570 2201 1570 1699
1571 2202 1571 1701
1572 2203 1572 1702
1573 2204 1573 1704
1574 2205 1574 1705
1575 2206 1575 1707
1576 2207 1576 1708
1577 2208 1577 1710
1578 2209 1578 1711
1579 2210 1579 1713
1580 2211 1580 1714
1581 2212 1581 1716
1582 2213 1582 1717
1583 2214 1583 1719
1584 2215 1584 1720
1585 2216 1585 1722
1586 2217 1586 1723
1587 2218 1587 1725
1588 2219 1588 1726
1589 2220 1589 1728
1590 2221 1590 1729
1591 2222 1591 1731
1592 2223 1592 1732
1593 2224 1593 1734
1595 2225 1595 1735
1596 2226 1596 1736
1597 2227 1597 1738
1598 2228 1598 1739
1599 2229 1599 1741
1600 2230 1600 1742
1601 2231 1601 1744
1602 2232 1602 1745
1603 2233 1603 1747
1604 2234 1604 1748
1605 2235 1605 1750
1606 2236 1606 1751
1607 2237 1607 1753
1608 2238 1608 1754
1609 2239 1609 1756
1610 2240 1610 1757
1611 2241 1611 1759
1612 2242 1612 1760
1613 2243 1613 1762
1614 2244 1614 1763
1615 2245 1615 1765
1616 2246 1616 1766
1617 2247 1617 1768
1618 2248 1618 1769
1619 2249 1619 1771
1620 2250 1620 1772
1621 2251 1621 1774
1622 2252 1622 1776
1623 2253 1623 1777
1624 2254 1624 1779
1625 2255 1625 1780
1626 2256 1626 1782
1627 2257 1627 1783
1628 2258 1628 1785
1629 2259 1629 1786
1630 2260 1630 1788
1631 2261 1631 1789
1632 2262 1632 1791
1633 2263 1633 1792
1634 2264 1634 1794
1635 2265 1635 1795
1636 2266 1636 1797
1637 2267 1637 1798
1639 2268 1639 1800
1640 2269 1640 1801
1641 2270 1641 1803
1642 2271 1642 1804
1643 2272 1643 1806
1644 2273 1644 1807
1645 2274 1645 1809
1646 2275 1646 1810
1647 2276 1647 1812
1648 2277 1648 1814
1649 2278 1649 1815
1650 2279 1650 1817
1651 2279 1651 1817
1652 2280 1652 1818
1653 2281 1653 1820
1654 2282 1654 1821
1655 2283 1655 1823
1656 2284 1656 1824
1657 2285 1657 1826
1658 2286 1658 1827
1659 2287 1659 1829
1660 2288 1660 1830
1661 2289 1661 1832
1662 2290 1662 1834
1663 2291 1663 1835
1664 2292 1664 1837
1665 2293 1665 1838
1666 2294 1666 1840
1667 2295 1667 1841
1668 2296 1668 1843
1669 2297 1669 1844
1670 2298 1670 1846
1671 2299 1671 1847
1672 2300 1672 1849
1673 2301 1673 1851
1674 2302 1674 1852
1675 2302 1675 1852
1676 2303 1676 1854
1677 2304 1677 1855
1678 2305 1678 1857
1679 2306 1679 1858
1680 2307 1680 1860
1682 2308 1682 1861
1683 2309 1683 1863
1684 2310 1684 1865
1685 2311 1685 1866
1686 2312 1686 1868
1687 2313 1687 1869
1688 2314 1688 1871
1689 2315 1689 1872
1690 2316 1690 1874
1691 2317 1691 1875
1692 2318 1692 1877
1693 2318 1693 1877
1694 2319 1694 1879
1695 2320 1695 1880
1696 2321 1696 1882
1697 2322 1697 1883
1698 2323 1698 1885
1699 2324 1699 1886
1700 2325 1700 1888
1701 2326 1701 1890
1702 2327 1702 1891
1703 2328 1703 1893
1704 2329 1704 1894
1705 2330 1705 1896
1706 2331 1706 1897
1707 2332 1707 1899
1708 2332 1708 1899
1709 2333 1709 1901
1710 2334 1710 1902
1711 2335 1711 1904
1712 2336 1712 1905
1713 2337 1713 1907
1714 2338 1714 1908
1715 2339 1715 1910
1716 2340 1716 1912
1717 2341 1717 1913
1718 2342 1718 1915
1719 2343 1719 1916
1720 2344 1720 1918
1721 2344 1721 1918
1722 2345 1722 1920
1723 2346 1723 1921
1725 2347 1725 1923
1726 2348 1726 1924
1727 2349 1727 1926
1728 2350 1728 1927
1729 2351 1729 1929
1730 2352 1730 1931
1731 2353 1731 1932
1732 2354 1732 1934
1733 2355 1733 1935
1734 2355 1734 1935
1735 2356 1735 1937
1736 2357 1736 1939
1737 2358 1737 1940
1738 2359 1738 1942
1739 2360 1739 1943
1740 2361 1740 1945
1741 2362 1741 1947
1742 2363 1742 1948
1743 2364 1743 1950
1744 2365 1744 1951
1745 2365 1745 1951
1746 2366 1746 1953
1747 2367 1747 1955
1748 2368 1748 1956
1749 2369 1749 1958
1750 2370 1750 1959
1751 2371 1751 1961
1752 2372 1752 1963
1753 2373 1753 1964
1754 2374 1754 1966
1755 2374 1755 1966
1756 2375 1756 1967
1757 2376 1757 1969
1758 2377 1758 1971
1759 2378 1759 1972
1760 2379 1760 1974
1761 2380 1761 1976
1762 2381 1762 1977
1763 2382 1763 1979
1764 2382 1764 1979
1765 2383 1765 1980
1766 2384 1766 1982
1768 2385 1768 1984
1769 2386 1769 1985
1770 2387 1770 1987
1771 2388 1771 1988
1772 2389 1772 1990
1773 2390 1773 1992
1774 2390 1774 1992
1775 2391 1775 1993
1776 2392 1776 1995
1777 2393 1777 1997
1778 2394 1778 1998
1779 2395 1779 2000
1780 2396 1780 2001
1781 2397 1781 2003
1782 2398 1782 2005
1783 2398 1783 2005
1784 2399 1784 2006
1785 2400 1785 2008
1786 2401 1786 2010
1787 2402 1787 2011
1788 2403 1788 2013
1789 2404 1789 2015
1790 2405 1790 2016
1791 2405 1791 2016
1792 2406 1792 2018
1793 2407 1793 2019
1794 2408 1794 2021
1795 2409 1795 2023
1796 2410 1796 2024
1797 2411 1797 2026
1798 2412 1798 2028
1799 2412 1799 2028
1800 2413 1800 2029
1801 2414 1801 2031
1802 2415 1802 2033
1803 2416 1803 2034
1804 2417 1804 2036
1805 2418 1805 2037
1806 2418 1806 2037
1807 2419 1807 2039
1808 2420 1808 2041
1809 2421 1809 2042
1811 2422 1811 2044
1812 2423 1812 2046
1813 2424 1813 2047
1814 2424 1814 2047
1815 2425 1815 2049
1816 2426 1816 2051
1817 2427 1817 2052
1818 2428 1818 2054
1819 2429 1819 2056
1820 2430 1820 2057
1821 2430 1821 2057
1822 2431 1822 2059
1823 2432 1823 2061
1824 2433 1824 2062
1825 2434 1825 2064
1826 2435 1826 2066
1827 2436 1827 2067
1828 2436 1828 2067
1829 2437 1829 2069
1830 2438 1830 2071
1831 2439 1831 2072
1832 2440 1832 2074
1833 2441 1833 2076
1834 2442 1834 2077
1835 2442 1835 2077
1836 2443 1836 2079
1837 2444 1837 2080
1838 2445 1838 2082
1839 2446 1839 2084
1840 2447 1840 2085
1841 2447 1841 2085
1842 2448 1842 2087
1843 2449 1843 2089
1844 2450 1844 2090
1845 2451 1845 2092
1846 2452 1846 2094
1847 2452 1847 2094
1848 2453 1848 2096
1849 2454 1849 2097
1850 2455 1850 2099
1851 2456 1851 2101
1852 2457 1852 2102
1854 2458 1854 2104
1855 2458 1855 2104
1856 2459 1856 2106
1857 2460 1857 2107
1858 2461 1858 2109
1859 2462 1859 2111
1860 2462 1860 2111
1861 2463 1861 2112
1862 2464 1862 2114
1863 2465 1863 2116
1864 2466 1864 2117
1865 2467 1865 2119
1866 2467 1866 2119
1867 2468 1867 2121
1868 2469 1868 2122
1869 2470 1869 2124
1870 2471 1870 2126
1871 2472 1871 2127
1872 2472 1872 2127
1873 2473 1873 2129
1874 2474 1874 2131
1875 2475 1875 2132
1876 2476 1876 2134
1877 2477 1877 2136
1878 2477 1878 2136
1879 2478 1879 2138
1880 2479 1880 2139
1881 2480 1881 2141
1882 2481 1882 2143
1883 2481 1883 2143
1884 2482 1884 2144
1885 2483 1885 2146
1886 2484 1886 2148
1887 2485 1887 2149
1888 2485 1888 2149
1889 2486 1889 2151
1890 2487 1890 2153
1891 2488 1891 2155
1892 2489 1892 2156
1893 2490 1893 2158
1894 2490 1894 2158
1895 2491 1895 2160
1897 2492 1897 2161
1898 2493 1898 2163
1899 2494 1899 2165
1900 2494 1900 2165
1901 2495 1901 2166
1902 2496 1902 2168
1903 2497 1903 2170
1904 2498 1904 2172
1905 2498 1905 2172
1906 2499 1906 2173
1907 2500 1907 2175
1908 2501 1908 2177
1909 2502 1909 2178
1910 2502 1910 2178
1911 2503 1911 2180
1912 2504 1912 2182
1913 2505 1913 2184
1914 2506 1914 2185
1915 2506 1915 2185
1916 2507 1916 2187
1917 2508 1917 2189
1918 2509 1918 2190
1919 2510 1919 2192
1920 2510 1920 2192
1921 2511 1921 2194
1922 2512 1922 2196
1923 2513 1923 2197
1924 2514 1924 2199
1925 2514 1925 2199
1926 2515 1926 2201
1927 2516 1927 2202
1928 2517 1928 2204
1929 2517 1929 2204
1930 2518 1930 2206
1931 2519 1931 2208
1932 2520 1932 2209
1933 2521 1933 2211
1934 2521 1934 2211
1935 2522 1935 2213
1936 2523 1936 2215
1937 2524 1937 2216
1938 2525 1938 2218
1940 2525 1940 2218
1941 2526 1941 2220
1942 2527 1942 2221
1943 2528 1943 2223
1944 2528 1944 2223
1945 2529 1945 2225
1946 2530 1946 2227
1947 2531 1947 2228
1948 2532 1948 2230
1949 2532 1949 2230
1950 2533 1950 2232
1951 2534 1951 2234
1952 2535 1952 2235
1953 2535 1953 2235
1954 2536 1954 2237
1955 2537 1955 2239
1956 2538 1956 2241
1957 2539 1957 2242
1958 2539 1958 2242
1959 2540 1959 2244
1960 2541 1960 2246
1961 2542 1961 2248
1962 2542 1962 2248
1963 2543 1963 2249
1964 2544 1964 2251
1965 2545 1965 2253
1966 2545 1966 2253
1967 2546 1967 2255
1968 2547 1968 2256
1969 2548 1969 2258
1970 2548 1970 2258
1971 2549 1971 2260
1972 2550 1972 2261
1973 2551 1973 2263
1974 2552 1974 2265
1975 2552 1975 2265
1976 2553 1976 2267
1977 2554 1977 2269
1978 2555 1978 2270
1979 2555 1979 2270
1980 2556 1980 2272
1981 2557 1981 2274
1983 2558 1983 2276
1984 2558 1984 2276
1985 2559 1985 2277
1986 2560 1986 2279
1987 2561 1987 2281
1988 2561 1988 2281
1989 2562 1989 2283
1990 2563 1990 2284
1991 2564 1991 2286
1992 2564 1992 2286
1993 2565 1993 2288
1994 2566 1994 2290
1995 2567 1995 2291
1996 2567 1996 2291
1997 2568 1997 2293
1998 2569 1998 2295
1999 2570 1999 2297
2000 2570 2000 2297
2001 2571 2001 2298
2002 2572 2002 2300
2003 2573 2003 2302
2004 2573 2004 2302
2005 2574 2005 2304
2006 2575 2006 2305
2007 2576 2007 2307
2008 2576 2008 2307
2009 2577 2009 2309
2010 2578 2010 2311
2011 2578 2011 2311
2012 2579 2012 2313
2013 2580 2013 2314
2014 2581 2014 2316
2015 2581 2015 2316
2016 2582 2016 2318
2017 2583 2017 2320
2018 2584 2018 2321
2019 2584 2019 2321
2020 2585 2020 2323
2021 2586 2021 2325
2022 2587 2022 2327
2023 2587 2023 2327
2024 2588 2024 2329
2026 2589 2026 2330
2027 2589 2027 2330
2028 2590 2028 2332
2029 2591 2029 2334
2030 2592 2030 2336
2031 2592 2031 2336
2032 2593 2032 2337
2033 2594 2033 2339
2034 2595 2034 2341
2035 2595 2035 2341
2036 2596 2036 2343
2037 2597 2037 2345
2038 2597 2038 2345
2039 2598 2039 2346
2040 2599 2040 2348
2041 2600 2041 2350
2042 2600 2042 2350
2043 2601 2043 2352
2044 2602 2044 2354
2045 2602 2045 2354
2046 2603 2046 2355
2047 2604 2047 2357
2048 2605 2048 2359
2049 2605 2049 2359
2050 2606 2050 2361
2051 2607 2051 2363
2052 2608 2052 2364
2053 2608 2053 2364
2054 2609 2054 2366
2055 2610 2055 2368
2056 2610 2056 2368
2057 2611 2057 2370
2058 2612 2058 2372
2059 2612 2059 2372
2060 2613 2060 2373
2061 2614 2061 2375
2062 2615 2062 2377
2063 2615 2063 2377
2064 2616 2064 2379
2065 2617 2065 2381
2066 2617 2066 2381
2067 2618 2067 2382
2068 2619 2068 2384
2070 2620 2070 2386
2071 2620 2071 2386
2072 2621 2072 2388
2073 2622 2073 2390
2074 2622 2074 2390
2075 2623 2075 2391
2076 2624 2076 2393
2077 2624 2077 2393
2078 2625 2078 2395
2079 2626 2079 2397
2080 2627 2080 2399
2081 2627 2081 2399
2082 2628 2082 2400
2083 2629 2083 2402
2084 2629 2084 2402
2085 2630 2085 2404
2086 2631 2086 2406
2087 2631 2087 2406
2088 2632 2088 2408
2089 2633 2089 2410
2090 2634 2090 2411
2091 2634 2091 2411
2092 2635 2092 2413
2093 2636 2093 2415
2094 2636 2094 2415
2095 2637 2095 2417
2096 2638 2096 2419
2097 2638 2097 2419
2098 2639 2098 2420
2099 2640 2099 2422
2100 2640 2100 2422
2101 2641 2101 2424
2102 2642 2102 2426
2103 2642 2103 2426
2104 2643 2104 2428
2105 2644 2105 2430
2106 2645 2106 2431
2107 2645 2107 2431
2108 2646 2108 2433
2109 2647 2109 2435
2110 2647 2110 2435
2111 2648 2111 2437
2113 2649 2113 2439
2114 2649 2114 2439
2115 2650 2115 2440
2116 2651 2116 2442
2117 2651 2117 2442
2118 2652 2118 2444
2119 2653 2119 2446
2120 2653 2120 2446
2121 2654 2121 2448
2122 2655 2122 2450
2123 2655 2123 2450
2124 2656 2124 2451
2125 2657 2125 2453
2126 2657 2126 2453
2127 2658 2127 2455
2128 2659 2128 2457
2129 2659 2129 2457
2130 2660 2130 2459
2131 2661 2131 2461
2132 2661 2132 2461
2133 2662 2133 2463
2134 2663 2134 2464
2135 2663 2135 2464
2136 2664 2136 2466
2137 2665 2137 2468
2138 2665 2138 2468
2139 2666 2139 2470
2140 2667 2140 2472
2141 2667 2141 2472
2142 2668 2142 2474
2143 2669 2143 2475
2144 2669 2144 2475
2145 2670 2145 2477
2146 2671 2146 2479
2147 2671 2147 2479
2148 2672 2148 2481
2149 2673 2149 2483
2150 2673 2150 2483
2151 2674 2151 2485
2152 2675 2152 2486
2153 2675 2153 2486
2154 2676 2154 2488
2156 2677 2156 2490
2157 2677 2157 2490
2158 2678 2158 2492
2159 2679 2159 2494
2160 2679 2160 2494
2161 2680 2161 2496
2162 2681 2162 2498
2163 2681 2163 2498
2164 2682 2164 2499
2165 2683 2165 2501
2166 2683 2166 2501
2167 2684 2167 2503
2168 2684 2168 2503
2169 2685 2169 2505
2170 2686 2170 2507
2171 2686 2171 2507
2172 2687 2172 2509
2173 2688 2173 2511
2174 2688 2174 2511
2175 2689 2175 2512
2176 2690 2176 2514
2177 2690 2177 2514
2178 2691 2178 2516
2179 2692 2179 2518
2180 2692 2180 2518
2181 2693 2181 2520
2182 2693 2182 2520
2183 2694 2183 2522
2184 2695 2184 2524
2185 2695 2185 2524
2186 2696 2186 2526
2187 2697 2187 2527
2188 2697 2188 2527
2189 2698 2189 2529
2190 2699 2190 2531
2191 2699 2191 2531
2192 2700 2192 2533
2193 2701 2193 2535
2194 2701 2194 2535
2195 2702 2195 2537
2196 2702 2196 2537
2197 2703 2197 2539
2199 2704 2199 2540
2200 2704 2200 2540
2201 2705 2201 2542
2202 2706 2202 2544
2203 2706 2203 2544
2204 2707 2204 2546
2205 2707 2205 2546
2206 2708 2206 2548
2207 2709 2207 2550
2208 2709 2208 2550
2209 2710 2209 2552
2210 2711 2210 2554
2211 2711 2211 2554
2212 2712 2212 2555
2213 2712 2213 2555
2214 2713 2214 2557
2215 2714 2215 2559
2216 2714 2216 2559
2217 2715 2217 2561
2218 2716 2218 2563
2219 2716 2219 2563
2220 2717 2220 2565
2221 2717 2221 2565
2222 2718 2222 2567
2223 2719 2223 2569
2224 2719 2224 2569
2225 2720 2225 2571
2226 2721 2226 2572
2227 2721 2227 2572
2228 2722 2228 2574
2229 2722 2229 2574
2230 2723 2230 2576
2231 2724 2231 2578
2232 2724 2232 2578
2233 2725 2233 2580
2234 2725 2234 2580
2235 2726 2235 2582
2236 2727 2236 2584
2237 2727 2237 2584
2238 2728 2238 2586
2239 2729 2239 2588
2240 2729 2240 2588
2242 2730 2242 2589
2243 2730 2243 2589
2244 2731 2244 2591
2245 2732 2245 2593
2246 2732 2246 2593
2247 2733 2247 2595
2248 2733 2248 2595
2249 2734 2249 2597
2250 2735 2250 2599
2251 2735 2251 2599
2252 2736 2252 2601
2253 2736 2253 2601
2254 2737 2254 2603
2255 2738 2255 2605
2256 2738 2256 2605
2257 2739 2257 2607
2258 2739 2258 2607
2259 2740 2259 2608
2260 2741 2260 2610
2261 2741 2261 2610
2262 2742 2262 2612
2263 2742 2263 2612
2264 2743 2264 2614
2265 2744 2265 2616
2266 2744 2266 2616
2267 2745 2267 2618
2268 2745 2268 2618
2269 2746 2269 2620
2270 2747 2270 2622
2271 2747 2271 2622
2272 2748 2272 2624
2273 2748 2273 2624
2274 2749 2274 2626
2275 2750 2275 2628
2276 2750 2276 2628
2277 2751 2277 2629
2278 2751 2278 2629
2279 2752 2279 2631
2280 2753 2280 2633
2281 2753 2281 2633
2282 2754 2282 2635
2283 2754 2283 2635
2285 2755 2285 2637
2286 2756 2286 2639
2287 2756 2287 2639
2288 2757 2288 2641
2289 2757 2289 2641
2290 2758 2290 2643
2291 2758 2291 2643
2292 2759 2292 2645
2293 2760 2293 2647
2294 2760 2294 2647
2295 2761 2295 2649
2296 2761 2296 2649
2297 2762 2297 2650
2298 2763 2298 2652
2299 2763 2299 2652
2300 2764 2300 2654
2301 2764 2301 2654
2302 2765 2302 2656
2303 2765 2303 2656
2304 2766 2304 2658
2305 2767 2305 2660
2306 2767 2306 2660
2307 2768 2307 2662
2308 2768 2308 2662
2309 2769 2309 2664
2310 2769 2310 2664
2311 2770 2311 2666
2312 2771 2312 2668
2313 2771 2313 2668
2314 2772 2314 2670
2315 2772 2315 2670
2316 2773 2316 2672
2317 2773 2317 2672
2318 2774 2318 2674
2319 2775 2319 2676
2320 2775 2320 2676
2321 2776 2321 2677
2322 2776 2322 2677
2323 2777 2323 2679
2324 2777 2324 2679
2325 2778 2325 2681
2326 2779 2326 2683
2328 2779 2328 2683
2329 2780 2329 2685
2330 2780 2330 2685
2331 2781 2331 2687
2332 2781 2332 2687
2333 2782 2333 2689
2334 2783 2334 2691
2335 2783 2335 2691
2336 2784 2336 2693
2337 2784 2337 2693
2338 2785 2338 2695
2339 2785 2339 2695
2340 2786 2340 2697
2341 2787 2341 2699
2342 2787 2342 2699
2343 2788 2343 2701
2344 2788 2344 2701
2345 2789 2345 2703
2346 2789 2346 2703
2347 2790 2347 2705
2348 2790 2348 2705
2349 2791 2349 2706
2350 2792 2350 2708
2351 2792 2351 2708
2352 2793 2352 2710
2353 2793 2353 2710
2354 2794 2354 2712
2355 2794 2355 2712
2356 2795 2356 2714
2357 2795 2357 2714
2358 2796 2358 2716
2359 2797 2359 2718
2360 2797 2360 2718
2361 2798 2361 2720
2362 2798 2362 2720
2363 2799 2363 2722
2364 2799 2364 2722
2365 2800 2365 2724
2366 2800 2366 2724
2367 2801 2367 2726
2368 2801 2368 2726
2369 2802 2369 2728
2371 2803 2371 2730
2372 2803 2372 2730
2373 2804 2373 2732
2374 2804 2374 2732
2375 2805 2375 2734
2376 2805 2376 2734
2377 2806 2377 2736
2378 2806 2378 2736
2379 2807 2379 2738
2380 2808 2380 2740
2381 2808 2381 2740
2382 2809 2382 2742
2383 2809 2383 2742
2384 2810 2384 2744
2385 2810 2385 2744
2386 2811 2386 2745
2387 2811 2387 2745
2388 2812 2388 2747
2389 2812 2389 2747
2390 2813 2390 2749
2391 2813 2391 2749
2392 2814 2392 2751
2393 2815 2393 2753
2394 2815 2394 2753
2395 2816 2395 2755
2396 2816 2396 2755
2397 2817 2397 2757
2398 2817 2398 2757
2399 2818 2399 2759
2400 2818 2400 2759
2401 2819 2401 2761
2402 2819 2402 2761
2403 2820 2403 2763
2404 2820 2404 2763
2405 2821 2405 2765
2406 2821 2406 2765
2407 2822 2407 2767
2408 2823 2408 2769
2409 2823 2409 2769
2410 2824 2410 2771
2411 2824 2411 2771
2412 2825 2412 2773
2414 2825 2414 2773
2415 2826 2415 2775
2416 2826 2416 2775
2417 2827 2417 2777
2418 2827 2418 2777
2419 2828 2419 2779
2420 2828 2420 2779
2421 2829 2421 2781
2422 2829 2422 2781
2423 2830 2423 2783
2424 2830 2424 2783
2425 2831 2425 2785
2426 2831 2426 2785
2427 2832 2427 2787
2428 2833 2428 2789
2429 2833 2429 2789
2430 2834 2430 2791
2431 2834 2431 2791
2432 2835 2432 2793
2433 2835 2433 2793
2434 2836 2434 2795
2435 2836 2435 2795
2436 2837 2436 2797
2437 2837 2437 2797
2438 2838 2438 2799
2439 2838 2439 2799
2440 2839 2440 2801
2441 2839 2441 2801
2442 2840 2442 2803
2443 2840 2443 2803
2444 2841 2444 2805
2445 2841 2445 2805
2446 2842 2446 2807
2447 2842 2447 2807
2448 2843 2448 2809
2449 2843 2449 2809
2450 2844 2450 2811
2451 2844 2451 2811
2452 2845 2452 2813
2453 2845 2453 2813
2454 2846 2454 2815
2455 2846 2455 2815
2457 2847 2457 2817
2458 2847 2458 2817
2459 2848 2459 2819
2460 2849 2460 2821
2461 2849 2461 2821
2462 2850 2462 2822
2463 2850 2463 2822
2464 2851 2464 2824
2465 2851 2465 2824
2466 2852 2466 2826
2467 2852 2467 2826
2468 2853 2468 2828
2469 2853 2469 2828
2470 2854 2470 2830
2471 2854 2471 2830
2472 2855 2472 2832
2473 2855 2473 2832
2474 2856 2474 2834
2475 2856 2475 2834
2476 2857 2476 2836
2477 2857 2477 2836
2478 2858 2478 2838
2479 2858 2479 2838
2480 2859 2480 2840
2481 2859 2481 2840
2482 2860 2482 2842
2483 2860 2483 2842
2484 2861 2484 2844
2485 2861 2485 2844
2486 2862 2486 2846
2487 2862 2487 2846
2488 2863 2488 2848
2489 2863 2489 2848
2490 2864 2490 2850
2491 2864 2491 2850
2492 2865 2492 2852
2493 2865 2493 2852
2494 2866 2494 2854
2495 2866 2495 2854
2496 2867 2496 2856
2497 2867 2497 2856
2498 2868 2498 2858
2499 2868 2499 2858
2501 2869 2501 2860
2502 2869 2502 2860
2503 2870 2503 2862
2504 2870 2504 2862
2505 2870 2505 2862
2506 2871 2506 2864
2507 2871 2507 2864
2508 2872 2508 2866
2509 2872 2509 2866
2510 2873 2510 2868
2511 2873 2511 2868
2512 2874 2512 2870
2513 2874 2513 2870
2514 2875 2514 2872
2515 2875 2515 2872
2516 2876 2516 2875
2517 2876 2517 2875
2518 2877 2518 2877
2519 2877 2519 2877
2520 2878 2520 2879
2521 2878 2521 2879
2522 2879 2522 2881
2523 2879 2523 2881
2524 2880 2524 2883
2525 2880 2525 2883
2526 2881 2526 2885
2527 2881 2527 2885
2528 2882 2528 2887
2529 2882 2529 2887
2530 2883 2530 2889
2531 2883 2531 2889
2532 2884 2532 2891
2533 2884 2533 2891
2534 2885 2534 2893
2535 2885 2535 2893
2536 2886 2536 2895
2537 2886 2537 2895
2538 2886 2538 2895
2539 2887 2539 2897
2540 2887 2540 2897
2541 2888 2541 2899
2542 2888 2542 2899
2544 2889 2544 2901
2545 2889 2545 2901
2546 2890 2546 2903
2547 2890 2547 2903
2548 2891 2548 2905
2549 2891 2549 2905
2550 2892 2550 2907
2551 2892 2551 2907
2552 2893 2552 2909
2553 2893 2553 2909
2554 2894 2554 2911
2555 2894 2555 2911
2556 2895 2556 2913
2557 2895 2557 2913
2558 2895 2558 2913
2559 2896 2559 2915
2560 2896 2560 2915
2561 2897 2561 2917
2562 2897 2562 2917
2563 2898 2563 2919
2564 2898 2564 2919
2565 2899 2565 2921
2566 2899 2566 2921
2567 2900 2567 2923
2568 2900 2568 2923
2569 2901 2569 2925
2570 2901 2570 2925
2571 2902 2571 2927
2572 2902 2572 2927
2573 2902 2573 2927
2574 2903 2574 2929
2575 2903 2575 2929
2576 2904 2576 2931
2577 2904 2577 2931
2578 2905 2578 2933
2579 2905 2579 2933
2580 2906 2580 2935
2581 2906 2581 2935
2582 2907 2582 2937
2583 2907 2583 2937
2584 2908 2584 2939
2585 2908 2585 2939
2587 2909 2587 2941
2588 2909 2588 2941
2589 2909 2589 2941
2590 2910 2590 2943
2591 2910 2591 2943
2592 2911 2592 2945
2593 2911 2593 2945
2594 2912 2594 2947
2595 2912 2595 2947
2596 2913 2596 2949
2597 2913 2597 2949
2598 2914 2598 2951
2599 2914 2599 2951
2600 2914 2600 2951
2601 2915 2601 2954
2602 2915 2602 2954
2603 2916 2603 2956
2604 2916 2604 2956
2605 2917 2605 2958
2606 2917 2606 2958
2607 2918 2607 2960
2608 2918 2608 2960
2609 2919 2609 2962
2610 2919 2610 2962
2611 2919 2611 2962
2612 2920 2612 2964
2613 2920 2613 2964
2614 2921 2614 2966
2615 2921 2615 2966
2616 2922 2616 2968
2617 2922 2617 2968
2618 2923 2618 2970
2619 2923 2619 2970
2620 2924 2620 2972
2621 2924 2621 2972
2622 2924 2622 2972
2623 2925 2623 2974
2624 2925 2624 2974
2625 2926 2625 2976
2626 2926 2626 2976
2627 2927 2627 2978
2628 2927 2628 2978
2630 2928 2630 2980
2631 2928 2631 2980
2632 2928 2632 2980
2633 2929 2633 2982
2634 2929 2634 2982
2635 2930 2635 2984
2636 2930 2636 2984
2637 2931 2637 2986
2638 2931 2638 2986
2639 2932 2639 2988
2640 2932 2640 2988
2641 2932 2641 2988
2642 2933 2642 2990
2643 2933 2643 2990
2644 2934 2644 2992
2645 2934 2645 2992
2646 2935 2646 2995
2647 2935 2647 2995
2648 2936 2648 2997
2649 2936 2649 2997
2650 2936 2650 2997
2651 2937 2651 2999
2652 2937 2652 2999
2653 2938 2653 3001
2654 2938 2654 3001
2655 2939 2655 3003
2656 2939 2656 3003
2657 2939 2657 3003
2658 2940 2658 3005
2659 2940 2659 3005
2660 2941 2660 3007
2661 2941 2661 3007
2662 2942 2662 3009
2663 2942 2663 3009
2664 2943 2664 3011
2665 2943 2665 3011
2666 2943 2666 3011
2667 2944 2667 3013
2668 2944 2668 3013
2669 2945 2669 3015
2670 2945 2670 3015
2671 2946 2671 3017
2673 2946 2673 3017
2674 2946 2674 3017
2675 2947 2675 3019
2676 2947 2676 3019
2677 2948 2677 3021
2678 2948 2678 3021
2679 2949 2679 3023
2680 2949 2680 3023
2681 2949 2681 3023
2682 2950 2682 3025
2683 2950 2683 3025
2684 2951 2684 3028
2685 2951 2685 3028
2686 2952 2686 3030
2687 2952 2687 3030
2688 2952 2688 3030
2689 2953 2689 3032
2690 2953 2690 3032
2691 2954 2691 3034
2692 2954 2692 3034
2693 2955 2693 3036
2694 2955 2694 3036
2695 2955 2695 3036
2696 2956 2696 3038
2697 2956 2697 3038
2698 2957 2698 3040
2699 2957 2699 3040
2700 2958 2700 3042
2701 2958 2701 3042
2702 2958 2702 3042
2703 2959 2703 3044
2704 2959 2704 3044
2705 2960 2705 3046
2706 2960 2706 3046
2707 2961 2707 3048
2708 2961 2708 3048
2709 2961 2709 3048
2710 2962 2710 3050
2711 2962 2711 3050
2712 2963 2712 3052
2713 2963 2713 3052
2714 2964 2714 3055
2716 2964 2716 3055
2717 2964 2717 3055
2718 2965 2718 3057
2719 2965 2719 3057
2720 2966 2720 3059
2721 2966 2721 3059
2722 2966 2722 3059
2723 2967 2723 3061
2724 2967 2724 3061
2725 2968 2725 3063
2726 2968 2726 3063
2727 2969 2727 3065
2728 2969 2728 3065
2729 2969 2729 3065
2730 2970 2730 3067
2731 2970 2731 3067
2732 2971 2732 3069
2733 2971 2733 3069
2734 2971 2734 3069
2735 2972 2735 3071
2736 2972 2736 3071
2737 2973 2737 3073
2738 2973 2738 3073
2739 2974 2739 3075
2740 2974 2740 3075
2741 2974 2741 3075
2742 2975 2742 3077
2743 2975 2743 3077
2744 2976 2744 3080
2745 2976 2745 3080
2746 2976 2746 3080
2747 2977 2747 3082
2748 2977 2748 3082
2749 2978 2749 3084
2750 2978 2750 3084
2751 2978 2751 3084
2752 2979 2752 3086
2753 2979 2753 3086
2754 2980 2754 3088
2755 2980 2755 3088
2756 2981 2756 3090
2757 2981 2757 3090
2759 2981 2759 3090
2760 2982 2760 3092
2761 2982 2761 3092
2762 2983 2762 3094
2763 2983 2763 3094
2764 2983 2764 3094
2765 2984 2765 3096
2766 2984 2766 3096
2767 2985 2767 3098
2768 2985 2768 3098
2769 2985 2769 3098
2770 2986 2770 3101
2771 2986 2771 3101
2772 2987 2772 3103
2773 2987 2773 3103
2774 2987 2774 3103
2775 2988 2775 3105
2776 2988 2776 3105
2777 2989 2777 3107
2778 2989 2778 3107
2779 2990 2779 3109
2780 2990 2780 3109
2781 2990 2781 3109
2782 2991 2782 3111
2783 2991 2783 3111
2784 2992 2784 3113
2785 2992 2785 3113
2786 2992 2786 3113
2787 2993 2787 3115
2788 2993 2788 3115
2789 2994 2789 3117
2790 2994 2790 3117
2791 2994 2791 3117
2792 2995 2792 3119
2793 2995 2793 3119
2794 2996 2794 3122
2795 2996 2795 3122
2796 2996 2796 3122
2797 2997 2797 3124
2798 2997 2798 3124
2799 2998 2799 3126
2800 2998 2800 3126
2802 2998 2802 3126
2803 2999 2803 3128
2804 2999 2804 3128
2805 3000 2805 3130
2806 3000 2806 3130
2807 3000 2807 3130
2808 3001 2808 3132
2809 3001 2809 3132
2810 3002 2810 3134
2811 3002 2811 3134
2812 3002 2812 3134
2813 3003 2813 3136
2814 3003 2814 3136
2815 3004 2815 3138
2816 3004 2816 3138
2817 3004 2817 3138
2818 3005 2818 3141
2819 3005 2819 3141
2820 3006 2820 3143
2821 3006 2821 3143
2822 3006 2822 3143
2823 3007 2823 3145
2824 3007 2824 3145
2825 3008 2825 3147
2826 3008 2826 3147
2827 3008 2827 3147
2828 3009 2828 3149
2829 3009 2829 3149
2830 3009 2830 3149
2831 3010 2831 3151
2832 3010 2832 3151
2833 3011 2833 3153
2834 3011 2834 3153
2835 3011 2835 3153
2836 3012 2836 3155
2837 3012 2837 3155
2838 3013 2838 3157
2839 3013 2839 3157
2840 3013 2840 3157
2841 3014 2841 3160
2842 3014 2842 3160
2843 3015 2843 3162
2845 3015 2845 3162
2846 3015 2846 3162
2847 3016 2847 3164
2848 3016 2848 3164
2849 3017 2849 3166
2850 3017 2850 3166
2851 3017 2851 3166
2852 3018 2852 3168
2853 3018 2853 3168
2854 3018 2854 3168
2855 3019 2855 3170
2856 3019 2856 3170
2857 3020 2857 3172
2858 3020 2858 3172
2859 3020 2859 3172
2860 3021 2860 3174
2861 3021 2861 3174
2862 3022 2862 3177
2863 3022 2863 3177
2864 3022 2864 3177
2865 3023 2865 3179
2866 3023 2866 3179
2867 3024 2867 3181
2868 3024 2868 3181
2869 3024 2869 3181
2870 3025 2870 3183
2871 3025 2871 3183
2872 3025 2872 3183
2873 3026 2873 3185
2874 3026 2874 3185
2875 3027 2875 3187
2876 3027 2876 3187
2877 3027 2877 3187
2878 3028 2878 3189
2879 3028 2879 3189
2880 3029 2880 3192
2881 3029 2881 3192
2882 3029 2882 3192
2883 3030 2883 3194
2884 3030 2884 3194
2885 3030 2885 3194
2886 3031 2886 3196
2887 3031 2887 3196
2889 3032 2889 3198
2890 3032 2890 3198
2891 3032 2891 3198
2892 3033 2892 3200
2893 3033 2893 3200
2894 3034 2894 3202
2895 3034 2895 3202
2896 3034 2896 3202
2897 3035 2897 3204
2898 3035 2898 3204
2899 3035 2899 3204
2900 3036 2900 3206
2901 3036 2901 3206
2902 3037 2902 3209
2903 3037 2903 3209
2904 3037 2904 3209
2905 3038 2905 3211
2906 3038 2906 3211
2907 3038 2907 3211
2908 3039 2908 3213
2909 3039 2909 3213
2910 3040 2910 3215
2911 3040 2911 3215
2912 3040 2912 3215
2913 3041 2913 3217
2914 3041 2914 3217
2915 3042 2915 3219
2916 3042 2916 3219
2917 3042 2917 3219
2918 3043 2918 3221
2919 3043 2919 3221
2920 3043 2920 3221
2921 3044 2921 3224
2922 3044 2922 3224
2923 3045 2923 3226
2924 3045 2924 3226
2925 3045 2925 3226
2926 3046 2926 3228
2927 3046 2927 3228
2928 3046 2928 3228
2929 3047 2929 3230
2930 3047 2930 3230
2932 3048 2932 3232
2933 3048 2933 3232
2934 3048 2934 3232
2935 3049 2935 3234
2936 3049 2936 3234
2937 3049 2937 3234
2938 3050 2938 3237
2939 3050 2939 3237
2940 3051 2940 3239
2941 3051 2941 3239
2942 3051 2942 3239
2943 3052 2943 3241
2944 3052 2944 3241
2945 3052 2945 3241
2946 3053 2946 3243
2947 3053 2947 3243
2948 3054 2948 3245
2949 3054 2949 3245
2950 3054 2950 3245
2951 3055 2951 3247
2952 3055 2952 3247
2953 3055 2953 3247
2954 3056 2954 3249
2955 3056 2955 3249
2956 3057 2956 3252
2957 3057 2957 3252
2958 3057 2958 3252
2959 3058 2959 3254
2960 3058 2960 3254
2961 3058 2961 3254
2962 3059 2962 3256
2963 3059 2963 3256
2964 3060 2964 3258
2965 3060 2965 3258
2966 3060 2966 3258
2967 3061 2967 3260
2968 3061 2968 3260
2969 3061 2969 3260
2970 3062 2970 3262
2971 3062 2971 3262
2972 3063 2972 3265
2973 3063 2973 3265
2975 3063 2975 3265
2976 3064 2976 3267
2977 3064 2977 3267
2978 3064 2978 3267
2979 3065 2979 3269
2980 3065 2980 3269
2981 3065 2981 3269
2982 3066 2982 3271
2983 3066 2983 3271
2984 3067 2984 3273
2985 3067 2985 3273
2986 3067 2986 3273
2987 3068 2987 3275
2988 3068 2988 3275
2989 3068 2989 3275
2990 3069 2990 3277
2991 3069 2991 3277
2992 3070 2992 3280
2993 3070 2993 3280
2994 3070 2994 3280
2995 3071 2995 3282
2996 3071 2996 3282
2997 3071 2997 3282
2998 3072 2998 3284
2999 3072 2999 3284
3000 3073 3000 3286
3001 3073 3001 3286
3002 3073 3002 3286
3003 3074 3003 3288
3004 3074 3004 3288
3005 3074 3005 3288
3006 3075 3006 3291
3007 3075 3007 3291
3008 3075 3008 3291
3009 3076 3009 3293
3010 3076 3010 3293
3011 3077 3011 3295
3012 3077 3012 3295
3013 3077 3013 3295
3014 3078 3014 3297
3015 3078 3015 3297
3016 3078 3016 3297
3018 3079 3018 3299
3019 3079 3019 3299
3020 3080 3020 3301
3021 3080 3021 3301
3022 3080 3022 3301
3023 3081 3023 3304
3024 3081 3024 3304
3025 3081 3025 3304
3026 3082 3026 3306
3027 3082 3027 3306
3028 3082 3028 3306
3029 3083 3029 3308
3030 3083 3030 3308
3031 3084 3031 3310
3032 3084 3032 3310
3033 3084 3033 3310
3034 3085 3034 3312
3035 3085 3035 3312
3036 3085 3036 3312
3037 3086 3037 3314
3038 3086 3038 3314
3039 3086 3039 3314
3040 3087 3040 3317
3041 3087 3041 3317
3042 3088 3042 3319
3043 3088 3043 3319
3044 3088 3044 3319
3045 3089 3045 3321
3046 3089 3046 3321
3047 3089 3047 3321
3048 3090 3048 3323
3049 3090 3049 3323
3050 3091 3050 3325
3051 3091 3051 3325
3052 3091 3052 3325
3053 3092 3053 3328
3054 3092 3054 3328
3055 3092 3055 3328
3056 3093 3056 3330
3057 3093 3057 3330
3058 3093 3058 3330
3059 3094 3059 3332
3061 3094 3061 3332
3062 3095 3062 3334
3063 3095 3063 3334
3064 3095 3064 3334
3065 3096 3065 3336
3066 3096 3066 3336
3067 3096 3067 3336
3068 3097 3068 3338
3069 3097 3069 3338
3070 3097 3070 3338
3071 3098 3071 3341
3072 3098 3072 3341
3073 3099 3073 3343
3074 3099 3074 3343
3075 3099 3075 3343
3076 3100 3076 3345
3077 3100 3077 3345
3078 3100 3078 3345
3079 3101 3079 3347
3080 3101 3080 3347
3081 3101 3081 3347
3082 3102 3082 3349
3083 3102 3083 3349
3084 3103 3084 3352
3085 3103 3085 3352
3086 3103 3086 3352
3087 3104 3087 3354
3088 3104 3088 3354
3089 3104 3089 3354
3090 3105 3090 3356
3091 3105 3091 3356
3092 3105 3092 3356
3093 3106 3093 3358
3094 3106 3094 3358
3095 3107 3095 3360
3096 3107 3096 3360
3097 3107 3097 3360
3098 3108 3098 3363
3099 3108 3099 3363
3100 3108 3100 3363
3101 3109 3101 3365
3102 3109 3102 3365
3104 3109 3104 3365
3105 3110 3105 3367
3106 3110 3106 3367
3107 3111 3107 3369
3108 3111 3108 3369
3109 3111 3109 3369
3110 3112 3110 3371
3111 3112 3111 3371
3112 3112 3112 3371
3113 3113 3113 3374
3114 3113 3114 3374
3115 3113 3115 3374
3116 3114 3116 3376
3117 3114 3117 3376
3118 3114 3118 3376
3119 3115 3119 3378
3120 3115 3120 3378
3121 3116 3121 3380
3122 3116 3122 3380
3123 3116 3123 3380
3124 3117 3124 3382
3125 3117 3125 3382
3126 3117 3126 3382
3127 3118 3127 3385
3128 3118 3128 3385
3129 3118 3129 3385
3130 3119 3130 3387
3131 3119 3131 3387
3132 3120 3132 3389
3133 3120 3133 3389
3134 3120 3134 3389
3135 3121 3135 3391
3136 3121 3136 3391
3137 3121 3137 3391
3138 3122 3138 3393
3139 3122 3139 3393
3140 3122 3140 3393
3141 3123 3141 3396
3142 3123 3142 3396
3143 3124 3143 3398
3144 3124 3144 3398
3145 3124 3145 3398
3147 3125 3147 3400
3148 3125 3148 3400
3149 3125 3149 3400
3150 3126 3150 3402
3151 3126 3151 3402
3152 3126 3152 3402
3153 3127 3153 3404
3154 3127 3154 3404
3155 3128 3155 3407
3156 3128 3156 3407
3157 3128 3157 3407
3158 3129 3158 3409
3159 3129 3159 3409
3160 3129 3160 3409
3161 3130 3161 3411
3162 3130 3162 3411
3163 3130 3163 3411
3164 3131 3164 3413
3165 3131 3165 3413
3166 3132 3166 3415
3167 3132 3167 3415
3168 3132 3168 3415
3169 3133 3169 3418
3170 3133 3170 3418
3171 3133 3171 3418
3172 3134 3172 3420
3173 3134 3173 3420
3174 3134 3174 3420
3175 3135 3175 3422
3176 3135 3176 3422
3177 3136 3177 3424
3178 3136 3178 3424
3179 3136 3179 3424
3180 3137 3180 3427
3181 3137 3181 3427
3182 3137 3182 3427
3183 3138 3183 3429
3184 3138 3184 3429
3185 3138 3185 3429
3186 3139 3186 3431
3187 3139 3187 3431
3188 3140 3188 3433
3190 3140 3190 3433
3191 3140 3191 3433
3192 3141 3192 3435
3193 3141 3193 3435
3194 3141 3194 3435
3195 3142 3195 3438
3196 3142 3196 3438
3197 3142 3197 3438
3198 3143 3198 3440
3199 3143 3199 3440
3200 3144 3200 3442
3201 3144 3201 3442
3202 3144 3202 3442
3203 3145 3203 3444
3204 3145 3204 3444
3205 3145 3205 3444
3206 3146 3206 3447
3207 3146 3207 3447
3208 3146 3208 3447
3209 3147 3209 3449
3210 3147 3210 3449
3211 3148 3211 3451
3212 3148 3212 3451
3213 3148 3213 3451
3214 3149 3214 3453
3215 3149 3215 3453
3216 3149 3216 3453
3217 3150 3217 3455
3218 3150 3218 3455
3219 3150 3219 3455
3220 3151 3220 3458
3221 3151 3221 3458
3222 3152 3222 3460
3223 3152 3223 3460
3224 3152 3224 3460
3225 3153 3225 3462
3226 3153 3226 3462
3227 3153 3227 3462
3228 3154 3228 3464
3229 3154 3229 3464
3230 3154 3230 3464
3231 3155 3231 3467
3233 3155 3233 3467
3234 3156 3234 3469
3235 3156 3235 3469
3236 3156 3236 3469
3237 3157 3237 3471
3238 3157 3238 3471
3239 3157 3239 3471
3240 3158 3240 3473
3241 3158 3241 3473
3242 3158 3242 3473
3243 3159 3243 3476
3244 3159 3244 3476
3245 3160 3245 3478
3246 3160 3246 3478
3247 3160 3247 3478
3248 3161 3248 3480
3249 3161 3249 3480
3250 3161 3250 3480
3251 3162 3251 3482
3252 3162 3252 3482
3253 3162 3253 3482
3254 3163 3254 3485
3255 3163 3255 3485
3256 3164 3256 3487
3257 3164 3257 3487
3258 3164 3258 3487
3259 3165 3259 3489
3260 3165 3260 3489
3261 3165 3261 3489
3262 3166 3262 3491
3263 3166 3263 3491
3264 3167 3264 3494
3265 3167 3265 3494
3266 3167 3266 3494
3267 3168 3267 3496
3268 3168 3268 3496
3269 3168 3269 3496
3270 3169 3270 3498
3271 3169 3271 3498
3272 3169 3272 3498
3273 3170 3273 3500
3274 3170 3274 3500
3276 3171 3276 3503
3277 3171 3277 3503
3278 3171 3278 3503
3279 3172 3279 3505
3280 3172 3280 3505
3281 3172 3281 3505
3282 3173 3282 3507
3283 3173 3283 3507
3284 3174 3284 3509
3285 3174 3285 3509
3286 3174 3286 3509
3287 3175 3287 3511
3288 3175 3288 3511
3289 3175 3289 3511
3290 3176 3290 3514
3291 3176 3291 3514
3292 3176 3292 3514
3293 3177 3293 3516
3294 3177 3294 3516
3295 3178 3295 3518
3296 3178 3296 3518
3297 3178 3297 3518
3298 3179 3298 3521
3299 3179 3299 3521
3300 3179 3300 3521
3301 3180 3301 3523
3302 3180 3302 3523
3303 3181 3303 3525
3304 3181 3304 3525
3305 3181 3305 3525
3306 3182 3306 3527
3307 3182 3307 3527
3308 3182 3308 3527
3309 3183 3309 3530
3310 3183 3310 3530
3311 3184 3311 3532
3312 3184 3312 3532
3313 3184 3313 3532
3314 3185 3314 3534
3315 3185 3315 3534
3316 3185 3316 3534
3317 3186 3317 3536
3318 3186 3318 3536
3320 3186 3320 3536
3321 3187 3321 3539
3322 3187 3322 3539
3323 3188 3323 3541
3324 3188 3324 3541
3325 3188 3325 3541
3326 3189 3326 3543
3327 3189 3327 3543
3328 3189 3328 3543
3329 3190 3329 3545
3330 3190 3330 3545
3331 3191 3331 3548
3332 3191 3332 3548
3333 3191 3333 3548
3334 3192 3334 3550
3335 3192 3335 3550
3336 3192 3336 3550
3337 3193 3337 3552
3338 3193 3338 3552
3339 3194 3339 3554
3340 3194 3340 3554
3341 3194 3341 3554
3342 3195 3342 3557
3343 3195 3343 3557
3344 3195 3344 3557
3345 3196 3345 3559
3346 3196 3346 3559
3347 3197 3347 3561
3348 3197 3348 3561
3349 3197 3349 3561
3350 3198 3350 3563
3351 3198 3351 3563
3352 3198 3352 3563
3353 3199 3353 3566
3354 3199 3354 3566
3355 3200 3355 3568
3356 3200 3356 3568
3357 3200 3357 3568
3358 3201 3358 3570
3359 3201 3359 3570
3360 3202 3360 3573
3361 3202 3361 3573
3363 3202 3363 3573
3364 3203 3364 3575
3365 3203 3365 3575
3366 3203 3366 3575
3367 3204 3367 3577
3368 3204 3368 3577
3369 3205 3369 3579
3370 3205 3370 3579
3371 3205 3371 3579
3372 3206 3372 3582
3373 3206 3373 3582
3374 3206 3374 3582
3375 3207 3375 3584
3376 3207 3376 3584
3377 3208 3377 3586
3378 3208 3378 3586
3379 3208 3379 3586
3380 3209 3380 3588
3381 3209 3381 3588
3382 3209 3382 3588
3383 3210 3383 3591
3384 3210 3384 3591
3385 3211 3385 3593
3386 3211 3386 3593
3387 3211 3387 3593
3388 3212 3388 3595
3389 3212 3389 3595
3390 3213 3390 3598
3391 3213 3391 3598
3392 3213 3392 3598
3393 3214 3393 3600
3394 3214 3394 3600
3395 3214 3395 3600
3396 3215 3396 3602
3397 3215 3397 3602
3398 3216 3398 3604
3399 3216 3399 3604
3400 3216 3400 3604
3401 3217 3401 3607
3402 3217 3402 3607
3403 3218 3403 3609
3404 3218 3404 3609
3406 3218 3406 3609
3407 3219 3407 3611
3408 3219 3408 3611
3409 3219 3409 3611
3410 3220 3410 3614
3411 3220 3411 3614
3412 3221 3412 3616
3413 3221 3413 3616
3414 3221 3414 3616
3415 3222 3415 3618
3416 3222 3416 3618
3417 3223 3417 3620
3418 3223 3418 3620
3419 3223 3419 3620
3420 3224 3420 3623
3421 3224 3421 3623
3422 3224 3422 3623
3423 3225 3423 3625
3424 3225 3424 3625
3425 3226 3425 3627
3426 3226 3426 3627
3427 3226 3427 3627
3428 3227 3428 3630
3429 3227 3429 3630
3430 3228 3430 3632
3431 3228 3431 3632
3432 3228 3432 3632
3433 3229 3433 3634
3434 3229 3434 3634
3435 3230 3435 3636
3436 3230 3436 3636
3437 3230 3437 3636
3438 3231 3438 3639
3439 3231 3439 3639
3440 3231 3440 3639
3441 3232 3441 3641
3442 3232 3442 3641
3443 3233 3443 3643
3444 3233 3444 3643
3445 3233 3445 3643
3446 3234 3446 3646
3447 3234 3447 3646
3449 3235 3449 3648
3450 3235 3450 3648
3451 3235 3451 3648
3452 3236 3452 3650
3453 3236 3453 3650
3454 3237 3454 3653
3455 3237 3455 3653
3456 3237 3456 3653
3457 3238 3457 3655
3458 3238 3458 3655
3459 3239 3459 3657
3460 3239 3460 3657
3461 3239 3461 3657
3462 3240 3462 3659
3463 3240 3463 3659
3464 3241 3464 3662
3465 3241 3465 3662
3466 3241 3466 3662
3467 3242 3467 3664
3468 3242 3468 3664
3469 3243 3469 3666
3470 3243 3470 3666
3471 3243 3471 3666
3472 3244 3472 3669
3473 3244 3473 3669
3474 3245 3474 3671
3475 3245 3475 3671
3476 3245 3476 3671
3477 3246 3477 3673
3478 3246 3478 3673
3479 3247 3479 3676
3480 3247 3480 3676
3481 3247 3481 3676
3482 3248 3482 3678
3483 3248 3483 3678
3484 3249 3484 3680
3485 3249 3485 3680
3486 3249 3486 3680
3487 3250 3487 3682
3488 3250 3488 3682
3489 3251 3489 3685
3490 3251 3490 3685
3492 3251 3492 3685
3493 3252 3493 3687
3494 3252 3494 3687
3495 3253 3495 3689
3496 3253 3496 3689
3497 3253 3497 3689
3498 3254 3498 3692
3499 3254 3499 3692
3500 3255 3500 3694
3501 3255 3501 3694
3502 3255 3502 3694
3503 3256 3503 3696
3504 3256 3504 3696
3505 3257 3505 3699
3506 3257 3506 3699
3507 3257 3507 3699
3508 3258 3508 3701
3509 3258 3509 3701
3510 3259 3510 3703
3511 3259 3511 3703
3512 3259 3512 3703
3513 3260 3513 3706
3514 3260 3514 3706
3515 3261 3515 3708
3516 3261 3516 3708
3517 3261 3517 3708
3518 3262 3518 3710
3519 3262 3519 3710
3520 3263 3520 3713
3521 3263 3521 3713
3522 3264 3522 3715
3523 3264 3523 3715
3524 3264 3524 3715
3525 3265 3525 3717
3526 3265 3526 3717
3527 3266 3527 3720
3528 3266 3528 3720
3529 3266 3529 3720
3530 3267 3530 3722
3531 3267 3531 3722
3532 3268 3532 3724
3533 3268 3533 3724
3535 3268 3535 3724
3536 3269 3536 3727
3537 3269 3537 3727
3538 3270 3538 3729
3539 3270 3539 3729
3540 3271 3540 3731
3541 3271 3541 3731
3542 3271 3542 3731
3543 3272 3543 3734
3544 3272 3544 3734
3545 3273 3545 3736
3546 3273 3546 3736
3547 3273 3547 3736
3548 3274 3548 3738
3549 3274 3549 3738
3550 3275 3550 3740
3551 3275 3551 3740
3552 3275 3552 3740
3553 3276 3553 3743
3554 3276 3554 3743
3555 3277 3555 3745
3556 3277 3556 3745
3557 3278 3557 3747
3558 3278 3558 3747
3559 3278 3559 3747
3560 3279 3560 3750
3561 3279 3561 3750
3562 3280 3562 3752
3563 3280 3563 3752
3564 3281 3564 3754
3565 3281 3565 3754
3566 3281 3566 3754
3567 3282 3567 3757
3568 3282 3568 3757
3569 3283 3569 3759
3570 3283 3570 3759
3571 3283 3571 3759
3572 3284 3572 3762
3573 3284 3573 3762
3574 3285 3574 3764
3575 3285 3575 3764
3576 3286 3576 3766
3578 3286 3578 3766
3579 3286 3579 3766
3580 3287 3580 3769
3581 3287 3581 3769
3582 3288 3582 3771
3583 3288 3583 3771
3584 3289 3584 3773
3585 3289 3585 3773
3586 3289 3586 3773
3587 3290 3587 3776
3588 3290 3588 3776
3589 3291 3589 3778
3590 3291 3590 3778
3591 3292 3591 3780
3592 3292 3592 3780
3593 3292 3593 3780
3594 3293 3594 3783
3595 3293 3595 3783
3596 3294 3596 3785
3597 3294 3597 3785
3598 3295 3598 3787
3599 3295 3599 3787
3600 3295 3600 3787
3601 3296 3601 3790
3602 3296 3602 3790
3603 3297 3603 3792
3604 3297 3604 3792
3605 3298 3605 3794
3606 3298 3606 3794
3607 3298 3607 3794
3608 3299 3608 3797
3609 3299 3609 3797
3610 3300 3610 3799
3611 3300 3611 3799
3612 3301 3612 3801
3613 3301 3613 3801
3614 3301 3614 3801
3615 3302 3615 3804
3616 3302 3616 3804
3617 3303 3617 3806
3618 3303 3618 3806
3619 3304 3619 3808
3621 3304 3621 3808
3622 3304 3622 3808
3623 3305 3623 3811
3624 3305 3624 3811
3625 3306 3625 3813
3626 3306 3626 3813
3627 3307 3627 3815
3628 3307 3628 3815
3629 3308 3629 3818
3630 3308 3630 3818
3631 3308 3631 3818
3632 3309 3632 3820
3633 3309 3633 3820
3634 3310 3634 3823
3635 3310 3635 3823
3636 3311 3636 3825
3637 3311 3637 3825
3638 3312 3638 3827
3639 3312 3639 3827
3640 3312 3640 3827
3641 3313 3641 3830
3642 3313 3642 3830
3643 3314 3643 3832
3644 3314 3644 3832
3645 3315 3645 3834
3646 3315 3646 3834
3647 3315 3647 3834
3648 3316 3648 3837
3649 3316 3649 3837
3650 3317 3650 3839
3651 3317 3651 3839
3652 3318 3652 3841
3653 3318 3653 3841
3654 3319 3654 3844
3655 3319 3655 3844
3656 3320 3656 3846
3657 3320 3657 3846
3658 3320 3658 3846
3659 3321 3659 3849
3660 3321 3660 3849
3661 3322 3661 3851
3662 3322 3662 3851
3664 3323 3664 3853
3665 3323 3665 3853
3666 3324 3666 3856
3667 3324 3667 3856
3668 3324 3668 3856
3669 3325 3669 3858
3670 3325 3670 3858
3671 3326 3671 3860
3672 3326 3672 3860
3673 3327 3673 3863
3674 3327 3674 3863
3675 3328 3675 3865
3676 3328 3676 3865
3677 3329 3677 3867
3678 3329 3678 3867
3679 3329 3679 3867
3680 3330 3680 3870
3681 3330 3681 3870
3682 3331 3682 3872
3683 3331 3683 3872
3684 3332 3684 3875
3685 3332 3685 3875
3686 3333 3686 3877
3687 3333 3687 3877
3688 3334 3688 3879
3689 3334 3689 3879
3690 3334 3690 3879
3691 3335 3691 3882
3692 3335 3692 3882
3693 3336 3693 3884
3694 3336 3694 3884
3695 3337 3695 3886
3696 3337 3696 3886
3697 3338 3697 3889
3698 3338 3698 3889
3699 3339 3699 3891
3700 3339 3700 3891
3701 3340 3701 3894
3702 3340 3702 3894
3703 3340 3703 3894
3704 3341 3704 3896
3705 3341 3705 3896
3706 3342 3706 3898
3708 3342 3708 3898
3709 3343 3709 3901
3710 3343 3710 3901
3711 3344 3711 3903
3712 3344 3712 3903
3713 3345 3713 3906
3714 3345 3714 3906
3715 3346 3715 3908
3716 3346 3716 3908
3717 3347 3717 3910
3718 3347 3718 3910
3719 3347 3719 3910
3720 3348 3720 3913
3721 3348 3721 3913
3722 3349 3722 3915
3723 3349 3723 3915
3724 3350 3724 3917
3725 3350 3725 3917
3726 3351 3726 3920
3727 3351 3727 3920
3728 3352 3728 3922
3729 3352 3729 3922
3730 3353 3730 3925
3731 3353 3731 3925
3732 3354 3732 3927
3733 3354 3733 3927
3734 3355 3734 3929
3735 3355 3735 3929
3736 3355 3736 3929
3737 3356 3737 3932
3738 3356 3738 3932
3739 3357 3739 3934
3740 3357 3740 3934
3741 3358 3741 3937
3742 3358 3742 3937
3743 3359 3743 3939
3744 3359 3744 3939
3745 3360 3745 3941
3746 3360 3746 3941
3747 3361 3747 3944
3748 3361 3748 3944
3749 3362 3749 3946
3751 3362 3751 3946
3752 3363 3752 3949
3753 3363 3753 3949
3754 3364 3754 3951
3755 3364 3755 3951
3756 3365 3756 3953
3757 3365 3757 3953
3758 3366 3758 3956
3759 3366 3759 3956
3760 3366 3760 3956
3761 3367 3761 3958
3762 3367 3762 3958
3763 3368 3763 3961
3764 3368 3764 3961
3765 3369 3765 3963
3766 3369 3766 3963
3767 3370 3767 3965
3768 3370 3768 3965
3769 3371 3769 3968
3770 3371 3770 3968
3771 3372 3771 3970
3772 3372 3772 3970
3773 3373 3773 3973
3774 3373 3774 3973
3775 3374 3775 3975
3776 3374 3776 3975
3777 3375 3777 3978
3778 3375 3778 3978
3779 3376 3779 3980
3780 3376 3780 3980
3781 3377 3781 3982
3782 3377 3782 3982
3783 3378 3783 3985
3784 3378 3784 3985
3785 3379 3785 3987
3786 3379 3786 3987
3787 3380 3787 3990
3788 3380 3788 3990
3789 3381 3789 3992
3790 3381 3790 3992
3791 3382 3791 3994
3792 3382 3792 3994
3794 3383 3794 3997
3795 3383 3795 3997
3796 3384 3796 3999
3797 3384 3797 3999
3798 3385 3798 4002
3799 3385 3799 4002
3800 3386 3800 4004
3801 3386 3801 4004
3802 3387 3802 4006
3803 3387 3803 4006
3804 3388 3804 4009
3805 3388 3805 4009
3806 3389 3806 4011
3807 3389 3807 4011
3808 3390 3808 4014
3809 3390 3809 4014
3810 3391 3810 4016
3811 3391 3811 4016
3812 3392 3812 4019
3813 3392 3813 4019
3814 3393 3814 4021
3815 3393 3815 4021
3816 3394 3816 4023
3817 3394 3817 4023
3818 3395 3818 4026
3819 3395 3819 4026
3820 3396 3820 4028
3821 3396 3821 4028
3822 3397 3822 4031
3823 3397 3823 4031
3824 3398 3824 4033
3825 3398 3825 4033
3826 3399 3826 4036
3827 3399 3827 4036
3828 3400 3828 4038
3829 3400 3829 4038
3830 3401 3830 4040
3831 3401 3831 4040
3832 3402 3832 4043
3833 3402 3833 4043
3834 3403 3834 4045
3835 3403 3835 4045
3837 3404 3837 4048
3838 3404 3838 4048
3839 3405 3839 4050
3840 3405 3840 4050
3841 3406 3841 4053
3842 3406 3842 4053
3843 3407 3843 4055
3844 3408 3844 4057
3845 3408 3845 4057
3846 3409 3846 4060
3847 3409 3847 4060
3848 3410 3848 4062
3849 3410 3849 4062
3850 3411 3850 4065
3851 3411 3851 4065
3852 3412 3852 4067
3853 3412 3853 4067
3854 3413 3854 4070
3855 3413 3855 4070
3856 3414 3856 4072
3857 3414 3857 4072
3858 3415 3858 4075
3859 3415 3859 4075
3860 3416 3860 4077
3861 3416 3861 4077
3862 3417 3862 4079
3863 3417 3863 4079
3864 3418 3864 4082
3865 3418 3865 4082
3866 3419 3866 4084
3867 3420 3867 4087
3868 3420 3868 4087
3869 3421 3869 4089
3870 3421 3870 4089
3871 3422 3871 4092
3872 3422 3872 4092
3873 3423 3873 4094
3874 3423 3874 4094
3875 3424 3875 4097
3876 3424 3876 4097
3877 3425 3877 4099
3878 3425 3878 4099
3880 3426 3880 4101
3881 3426 3881 4101
3882 3427 3882 4104
3883 3427 3883 4104
3884 3428 3884 4106
3885 3429 3885 4109
3886 3429 3886 4109
3887 3430 3887 4111
3888 3430 3888 4111
3889 3431 3889 4114
3890 3431 3890 4114
3891 3432 3891 4116
3892 3432 3892 4116
3893 3433 3893 4119
3894 3433 3894 4119
3895 3434 3895 4121
3896 3434 3896 4121
3897 3435 3897 4124
3898 3436 3898 4126
3899 3436 3899 4126
3900 3437 3900 4128
3901 3437 3901 4128
3902 3438 3902 4131
3903 3438 3903 4131
3904 3439 3904 4133
3905 3439 3905 4133
3906 3440 3906 4136
3907 3440 3907 4136
3908 3441 3908 4138
3909 3442 3909 4141
3910 3442 3910 4141
3911 3443 3911 4143
3912 3443 3912 4143
3913 3444 3913 4146
3914 3444 3914 4146
3915 3445 3915 4148
3916 3445 3916 4148
3917 3446 3917 4151
3918 3446 3918 4151
3919 3447 3919 4153
3920 3448 3920 4156
3921 3448 3921 4156
3923 3449 3923 4158
3924 3449 3924 4158
3925 3450 3925 4161
3926 3450 3926 4161
3927 3451 3927 4163
3928 3451 3928 4163
3929 3452 3929 4165
3930 3453 3930 4168
3931 3453 3931 4168
3932 3454 3932 4170
3933 3454 3933 4170
3934 3455 3934 4173
3935 3455 3935 4173
3936 3456 3936 4175
3937 3456 3937 4175
3938 3457 3938 4178
3939 3458 3939 4180
3940 3458 3940 4180
3941 3459 3941 4183
3942 3459 3942 4183
3943 3460 3943 4185
3944 3460 3944 4185
3945 3461 3945 4188
3946 3462 3946 4190
3947 3462 3947 4190
3948 3463 3948 4193
3949 3463 3949 4193
3950 3464 3950 4195
3951 3464 3951 4195
3952 3465 3952 4198
3953 3465 3953 4198
3954 3466 3954 4200
3955 3467 3955 4203
3956 3467 3956 4203
3957 3468 3957 4205
3958 3468 3958 4205
3959 3469 3959 4208
3960 3469 3960 4208
3961 3470 3961 4210
3962 3471 3962 4213
3963 3471 3963 4213
3964 3472 3964 4215
3966 3472 3966 4215
3967 3473 3967 4218
3968 3473 3968 4218
3969 3474 3969 4220
3970 3475 3970 4222
3971 3475 3971 4222
3972 3476 3972 4225
3973 3476 3973 4225
3974 3477 3974 4227
3975 3477 3975 4227
3976 3478 3976 4230
3977 3479 3977 4232
3978 3479 3978 4232
3979 3480 3979 4235
3980 3480 3980 4235
3981 3481 3981 4237
3982 3482 3982 4240
3983 3482 3983 4240
3984 3483 3984 4242
3985 3483 3985 4242
3986 3484 3986 4245
3987 3484 3987 4245
3988 3485 3988 4247
3989 3486 3989 4250
3990 3486 3990 4250
3991 3487 3991 4252
3992 3487 3992 4252
3993 3488 3993 4255
3994 3489 3994 4257
3995 3489 3995 4257
3996 3490 3996 4260
3997 3490 3997 4260
3998 3491 3998 4262
3999 3491 3999 4262
4000 3492 4000 4265
4001 3493 4001 4267
4002 3493 4002 4267
4003 3494 4003 4270
4004 3494 4004 4270
4005 3495 4005 4272
4006 3496 4006 4275
4007 3496 4007 4275
4009 3497 4009 4277
4010 3497 4010 4277
4011 3498 4011 4280
4012 3499 4012 4282
