81 135 81 368
82 136 82 368
83 138 83 368
84 140 84 368
85 141 85 368
87 143 87 368
88 145 88 367
89 146 89 367
90 148 90 367
91 150 91 367
92 152 92 367
93 153 93 366
94 155 94 366
95 157 95 366
96 158 96 366
97 160 97 366
98 162 98 365
99 163 99 365
100 165 100 365
101 167 101 365
102 168 102 365
103 170 103 365
104 172 104 364
105 173 105 364
106 175 106 364
107 177 107 364
108 178 108 364
109 180 109 364
110 182 110 364
111 183 111 363
112 185 112 363
113 187 113 363
114 188 114 363
115 190 115 363
116 192 116 363
117 193 117 363
118 195 118 362
119 197 119 362
120 198 120 362
121 200 121 362
122 202 122 362
123 203 123 362
124 205 124 362
125 207 125 361
126 208 126 361
127 210 127 361
128 212 128 361
130 213 130 361
131 215 131 361
132 217 132 361
133 218 133 361
134 220 134 361
135 222 135 360
136 223 136 360
137 225 137 360
138 227 138 360
139 228 139 360
140 230 140 360
141 232 141 360
142 233 142 360
143 235 143 360
144 237 144 359
145 238 145 359
146 240 146 359
147 242 147 359
148 243 148 359
149 245 149 359
150 247 150 359
151 248 151 359
152 250 152 359
153 252 153 359
154 253 154 359
155 255 155 359
156 257 156 358
157 258 157 358
158 260 158 358
159 262 159 358
160 263 160 358
161 265 161 358
162 267 162 358
163 268 163 358
164 270 164 358
165 271 165 358
166 273 166 358
167 275 167 358
168 276 168 358
169 278 169 358
170 280 170 358
171 281 171 357
173 283 173 357
174 285 174 357
175 286 175 357
176 288 176 357
177 290 177 357
178 291 178 357
179 293 179 357
180 295 180 357
181 296 181 357
182 298 182 357
183 300 183 357
184 301 184 357
185 303 185 357
186 305 186 357
187 306 187 357
188 308 188 357
189 310 189 357
190 311 190 357
191 313 191 357
192 315 192 357
193 316 193 357
194 318 194 357
195 320 195 357
196 321 196 357
197 323 197 357
198 325 198 357
199 326 199 357
200 328 200 357
201 330 201 357
202 331 202 357
203 333 203 357
204 335 204 357
205 336 205 357
206 338 206 357
207 340 207 357
208 341 208 357
209 343 209 357
210 345 210 357
211 346 211 357
212 348 212 357
213 350 213 357
214 351 214 357
216 353 216 357
217 354 217 357
218 356 218 357
219 358 219 357
220 359 220 357
221 361 221 357
222 363 222 357
223 364 223 357
224 366 224 357
225 368 225 357
226 369 226 357
227 371 227 357
228 373 228 357
229 374 229 357
230 376 230 357
231 378 231 357
232 379 232 357
233 381 233 357
234 383 234 357
235 384 235 357
236 386 236 357
237 388 237 358
238 389 238 358
239 391 239 358
240 393 240 358
241 394 241 358
242 396 242 358
243 398 243 358
244 399 244 358
245 401 245 358
246 402 246 358
247 404 247 358
248 406 248 358
249 407 249 358
250 409 250 358
251 411 251 358
252 412 252 359
253 414 253 359
254 416 254 359
255 417 255 359
256 419 256 359
257 421 257 359
259 422 259 359
260 424 260 359
261 426 261 359
262 427 262 359
263 429 263 359
264 431 264 360
265 432 265 360
266 434 266 360
267 435 267 360
268 437 268 360
269 439 269 360
270 440 270 360
271 442 271 360
272 444 272 360
273 445 273 360
274 447 274 361
275 449 275 361
276 450 276 361
277 452 277 361
278 454 278 361
279 455 279 361
280 457 280 361
281 459 281 361
282 460 282 361
283 462 283 362
284 463 284 362
285 465 285 362
286 467 286 362
287 468 287 362
288 470 288 362
289 472 289 362
290 473 290 363
291 475 291 363
292 477 292 363
293 478 293 363
294 480 294 363
295 482 295 363
296 483 296 363
297 485 297 364
298 487 298 364
299 488 299 364
300 490 300 364
302 491 302 364
303 493 303 364
304 495 304 365
305 496 305 365
306 498 306 365
307 500 307 365
308 501 308 365
309 503 309 365
310 505 310 366
311 506 311 366
312 508 312 366
313 509 313 366
314 511 314 366
315 513 315 366
316 514 316 366
317 516 317 367
318 518 318 367
319 519 319 367
320 521 320 367
321 523 321 367
322 524 322 368
323 526 323 368
324 528 324 368
325 529 325 368
326 531 326 368
327 532 327 369
328 534 328 369
329 536 329 369
330 537 330 369
331 539 331 369
332 541 332 370
333 542 333 370
334 544 334 370
335 546 335 370
336 547 336 370
337 549 337 371
338 550 338 371
339 552 339 371
340 554 340 371
341 555 341 371
342 557 342 372
343 559 343 372
345 560 345 372
346 562 346 372
347 564 347 373
348 565 348 373
349 567 349 373
350 568 350 373
351 570 351 373
352 572 352 374
353 573 353 374
354 575 354 374
355 577 355 374
356 578 356 375
357 580 357 375
358 581 358 375
359 583 359 375
360 585 360 376
361 586 361 376
362 588 362 376
363 590 363 376
364 591 364 377
365 593 365 377
366 594 366 377
367 596 367 377
368 598 368 378
369 599 369 378
370 601 370 378
371 603 371 378
372 604 372 379
373 606 373 379
374 608 374 379
375 609 375 379
376 611 376 380
377 612 377 380
378 614 378 380
379 616 379 381
380 617 380 381
381 619 381 381
382 621 382 381
383 622 383 382
384 624 384 382
385 625 385 382
386 627 386 383
388 629 388 383
389 630 389 383
390 632 390 383
391 634 391 384
392 635 392 384
393 637 393 384
394 638 394 385
395 640 395 385
396 642 396 385
397 643 397 385
398 645 398 386
399 646 399 386
400 648 400 386
401 650 401 387
402 651 402 387
403 653 403 387
404 655 404 388
405 656 405 388
406 658 406 388
407 659 407 388
408 661 408 389
409 663 409 389
410 664 410 389
411 666 411 390
412 668 412 390
413 669 413 390
414 671 414 391
415 672 415 391
416 674 416 391
417 676 417 392
418 677 418 392
419 679 419 393
420 680 420 393
421 682 421 393
422 684 422 394
423 685 423 394
424 687 424 394
425 689 425 395
426 690 426 395
427 692 427 395
428 693 428 395
429 695 429 396
430 697 430 396
432 698 432 397
433 700 433 397
434 701 434 397
435 703 435 398
436 705 436 398
437 706 437 398
438 708 438 399
439 709 439 399
440 711 440 399
441 713 441 400
442 714 442 400
443 716 443 401
444 718 444 401
445 719 445 401
446 721 446 402
447 722 447 402
448 724 448 402
449 726 449 403
450 727 450 403
451 729 451 404
452 730 452 404
453 732 453 404
454 734 454 405
455 735 455 405
456 737 456 406
457 738 457 406
458 740 458 406
459 742 459 407
460 743 460 407
461 745 461 408
462 746 462 408
463 748 463 408
464 750 464 409
465 751 465 409
466 753 466 410
467 754 467 410
468 756 468 410
469 758 469 411
470 759 470 411
471 761 471 412
472 762 472 412
473 764 473 412
475 766 475 413
476 767 476 413
477 769 477 414
478 770 478 414
479 772 479 414
480 774 480 415
481 775 481 415
482 777 482 416
483 778 483 416
484 780 484 417
485 782 485 417
486 783 486 417
487 785 487 418
488 786 488 418
489 788 489 419
490 790 490 419
491 791 491 420
492 793 492 420
493 794 493 420
494 796 494 421
495 798 495 421
496 799 496 422
497 801 497 422
498 802 498 423
499 804 499 423
500 806 500 424
501 807 501 424
502 809 502 425
503 810 503 425
504 812 504 425
505 813 505 426
506 815 506 426
507 817 507 427
508 818 508 427
509 820 509 428
510 821 510 428
511 823 511 429
512 825 512 429
513 826 513 429
514 828 514 430
515 829 515 430
516 831 516 431
518 833 518 432
519 834 519 432
520 836 520 432
521 837 521 433
522 839 522 433
523 840 523 434
524 842 524 434
525 844 525 435
526 845 526 435
527 847 527 436
528 848 528 436
529 850 529 437
530 852 530 437
531 853 531 438
532 855 532 438
533 856 533 439
534 858 534 439
535 859 535 440
536 861 536 440
537 863 537 441
538 864 538 441
539 866 539 442
540 867 540 442
541 869 541 443
542 871 542 443
543 872 543 444
544 874 544 444
545 875 545 445
546 877 546 445
547 878 547 446
548 880 548 446
549 882 549 447
550 883 550 447
551 885 551 448
552 886 552 448
553 888 553 449
554 889 554 449
555 891 555 450
556 893 556 451
557 894 557 451
558 896 558 452
559 897 559 452
561 899 561 453
562 900 562 453
563 902 563 454
564 904 564 454
565 905 565 455
566 907 566 455
567 908 567 456
568 910 568 456
569 911 569 457
570 913 570 457
571 915 571 458
572 916 572 459
573 918 573 459
574 919 574 460
575 921 575 460
576 922 576 461
577 924 577 461
578 926 578 462
579 927 579 462
580 929 580 463
581 930 581 463
582 932 582 464
583 933 583 465
584 935 584 465
585 936 585 466
586 938 586 466
587 940 587 467
588 941 588 467
589 943 589 468
590 944 590 469
591 946 591 469
592 947 592 470
593 949 593 470
594 951 594 471
595 952 595 471
596 954 596 472
597 955 597 473
598 957 598 473
599 958 599 474
600 960 600 474
601 961 601 475
602 963 602 476
604 965 604 476
605 966 605 477
606 968 606 478
607 969 607 478
608 971 608 479
609 972 609 479
610 974 610 480
611 975 611 480
612 977 612 481
613 979 613 482
614 980 614 482
615 982 615 483
616 983 616 483
617 985 617 484
618 986 618 484
619 988 619 485
620 989 620 486
621 991 621 486
622 993 622 487
623 994 623 488
624 996 624 488
625 997 625 489
626 999 626 490
627 1000 627 490
628 1002 628 491
629 1003 629 491
630 1005 630 492
631 1006 631 492
632 1008 632 493
633 1010 633 494
634 1011 634 494
635 1013 635 495
636 1014 636 496
637 1016 637 496
638 1017 638 497
639 1019 639 498
640 1020 640 498
641 1022 641 499
642 1023 642 499
643 1025 643 500
644 1027 644 501
645 1028 645 501
647 1030 647 502
648 1031 648 503
649 1033 649 504
650 1034 650 504
651 1036 651 505
652 1037 652 505
653 1039 653 506
654 1040 654 506
655 1042 655 507
656 1043 656 508
657 1045 657 509
658 1046 658 509
659 1048 659 510
660 1050 660 511
661 1051 661 511
662 1053 662 512
663 1054 663 512
664 1056 664 513
665 1057 665 514
666 1059 666 515
667 1060 667 515
668 1062 668 516
669 1063 669 516
670 1065 670 517
671 1066 671 518
672 1068 672 519
673 1069 673 519
674 1071 674 520
675 1073 675 521
676 1074 676 521
677 1076 677 522
678 1077 678 523
679 1079 679 523
680 1080 680 524
681 1082 681 525
682 1083 682 525
683 1085 683 526
684 1086 684 527
685 1088 685 528
686 1089 686 528
687 1091 687 529
688 1092 688 529
690 1094 690 530
691 1095 691 531
692 1097 692 532
693 1098 693 532
694 1100 694 533
695 1101 695 533
696 1103 696 534
697 1105 697 535
698 1106 698 536
699 1108 699 537
700 1109 700 537
701 1111 701 538
702 1112 702 539
703 1114 703 539
704 1115 704 540
705 1117 705 541
706 1118 706 541
707 1120 707 542
708 1121 708 543
709 1123 709 544
710 1124 710 544
711 1126 711 545
712 1127 712 546
713 1129 713 547
714 1130 714 547
715 1132 715 548
716 1133 716 549
717 1135 717 549
718 1136 718 550
719 1138 719 551
720 1139 720 551
721 1141 721 552
722 1142 722 553
723 1144 723 554
724 1145 724 554
725 1147 725 555
726 1148 726 556
727 1150 727 557
728 1151 728 557
729 1153 729 558
730 1154 730 559
731 1156 731 560
733 1157 733 560
734 1159 734 561
735 1160 735 562
736 1162 736 563
737 1163 737 563
738 1165 738 564
739 1166 739 565
740 1168 740 566
741 1169 741 566
742 1171 742 567
743 1172 743 568
744 1174 744 569
745 1175 745 569
746 1177 746 570
747 1178 747 571
748 1180 748 572
749 1181 749 572
750 1183 750 573
751 1184 751 574
752 1186 752 575
753 1187 753 575
754 1189 754 576
755 1190 755 577
756 1192 756 578
757 1193 757 578
758 1195 758 579
759 1196 759 580
760 1198 760 581
761 1199 761 581
762 1201 762 583
763 1202 763 583
764 1204 764 584
765 1205 765 585
766 1207 766 586
767 1208 767 586
768 1210 768 587
769 1211 769 588
770 1213 770 589
771 1214 771 589
772 1216 772 590
773 1217 773 591
774 1219 774 592
776 1220 776 593
777 1222 777 594
778 1223 778 594
779 1225 779 595
780 1226 780 596
781 1228 781 597
782 1229 782 597
783 1231 783 598
784 1232 784 599
785 1234 785 600
786 1235 786 601
787 1237 787 602
788 1238 788 602
789 1239 789 603
790 1241 790 604
791 1242 791 604
792 1244 792 605
793 1245 793 606
794 1247 794 607
795 1248 795 608
796 1250 796 609
797 1251 797 609
798 1253 798 610
799 1254 799 611
800 1256 800 612
801 1257 801 613
802 1259 802 614
803 1260 803 614
804 1262 804 615
805 1263 805 616
806 1265 806 617
807 1266 807 618
808 1267 808 618
809 1269 809 619
810 1270 810 620
811 1272 811 621
812 1273 812 622
813 1275 813 623
814 1276 814 623
815 1278 815 624
816 1279 816 625
817 1281 817 626
818 1282 818 627
820 1284 820 628
821 1285 821 628
822 1287 822 630
823 1288 823 630
824 1289 824 631
825 1291 825 632
826 1292 826 632
827 1294 827 634
828 1295 828 634
829 1297 829 635
830 1298 830 636
831 1300 831 637
832 1301 832 638
833 1303 833 639
834 1304 834 639
835 1306 835 640
836 1307 836 641
837 1308 837 642
838 1310 838 643
839 1311 839 643
840 1313 840 645
841 1314 841 645
842 1316 842 646
843 1317 843 647
844 1319 844 648
845 1320 845 649
846 1322 846 650
847 1323 847 650
848 1324 848 651
849 1326 849 652
850 1327 850 653
851 1329 851 654
852 1330 852 655
853 1332 853 656
854 1333 854 656
855 1335 855 658
856 1336 856 658
857 1337 857 659
858 1339 858 660
859 1340 859 661
860 1342 860 662
861 1343 861 662
863 1345 863 664
864 1346 864 664
865 1348 865 666
866 1349 866 666
867 1350 867 667
868 1352 868 668
869 1353 869 669
870 1355 870 670
871 1356 871 670
872 1358 872 672
873 1359 873 672
874 1360 874 673
875 1362 875 674
876 1363 876 675
877 1365 877 676
878 1366 878 677
879 1368 879 678
880 1369 880 678
881 1371 881 680
882 1372 882 680
883 1373 883 681
884 1375 884 682
885 1376 885 683
886 1378 886 684
887 1379 887 685
888 1381 888 686
889 1382 889 687
890 1383 890 687
891 1385 891 688
892 1386 892 689
893 1388 893 690
894 1389 894 691
895 1391 895 692
896 1392 896 693
897 1393 897 694
898 1395 898 695
899 1396 899 695
900 1398 900 697
901 1399 901 697
902 1401 902 699
903 1402 903 699
904 1403 904 700
906 1405 906 701
907 1406 907 702
908 1408 908 703
909 1409 909 704
910 1410 910 704
911 1412 911 706
912 1413 912 706
913 1415 913 708
914 1416 914 708
915 1418 915 710
916 1419 916 710
917 1420 917 711
918 1422 918 712
919 1423 919 713
920 1425 920 714
921 1426 921 715
922 1427 922 715
923 1429 923 717
924 1430 924 717
925 1432 925 719
926 1433 926 719
927 1435 927 721
928 1436 928 721
929 1437 929 722
930 1439 930 723
931 1440 931 724
932 1442 932 725
933 1443 933 726
934 1444 934 727
935 1446 935 728
936 1447 936 729
937 1449 937 730
938 1450 938 731
939 1451 939 731
940 1453 940 733
941 1454 941 733
942 1456 942 735
943 1457 943 735
944 1458 944 736
945 1460 945 737
946 1461 946 738
947 1463 947 740
949 1464 949 740
950 1465 950 741
951 1467 951 742
952 1468 952 743
953 1470 953 744
954 1471 954 745
955 1472 955 746
956 1474 956 747
957 1475 957 748
958 1477 958 749
959 1478 959 750
960 1479 960 750
961 1481 961 752
962 1482 962 752
963 1484 963 754
964 1485 964 755
965 1486 965 755
966 1488 966 757
967 1489 967 757
968 1490 968 758
969 1492 969 759
970 1493 970 760
971 1495 971 762
972 1496 972 762
973 1497 973 763
974 1499 974 764
975 1500 975 765
976 1502 976 766
977 1503 977 767
978 1504 978 768
979 1506 979 769
980 1507 980 770
981 1509 981 771
982 1510 982 772
983 1511 983 773
984 1513 984 774
985 1514 985 775
986 1515 986 776
987 1517 987 777
988 1518 988 778
989 1520 989 779
990 1521 990 780
992 1522 992 781
993 1524 993 782
994 1525 994 783
995 1526 995 783
996 1528 996 785
997 1529 997 786
998 1531 998 787
999 1532 999 788
1000 1533 1000 788
1001 1535 1001 790
1002 1536 1002 791
1003 1537 1003 791
1004 1539 1004 793
1005 1540 1005 793
1006 1541 1006 794
1007 1543 1007 796
1008 1544 1008 796
1009 1546 1009 798
1010 1547 1010 799
1011 1548 1011 799
1012 1550 1012 801
1013 1551 1013 801
1014 1552 1014 802
1015 1554 1015 804
1016 1555 1016 804
1017 1556 1017 805
1018 1558 1018 807
1019 1559 1019 807
1020 1561 1020 809
1021 1562 1021 810
1022 1563 1022 810
1023 1565 1023 812
1024 1566 1024 813
1025 1567 1025 813
1026 1569 1026 815
1027 1570 1027 815
1028 1571 1028 816
1029 1573 1029 818
1030 1574 1030 818
1031 1575 1031 819
1032 1577 1032 821
1033 1578 1033 821
1035 1580 1035 823
1036 1581 1036 824
1037 1582 1037 824
1038 1584 1038 826
1039 1585 1039 827
1040 1586 1040 827
1041 1588 1041 829
1042 1589 1042 830
1043 1590 1043 830
1044 1592 1044 832
1045 1593 1045 833
1046 1594 1046 833
1047 1596 1047 835
1048 1597 1048 836
1049 1598 1049 836
1050 1600 1050 838
1051 1601 1051 839
1052 1602 1052 840
1053 1604 1053 841
1054 1605 1054 842
1055 1606 1055 843
1056 1608 1056 844
1057 1609 1057 845
1058 1610 1058 846
1059 1612 1059 847
1060 1613 1060 848
1061 1614 1061 849
1062 1616 1062 850
1063 1617 1063 851
1064 1619 1064 853
1065 1620 1065 853
1066 1621 1066 854
1067 1623 1067 856
1068 1624 1068 856
1069 1625 1069 857
1070 1627 1070 859
1071 1628 1071 860
1072 1629 1072 860
1073 1630 1073 861
1074 1632 1074 863
1075 1633 1075 863
1076 1634 1076 864
1078 1636 1078 866
1079 1637 1079 867
1080 1638 1080 867
1081 1640 1081 869
1082 1641 1082 870
1083 1642 1083 870
1084 1644 1084 872
1085 1645 1085 873
1086 1646 1086 874
1087 1648 1087 875
1088 1649 1088 876
1089 1650 1089 877
1090 1652 1090 878
1091 1653 1091 879
1092 1654 1092 880
1093 1656 1093 882
1094 1657 1094 882
1095 1658 1095 883
1096 1660 1096 885
1097 1661 1097 885
1098 1662 1098 886
1099 1664 1099 888
1100 1665 1100 889
1101 1666 1101 889
1102 1667 1102 890
1103 1669 1103 892
1104 1670 1104 893
1105 1671 1105 893
1106 1673 1106 895
1107 1674 1107 896
1108 1675 1108 897
1109 1677 1109 898
1110 1678 1110 899
1111 1679 1111 900
1112 1681 1112 902
1113 1682 1113 902
1114 1683 1114 903
1115 1684 1115 904
1116 1686 1116 906
1117 1687 1117 906
1118 1688 1118 907
1119 1690 1119 909
1121 1691 1121 910
1122 1692 1122 910
1123 1694 1123 912
1124 1695 1124 913
1125 1696 1125 914
1126 1698 1126 915
1127 1699 1127 916
1128 1700 1128 917
1129 1701 1129 918
1130 1703 1130 919
1131 1704 1131 920
1132 1705 1132 921
1133 1707 1133 923
1134 1708 1134 924
1135 1709 1135 924
1136 1710 1136 925
1137 1712 1137 927
1138 1713 1138 928
1139 1714 1139 929
1140 1716 1140 930
1141 1717 1141 931
1142 1718 1142 932
1143 1720 1143 934
1144 1721 1144 934
1145 1722 1145 935
1146 1723 1146 936
1147 1725 1147 938
1148 1726 1148 939
1149 1727 1149 939
1150 1729 1150 941
1151 1730 1151 942
1152 1731 1152 943
1153 1732 1153 944
1154 1734 1154 945
1155 1735 1155 946
1156 1736 1156 947
1157 1737 1157 948
1158 1739 1158 949
1159 1740 1159 950
1160 1741 1160 951
1161 1743 1161 953
1162 1744 1162 954
1164 1745 1164 955
1165 1746 1165 955
1166 1748 1166 957
1167 1749 1167 958
1168 1750 1168 959
1169 1752 1169 960
1170 1753 1170 961
1171 1754 1171 962
1172 1755 1172 963
1173 1757 1173 965
1174 1758 1174 966
1175 1759 1175 966
1176 1760 1176 967
1177 1762 1177 969
1178 1763 1178 970
1179 1764 1179 971
1180 1766 1180 972
1181 1767 1181 973
1182 1768 1182 974
1183 1769 1183 975
1184 1771 1184 977
1185 1772 1185 978
1186 1773 1186 978
1187 1774 1187 979
1188 1776 1188 981
1189 1777 1189 982
1190 1778 1190 983
1191 1779 1191 984
1192 1781 1192 985
1193 1782 1193 986
1194 1783 1194 987
1195 1784 1195 988
1196 1786 1196 990
1197 1787 1197 991
1198 1788 1198 991
1199 1789 1199 992
1200 1791 1200 994
1201 1792 1201 995
1202 1793 1202 996
1203 1794 1203 997
1204 1796 1204 998
1205 1797 1205 999
1207 1798 1207 1000
1208 1799 1208 1001
1209 1801 1209 1003
1210 1802 1210 1004
1211 1803 1211 1005
1212 1804 1212 1006
1213 1806 1213 1007
1214 1807 1214 1008
1215 1808 1215 1009
1216 1809 1216 1010
1217 1811 1217 1012
1218 1812 1218 1013
1219 1813 1219 1013
1220 1814 1220 1014
1221 1816 1221 1016
1222 1817 1222 1017
1223 1818 1223 1018
1224 1819 1224 1019
1225 1821 1225 1021
1226 1822 1226 1022
1227 1823 1227 1022
1228 1824 1228 1023
1229 1826 1229 1025
1230 1827 1230 1026
1231 1828 1231 1027
1232 1829 1232 1028
1233 1831 1233 1030
1234 1832 1234 1030
1235 1833 1235 1031
1236 1834 1236 1032
1237 1835 1237 1033
1238 1837 1238 1035
1239 1838 1239 1036
1240 1839 1240 1037
1241 1840 1241 1038
1242 1842 1242 1039
1243 1843 1243 1040
1244 1844 1244 1041
1245 1845 1245 1042
1246 1847 1246 1044
1247 1848 1247 1045
1248 1849 1248 1046
1249 1850 1249 1047
1251 1851 1251 1048
1252 1853 1252 1049
1253 1854 1253 1050
1254 1855 1254 1051
1255 1856 1255 1052
1256 1858 1256 1054
1257 1859 1257 1055
1258 1860 1258 1056
1259 1861 1259 1057
1260 1862 1260 1058
1261 1864 1261 1060
1262 1865 1262 1060
1263 1866 1263 1061
1264 1867 1264 1062
1265 1868 1265 1063
1266 1870 1266 1065
1267 1871 1267 1066
1268 1872 1268 1067
1269 1873 1269 1068
1270 1875 1270 1070
1271 1876 1271 1071
1272 1877 1272 1072
1273 1878 1273 1072
1274 1879 1274 1073
1275 1881 1275 1075
1276 1882 1276 1076
1277 1883 1277 1077
1278 1884 1278 1078
1279 1885 1279 1079
1280 1887 1280 1081
1281 1888 1281 1082
1282 1889 1282 1083
1283 1890 1283 1084
1284 1891 1284 1085
1285 1893 1285 1086
1286 1894 1286 1087
1287 1895 1287 1088
1288 1896 1288 1089
1289 1897 1289 1090
1290 1899 1290 1092
1291 1900 1291 1093
1292 1901 1292 1094
1294 1902 1294 1095
1295 1903 1295 1096
1296 1905 1296 1098
1297 1906 1297 1099
1298 1907 1298 1100
1299 1908 1299 1101
1300 1909 1300 1101
1301 1911 1301 1103
1302 1912 1302 1104
1303 1913 1303 1105
1304 1914 1304 1106
1305 1915 1305 1107
1306 1917 1306 1109
1307 1918 1307 1110
1308 1919 1308 1111
1309 1920 1309 1112
1310 1921 1310 1113
1311 1922 1311 1114
1312 1924 1312 1116
1313 1925 1313 1117
1314 1926 1314 1118
1315 1927 1315 1119
1316 1928 1316 1120
1317 1930 1317 1121
1318 1931 1318 1122
1319 1932 1319 1123
1320 1933 1320 1124
1321 1934 1321 1125
1322 1935 1322 1126
1323 1937 1323 1128
1324 1938 1324 1129
1325 1939 1325 1130
1326 1940 1326 1131
1327 1941 1327 1132
1328 1943 1328 1134
1329 1944 1329 1135
1330 1945 1330 1136
1331 1946 1331 1137
1332 1947 1332 1138
1333 1948 1333 1139
1334 1950 1334 1141
1335 1951 1335 1142
1337 1952 1337 1143
1338 1953 1338 1144
1339 1954 1339 1145
1340 1955 1340 1146
1341 1957 1341 1148
1342 1958 1342 1149
1343 1959 1343 1150
1344 1960 1344 1150
1345 1961 1345 1151
1346 1962 1346 1152
1347 1964 1347 1154
1348 1965 1348 1155
1349 1966 1349 1156
1350 1967 1350 1157
1351 1968 1351 1158
1352 1969 1352 1159
1353 1970 1353 1160
1354 1972 1354 1162
1355 1973 1355 1163
1356 1974 1356 1164
1357 1975 1357 1165
1358 1976 1358 1166
1359 1977 1359 1167
1360 1979 1360 1169
1361 1980 1361 1170
1362 1981 1362 1171
1363 1982 1363 1172
1364 1983 1364 1173
1365 1984 1365 1174
1366 1985 1366 1175
1367 1987 1367 1177
1368 1988 1368 1178
1369 1989 1369 1179
1370 1990 1370 1180
1371 1991 1371 1181
1372 1992 1372 1182
1373 1994 1373 1184
1374 1995 1374 1185
1375 1996 1375 1186
1376 1997 1376 1187
1377 1998 1377 1188
1378 1999 1378 1189
1380 2000 1380 1190
1381 2002 1381 1192
1382 2003 1382 1193
1383 2004 1383 1194
1384 2005 1384 1195
1385 2006 1385 1196
1386 2007 1386 1197
1387 2008 1387 1198
1388 2010 1388 1200
1389 2011 1389 1201
1390 2012 1390 1202
1391 2013 1391 1203
1392 2014 1392 1204
1393 2015 1393 1205
1394 2016 1394 1206
1395 2017 1395 1207
1396 2019 1396 1209
1397 2020 1397 1210
1398 2021 1398 1211
1399 2022 1399 1212
1400 2023 1400 1213
1401 2024 1401 1214
1402 2025 1402 1215
1403 2026 1403 1216
1404 2028 1404 1218
1405 2029 1405 1219
1406 2030 1406 1220
1407 2031 1407 1221
1408 2032 1408 1222
1409 2033 1409 1223
1410 2034 1410 1224
1411 2035 1411 1225
1412 2037 1412 1227
1413 2038 1413 1228
1414 2039 1414 1229
1415 2040 1415 1230
1416 2041 1416 1232
1417 2042 1417 1233
1418 2043 1418 1234
1419 2044 1419 1235
1420 2046 1420 1237
1421 2047 1421 1238
1423 2048 1423 1239
1424 2049 1424 1240
1425 2050 1425 1241
1426 2051 1426 1242
1427 2052 1427 1243
1428 2053 1428 1244
1429 2054 1429 1245
1430 2056 1430 1247
1431 2057 1431 1248
1432 2058 1432 1249
1433 2059 1433 1250
1434 2060 1434 1251
1435 2061 1435 1252
1436 2062 1436 1253
1437 2063 1437 1254
1438 2064 1438 1255
1439 2065 1439 1256
1440 2067 1440 1258
1441 2068 1441 1259
1442 2069 1442 1260
1443 2070 1443 1261
1444 2071 1444 1263
1445 2072 1445 1264
1446 2073 1446 1265
1447 2074 1447 1266
1448 2075 1448 1267
1449 2076 1449 1268
1450 2078 1450 1270
1451 2079 1451 1271
1452 2080 1452 1272
1453 2081 1453 1273
1454 2082 1454 1274
1455 2083 1455 1275
1456 2084 1456 1276
1457 2085 1457 1277
1458 2086 1458 1278
1459 2087 1459 1279
1460 2089 1460 1281
1461 2090 1461 1282
1462 2091 1462 1283
1463 2092 1463 1285
1464 2093 1464 1286
1466 2094 1466 1287
1467 2095 1467 1288
1468 2096 1468 1289
1469 2097 1469 1290
1470 2098 1470 1291
1471 2099 1471 1292
1472 2100 1472 1293
1473 2102 1473 1295
1474 2103 1474 1296
1475 2104 1475 1297
1476 2105 1476 1298
1477 2106 1477 1299
1478 2107 1478 1300
1479 2108 1479 1301
1480 2109 1480 1303
1481 2110 1481 1304
1482 2111 1482 1305
1483 2112 1483 1306
1484 2113 1484 1307
1485 2114 1485 1308
1486 2116 1486 1310
1487 2117 1487 1311
1488 2118 1488 1312
1489 2119 1489 1313
1490 2120 1490 1314
1491 2121 1491 1315
1492 2122 1492 1316
1493 2123 1493 1318
1494 2124 1494 1319
1495 2125 1495 1320
1496 2126 1496 1321
1497 2127 1497 1322
1498 2128 1498 1323
1499 2129 1499 1324
1500 2130 1500 1325
1501 2132 1501 1327
1502 2133 1502 1328
1503 2134 1503 1329
1504 2135 1504 1330
1505 2136 1505 1332
1506 2137 1506 1333
1507 2138 1507 1334
1509 2139 1509 1335
1510 2140 1510 1336
1511 2141 1511 1337
1512 2142 1512 1338
1513 2143 1513 1339
1514 2144 1514 1340
1515 2145 1515 1341
1516 2146 1516 1342
1517 2147 1517 1343
1518 2148 1518 1345
1519 2149 1519 1346
1520 2151 1520 1348
1521 2152 1521 1349
1522 2153 1522 1350
1523 2154 1523 1351
1524 2155 1524 1352
1525 2156 1525 1353
1526 2157 1526 1354
1527 2158 1527 1355
1528 2159 1528 1357
1529 2160 1529 1358
1530 2161 1530 1359
1531 2162 1531 1360
1532 2163 1532 1361
1533 2164 1533 1362
1534 2165 1534 1363
1535 2166 1535 1364
1536 2167 1536 1365
1537 2168 1537 1366
1538 2169 1538 1368
1539 2170 1539 1369
1540 2171 1540 1370
1541 2172 1541 1371
1542 2173 1542 1372
1543 2175 1543 1374
1544 2176 1544 1375
1545 2177 1545 1376
1546 2178 1546 1378
1547 2179 1547 1379
1548 2180 1548 1380
1549 2181 1549 1381
1550 2182 1550 1382
1552 2183 1552 1383
1553 2184 1553 1384
1554 2185 1554 1385
1555 2186 1555 1386
1556 2187 1556 1387
1557 2188 1557 1389
1558 2189 1558 1390
1559 2190 1559 1391
1560 2191 1560 1392
1561 2192 1561 1393
1562 2193 1562 1394
1563 2194 1563 1395
1564 2195 1564 1396
1565 2196 1565 1398
1566 2197 1566 1399
1567 2198 1567 1400
1568 2199 1568 1401
1569 2200 1569 1402
1570 2201 1570 1403
1571 2202 1571 1404
1572 2203 1572 1405
1573 2204 1573 1406
1574 2205 1574 1408
1575 2206 1575 1409
1576 2207 1576 1410
1577 2208 1577 1411
1578 2209 1578 1412
1579 2210 1579 1413
1580 2211 1580 1414
1581 2212 1581 1415
1582 2213 1582 1417
1583 2214 1583 1418
1584 2215 1584 1419
1585 2216 1585 1420
1586 2217 1586 1421
1587 2218 1587 1422
1588 2219 1588 1423
1589 2220 1589 1425
1590 2221 1590 1426
1591 2222 1591 1427
1592 2223 1592 1428
1593 2224 1593 1429
1595 2225 1595 1430
1596 2226 1596 1431
1597 2227 1597 1432
1598 2228 1598 1434
1599 2229 1599 1435
1600 2230 1600 1436
1601 2231 1601 1437
1602 2232 1602 1438
1603 2233 1603 1439
1604 2234 1604 1440
1605 2235 1605 1442
1606 2236 1606 1443
1607 2237 1607 1444
1608 2238 1608 1445
1609 2239 1609 1446
1610 2240 1610 1447
1611 2241 1611 1448
1612 2242 1612 1450
1613 2243 1613 1451
1614 2244 1614 1452
1615 2245 1615 1453
1616 2246 1616 1454
1617 2247 1617 1455
1618 2248 1618 1456
1619 2249 1619 1458
1620 2250 1620 1459
1621 2251 1621 1460
1622 2252 1622 1461
1623 2253 1623 1462
1624 2254 1624 1463
1625 2255 1625 1465
1626 2256 1626 1466
1627 2257 1627 1467
1628 2258 1628 1468
1629 2259 1629 1469
1630 2260 1630 1470
1631 2261 1631 1471
1632 2262 1632 1473
1633 2263 1633 1474
1634 2264 1634 1475
1635 2265 1635 1476
1636 2266 1636 1477
1637 2267 1637 1478
1639 2268 1639 1480
1640 2269 1640 1481
1641 2270 1641 1482
1642 2271 1642 1483
1643 2272 1643 1484
1644 2273 1644 1485
1645 2274 1645 1487
1646 2275 1646 1488
1647 2276 1647 1489
1648 2277 1648 1490
1649 2278 1649 1491
1650 2279 1650 1492
1651 2279 1651 1492
1652 2280 1652 1494
1653 2281 1653 1495
1654 2282 1654 1496
1655 2283 1655 1497
1656 2284 1656 1498
1657 2285 1657 1499
1658 2286 1658 1501
1659 2287 1659 1502
1660 2288 1660 1503
1661 2289 1661 1504
1662 2290 1662 1505
1663 2291 1663 1506
1664 2292 1664 1508
1665 2293 1665 1509
1666 2294 1666 1510
1667 2295 1667 1511
1668 2296 1668 1512
1669 2297 1669 1513
1670 2298 1670 1515
1671 2299 1671 1516
1672 2300 1672 1517
1673 2301 1673 1518
1674 2302 1674 1519
1675 2302 1675 1519
1676 2303 1676 1521
1677 2304 1677 1522
1678 2305 1678 1523
1679 2306 1679 1524
1680 2307 1680 1525
1682 2308 1682 1526
1683 2309 1683 1528
1684 2310 1684 1529
1685 2311 1685 1530
1686 2312 1686 1531
1687 2313 1687 1532
1688 2314 1688 1534
1689 2315 1689 1535
1690 2316 1690 1536
1691 2317 1691 1537
1692 2318 1692 1538
1693 2318 1693 1538
1694 2319 1694 1540
1695 2320 1695 1541
1696 2321 1696 1542
1697 2322 1697 1543
1698 2323 1698 1544
1699 2324 1699 1545
1700 2325 1700 1547
1701 2326 1701 1548
1702 2327 1702 1549
1703 2328 1703 1550
1704 2329 1704 1551
1705 2330 1705 1553
1706 2331 1706 1554
1707 2332 1707 1555
1708 2332 1708 1555
1709 2333 1709 1556
1710 2334 1710 1557
1711 2335 1711 1559
1712 2336 1712 1560
1713 2337 1713 1561
1714 2338 1714 1562
1715 2339 1715 1563
1716 2340 1716 1565
1717 2341 1717 1566
1718 2342 1718 1567
1719 2343 1719 1568
1720 2344 1720 1570
1721 2344 1721 1570
1722 2345 1722 1571
1723 2346 1723 1572
1725 2347 1725 1573
1726 2348 1726 1574
1727 2349 1727 1576
1728 2350 1728 1577
1729 2351 1729 1578
1730 2352 1730 1579
1731 2353 1731 1580
1732 2354 1732 1582
1733 2355 1733 1583
1734 2355 1734 1583
1735 2356 1735 1584
1736 2357 1736 1585
1737 2358 1737 1586
1738 2359 1738 1588
1739 2360 1739 1589
1740 2361 1740 1590
1741 2362 1741 1591
1742 2363 1742 1593
1743 2364 1743 1594
1744 2365 1744 1595
1745 2365 1745 1595
1746 2366 1746 1596
1747 2367 1747 1597
1748 2368 1748 1599
1749 2369 1749 1600
1750 2370 1750 1601
1751 2371 1751 1602
1752 2372 1752 1604
1753 2373 1753 1605
1754 2374 1754 1606
1755 2374 1755 1606
1756 2375 1756 1607
1757 2376 1757 1608
1758 2377 1758 1610
1759 2378 1759 1611
1760 2379 1760 1612
1761 2380 1761 1613
1762 2381 1762 1615
1763 2382 1763 1616
1764 2382 1764 1616
1765 2383 1765 1617
1766 2384 1766 1618
1768 2385 1768 1619
1769 2386 1769 1621
1770 2387 1770 1622
1771 2388 1771 1623
1772 2389 1772 1624
1773 2390 1773 1626
1774 2390 1774 1626
1775 2391 1775 1627
1776 2392 1776 1628
1777 2393 1777 1629
1778 2394 1778 1631
1779 2395 1779 1632
1780 2396 1780 1633
1781 2397 1781 1634
1782 2398 1782 1636
1783 2398 1783 1636
1784 2399 1784 1637
1785 2400 1785 1638
1786 2401 1786 1639
1787 2402 1787 1640
1788 2403 1788 1642
1789 2404 1789 1643
1790 2405 1790 1644
1791 2405 1791 1644
1792 2406 1792 1645
1793 2407 1793 1647
1794 2408 1794 1648
1795 2409 1795 1649
1796 2410 1796 1650
1797 2411 1797 1652
1798 2412 1798 1653
1799 2412 1799 1653
1800 2413 1800 1654
1801 2414 1801 1655
1802 2415 1802 1657
1803 2416 1803 1658
1804 2417 1804 1659
1805 2418 1805 1660
1806 2418 1806 1660
1807 2419 1807 1662
1808 2420 1808 1663
1809 2421 1809 1664
1811 2422 1811 1665
1812 2423 1812 1667
1813 2424 1813 1668
1814 2424 1814 1668
1815 2425 1815 1669
1816 2426 1816 1670
1817 2427 1817 1672
1818 2428 1818 1673
1819 2429 1819 1674
1820 2430 1820 1675
1821 2430 1821 1675
1822 2431 1822 1677
1823 2432 1823 1678
1824 2433 1824 1679
1825 2434 1825 1681
1826 2435 1826 1682
1827 2436 1827 1683
1828 2436 1828 1683
1829 2437 1829 1684
1830 2438 1830 1686
1831 2439 1831 1687
1832 2440 1832 1688
1833 2441 1833 1689
1834 2442 1834 1691
1835 2442 1835 1691
1836 2443 1836 1692
1837 2444 1837 1693
1838 2445 1838 1694
1839 2446 1839 1696
1840 2447 1840 1697
1841 2447 1841 1697
1842 2448 1842 1698
1843 2449 1843 1699
1844 2450 1844 1701
1845 2451 1845 1702
1846 2452 1846 1703
1847 2452 1847 1703
1848 2453 1848 1705
1849 2454 1849 1706
1850 2455 1850 1707
1851 2456 1851 1708
1852 2457 1852 1710
1854 2458 1854 1711
1855 2458 1855 1711
1856 2459 1856 1712
1857 2460 1857 1713
1858 2461 1858 1715
1859 2462 1859 1716
1860 2462 1860 1716
1861 2463 1861 1717
1862 2464 1862 1719
1863 2465 1863 1720
1864 2466 1864 1721
1865 2467 1865 1722
1866 2467 1866 1722
1867 2468 1867 1724
1868 2469 1868 1725
1869 2470 1869 1726
1870 2471 1870 1728
1871 2472 1871 1729
1872 2472 1872 1729
1873 2473 1873 1730
1874 2474 1874 1731
1875 2475 1875 1733
1876 2476 1876 1734
1877 2477 1877 1735
1878 2477 1878 1735
1879 2478 1879 1737
1880 2479 1880 1738
1881 2480 1881 1739
1882 2481 1882 1740
1883 2481 1883 1740
1884 2482 1884 1742
1885 2483 1885 1743
1886 2484 1886 1744
1887 2485 1887 1746
1888 2485 1888 1746
1889 2486 1889 1747
1890 2487 1890 1748
1891 2488 1891 1749
1892 2489 1892 1751
1893 2490 1893 1752
1894 2490 1894 1752
1895 2491 1895 1753
1897 2492 1897 1755
1898 2493 1898 1756
1899 2494 1899 1757
1900 2494 1900 1757
1901 2495 1901 1759
1902 2496 1902 1760
1903 2497 1903 1761
1904 2498 1904 1762
1905 2498 1905 1762
1906 2499 1906 1764
1907 2500 1907 1765
1908 2501 1908 1766
1909 2502 1909 1768
1910 2502 1910 1768
1911 2503 1911 1769
1912 2504 1912 1770
1913 2505 1913 1772
1914 2506 1914 1773
1915 2506 1915 1773
1916 2507 1916 1774
1917 2508 1917 1775
1918 2509 1918 1777
1919 2510 1919 1778
1920 2510 1920 1778
1921 2511 1921 1779
1922 2512 1922 1781
1923 2513 1923 1782
1924 2514 1924 1783
1925 2514 1925 1783
1926 2515 1926 1785
1927 2516 1927 1786
1928 2517 1928 1787
1929 2517 1929 1787
1930 2518 1930 1788
1931 2519 1931 1790
1932 2520 1932 1791
1933 2521 1933 1792
1934 2521 1934 1792
1935 2522 1935 1794
1936 2523 1936 1795
1937 2524 1937 1796
1938 2525 1938 1798
1940 2525 1940 1798
1941 2526 1941 1799
1942 2527 1942 1800
1943 2528 1943 1802
1944 2528 1944 1802
1945 2529 1945 1803
1946 2530 1946 1804
1947 2531 1947 1806
1948 2532 1948 1807
1949 2532 1949 1807
1950 2533 1950 1808
1951 2534 1951 1810
1952 2535 1952 1811
1953 2535 1953 1811
1954 2536 1954 1812
1955 2537 1955 1814
1956 2538 1956 1815
1957 2539 1957 1816
1958 2539 1958 1816
1959 2540 1959 1817
1960 2541 1960 1819
1961 2542 1961 1820
1962 2542 1962 1820
1963 2543 1963 1821
1964 2544 1964 1823
1965 2545 1965 1824
1966 2545 1966 1824
1967 2546 1967 1825
1968 2547 1968 1827
1969 2548 1969 1828
1970 2548 1970 1828
1971 2549 1971 1829
1972 2550 1972 1831
1973 2551 1973 1832
1974 2552 1974 1833
1975 2552 1975 1833
1976 2553 1976 1835
1977 2554 1977 1836
1978 2555 1978 1837
1979 2555 1979 1837
1980 2556 1980 1839
1981 2557 1981 1840
1983 2558 1983 1841
1984 2558 1984 1841
1985 2559 1985 1843
1986 2560 1986 1844
1987 2561 1987 1845
1988 2561 1988 1845
1989 2562 1989 1847
1990 2563 1990 1848
1991 2564 1991 1849
1992 2564 1992 1849
1993 2565 1993 1851
1994 2566 1994 1852
1995 2567 1995 1853
1996 2567 1996 1853
1997 2568 1997 1855
1998 2569 1998 1856
1999 2570 1999 1857
2000 2570 2000 1857
2001 2571 2001 1859
2002 2572 2002 1860
2003 2573 2003 1861
2004 2573 2004 1861
2005 2574 2005 1863
2006 2575 2006 1864
2007 2576 2007 1866
2008 2576 2008 1866
2009 2577 2009 1867
2010 2578 2010 1868
2011 2578 2011 1868
2012 2579 2012 1870
2013 2580 2013 1871
2014 2581 2014 1872
2015 2581 2015 1872
2016 2582 2016 1874
2017 2583 2017 1875
2018 2584 2018 1876
2019 2584 2019 1876
2020 2585 2020 1878
2021 2586 2021 1879
2022 2587 2022 1880
2023 2587 2023 1880
2024 2588 2024 1882
2026 2589 2026 1883
2027 2589 2027 1883
2028 2590 2028 1884
2029 2591 2029 1886
2030 2592 2030 1887
2031 2592 2031 1887
2032 2593 2032 1888
2033 2594 2033 1890
2034 2595 2034 1891
2035 2595 2035 1891
2036 2596 2036 1893
2037 2597 2037 1894
2038 2597 2038 1894
2039 2598 2039 1895
2040 2599 2040 1897
2041 2600 2041 1898
2042 2600 2042 1898
2043 2601 2043 1899
2044 2602 2044 1901
2045 2602 2045 1901
2046 2603 2046 1902
2047 2604 2047 1903
2048 2605 2048 1905
2049 2605 2049 1905
2050 2606 2050 1906
2051 2607 2051 1908
2052 2608 2052 1909
2053 2608 2053 1909
2054 2609 2054 1910
2055 2610 2055 1912
2056 2610 2056 1912
2057 2611 2057 1913
2058 2612 2058 1914
2059 2612 2059 1914
2060 2613 2060 1916
2061 2614 2061 1917
2062 2615 2062 1918
2063 2615 2063 1918
2064 2616 2064 1920
2065 2617 2065 1921
2066 2617 2066 1921
2067 2618 2067 1923
2068 2619 2068 1924
2070 2620 2070 1925
2071 2620 2071 1925
2072 2621 2072 1927
2073 2622 2073 1928
2074 2622 2074 1928
2075 2623 2075 1929
2076 2624 2076 1931
2077 2624 2077 1931
2078 2625 2078 1932
2079 2626 2079 1934
2080 2627 2080 1935
2081 2627 2081 1935
2082 2628 2082 1936
2083 2629 2083 1938
2084 2629 2084 1938
2085 2630 2085 1939
2086 2631 2086 1940
2087 2631 2087 1940
2088 2632 2088 1942
2089 2633 2089 1943
2090 2634 2090 1945
2091 2634 2091 1945
2092 2635 2092 1946
2093 2636 2093 1947
2094 2636 2094 1947
2095 2637 2095 1949
2096 2638 2096 1950
2097 2638 2097 1950
2098 2639 2098 1951
2099 2640 2099 1953
2100 2640 2100 1953
2101 2641 2101 1954
2102 2642 2102 1956
2103 2642 2103 1956
2104 2643 2104 1957
2105 2644 2105 1958
2106 2645 2106 1960
2107 2645 2107 1960
2108 2646 2108 1961
2109 2647 2109 1963
2110 2647 2110 1963
2111 2648 2111 1964
2113 2649 2113 1965
2114 2649 2114 1965
2115 2650 2115 1967
2116 2651 2116 1968
2117 2651 2117 1968
2118 2652 2118 1970
2119 2653 2119 1971
2120 2653 2120 1971
2121 2654 2121 1972
2122 2655 2122 1974
2123 2655 2123 1974
2124 2656 2124 1975
2125 2657 2125 1976
2126 2657 2126 1976
2127 2658 2127 1978
2128 2659 2128 1979
2129 2659 2129 1979
2130 2660 2130 1981
2131 2661 2131 1982
2132 2661 2132 1982
2133 2662 2133 1983
2134 2663 2134 1985
2135 2663 2135 1985
2136 2664 2136 1986
2137 2665 2137 1988
2138 2665 2138 1988
2139 2666 2139 1989
2140 2667 2140 1990
2141 2667 2141 1990
2142 2668 2142 1992
2143 2669 2143 1993
2144 2669 2144 1993
2145 2670 2145 1995
2146 2671 2146 1996
2147 2671 2147 1996
2148 2672 2148 1997
2149 2673 2149 1999
2150 2673 2150 1999
2151 2674 2151 2000
2152 2675 2152 2002
2153 2675 2153 2002
2154 2676 2154 2003
2156 2677 2156 2004
2157 2677 2157 2004
2158 2678 2158 2006
2159 2679 2159 2007
2160 2679 2160 2007
2161 2680 2161 2009
2162 2681 2162 2010
2163 2681 2163 2010
2164 2682 2164 2012
2165 2683 2165 2013
2166 2683 2166 2013
2167 2684 2167 2014
2168 2684 2168 2014
2169 2685 2169 2016
2170 2686 2170 2017
2171 2686 2171 2017
2172 2687 2172 2019
2173 2688 2173 2020
2174 2688 2174 2020
2175 2689 2175 2021
2176 2690 2176 2023
2177 2690 2177 2023
2178 2691 2178 2024
2179 2692 2179 2026
2180 2692 2180 2026
2181 2693 2181 2027
2182 2693 2182 2027
2183 2694 2183 2028
2184 2695 2184 2030
2185 2695 2185 2030
2186 2696 2186 2031
2187 2697 2187 2033
2188 2697 2188 2033
2189 2698 2189 2034
2190 2699 2190 2036
2191 2699 2191 2036
2192 2700 2192 2037
2193 2701 2193 2038
2194 2701 2194 2038
2195 2702 2195 2040
2196 2702 2196 2040
2197 2703 2197 2041
2199 2704 2199 2043
2200 2704 2200 2043
2201 2705 2201 2044
2202 2706 2202 2046
2203 2706 2203 2046
2204 2707 2204 2047
2205 2707 2205 2047
2206 2708 2206 2048
2207 2709 2207 2050
2208 2709 2208 2050
2209 2710 2209 2051
2210 2711 2210 2053
2211 2711 2211 2053
2212 2712 2212 2054
2213 2712 2213 2054
2214 2713 2214 2056
2215 2714 2215 2057
2216 2714 2216 2057
2217 2715 2217 2058
2218 2716 2218 2060
2219 2716 2219 2060
2220 2717 2220 2061
2221 2717 2221 2061
2222 2718 2222 2063
2223 2719 2223 2064
2224 2719 2224 2064
2225 2720 2225 2066
2226 2721 2226 2067
2227 2721 2227 2067
2228 2722 2228 2068
2229 2722 2229 2068
2230 2723 2230 2070
2231 2724 2231 2071
2232 2724 2232 2071
2233 2725 2233 2073
2234 2725 2234 2073
2235 2726 2235 2074
2236 2727 2236 2076
2237 2727 2237 2076
2238 2728 2238 2077
2239 2729 2239 2078
2240 2729 2240 2078
2242 2730 2242 2080
2243 2730 2243 2080
2244 2731 2244 2081
2245 2732 2245 2083
2246 2732 2246 2083
2247 2733 2247 2084
2248 2733 2248 2084
2249 2734 2249 2086
2250 2735 2250 2087
2251 2735 2251 2087
2252 2736 2252 2089
2253 2736 2253 2089
2254 2737 2254 2090
2255 2738 2255 2091
2256 2738 2256 2091
2257 2739 2257 2093
2258 2739 2258 2093
2259 2740 2259 2094
2260 2741 2260 2096
2261 2741 2261 2096
2262 2742 2262 2097
2263 2742 2263 2097
2264 2743 2264 2099
2265 2744 2265 2100
2266 2744 2266 2100
2267 2745 2267 2102
2268 2745 2268 2102
2269 2746 2269 2103
2270 2747 2270 2104
2271 2747 2271 2104
2272 2748 2272 2106
2273 2748 2273 2106
2274 2749 2274 2107
2275 2750 2275 2109
2276 2750 2276 2109
2277 2751 2277 2110
2278 2751 2278 2110
2279 2752 2279 2112
2280 2753 2280 2113
2281 2753 2281 2113
2282 2754 2282 2115
2283 2754 2283 2115
2285 2755 2285 2116
2286 2756 2286 2117
2287 2756 2287 2117
2288 2757 2288 2119
2289 2757 2289 2119
2290 2758 2290 2120
2291 2758 2291 2120
2292 2759 2292 2122
2293 2760 2293 2123
2294 2760 2294 2123
2295 2761 2295 2125
2296 2761 2296 2125
2297 2762 2297 2126
2298 2763 2298 2128
2299 2763 2299 2128
2300 2764 2300 2129
2301 2764 2301 2129
2302 2765 2302 2131
2303 2765 2303 2131
2304 2766 2304 2132
2305 2767 2305 2133
2306 2767 2306 2133
2307 2768 2307 2135
2308 2768 2308 2135
2309 2769 2309 2136
2310 2769 2310 2136
2311 2770 2311 2138
2312 2771 2312 2139
2313 2771 2313 2139
2314 2772 2314 2141
2315 2772 2315 2141
2316 2773 2316 2142
2317 2773 2317 2142
2318 2774 2318 2144
2319 2775 2319 2145
2320 2775 2320 2145
2321 2776 2321 2147
2322 2776 2322 2147
2323 2777 2323 2148
2324 2777 2324 2148
2325 2778 2325 2150
2326 2779 2326 2151
2328 2779 2328 2151
2329 2780 2329 2153
2330 2780 2330 2153
2331 2781 2331 2154
2332 2781 2332 2154
2333 2782 2333 2155
2334 2783 2334 2157
2335 2783 2335 2157
2336 2784 2336 2158
2337 2784 2337 2158
2338 2785 2338 2160
2339 2785 2339 2160
2340 2786 2340 2161
2341 2787 2341 2163
2342 2787 2342 2163
2343 2788 2343 2164
2344 2788 2344 2164
2345 2789 2345 2166
2346 2789 2346 2166
2347 2790 2347 2167
2348 2790 2348 2167
2349 2791 2349 2169
2350 2792 2350 2170
2351 2792 2351 2170
2352 2793 2352 2172
2353 2793 2353 2172
2354 2794 2354 2173
2355 2794 2355 2173
2356 2795 2356 2175
2357 2795 2357 2175
2358 2796 2358 2176
2359 2797 2359 2178
2360 2797 2360 2178
2361 2798 2361 2179
2362 2798 2362 2179
2363 2799 2363 2181
2364 2799 2364 2181
2365 2800 2365 2182
2366 2800 2366 2182
2367 2801 2367 2183
2368 2801 2368 2183
2369 2802 2369 2185
2371 2803 2371 2186
2372 2803 2372 2186
2373 2804 2373 2188
2374 2804 2374 2188
2375 2805 2375 2189
2376 2805 2376 2189
2377 2806 2377 2191
2378 2806 2378 2191
2379 2807 2379 2192
2380 2808 2380 2194
2381 2808 2381 2194
2382 2809 2382 2195
2383 2809 2383 2195
2384 2810 2384 2197
2385 2810 2385 2197
2386 2811 2386 2198
2387 2811 2387 2198
2388 2812 2388 2200
2389 2812 2389 2200
2390 2813 2390 2201
2391 2813 2391 2201
2392 2814 2392 2203
2393 2815 2393 2204
2394 2815 2394 2204
2395 2816 2395 2206
2396 2816 2396 2206
2397 2817 2397 2207
2398 2817 2398 2207
2399 2818 2399 2209
2400 2818 2400 2209
2401 2819 2401 2210
2402 2819 2402 2210
2403 2820 2403 2212
2404 2820 2404 2212
2405 2821 2405 2213
2406 2821 2406 2213
2407 2822 2407 2215
2408 2823 2408 2216
2409 2823 2409 2216
2410 2824 2410 2218
2411 2824 2411 2218
2412 2825 2412 2219
2414 2825 2414 2219
2415 2826 2415 2221
2416 2826 2416 2221
2417 2827 2417 2222
2418 2827 2418 2222
2419 2828 2419 2224
2420 2828 2420 2224
2421 2829 2421 2225
2422 2829 2422 2225
2423 2830 2423 2227
2424 2830 2424 2227
2425 2831 2425 2228
2426 2831 2426 2228
2427 2832 2427 2230
2428 2833 2428 2231
2429 2833 2429 2231
2430 2834 2430 2233
2431 2834 2431 2233
2432 2835 2432 2234
2433 2835 2433 2234
2434 2836 2434 2236
2435 2836 2435 2236
2436 2837 2436 2237
2437 2837 2437 2237
2438 2838 2438 2239
2439 2838 2439 2239
2440 2839 2440 2240
2441 2839 2441 2240
2442 2840 2442 2242
2443 2840 2443 2242
2444 2841 2444 2243
2445 2841 2445 2243
2446 2842 2446 2245
2447 2842 2447 2245
2448 2843 2448 2246
2449 2843 2449 2246
2450 2844 2450 2248
2451 2844 2451 2248
2452 2845 2452 2249
2453 2845 2453 2249
2454 2846 2454 2251
2455 2846 2455 2251
2457 2847 2457 2252
2458 2847 2458 2252
2459 2848 2459 2254
2460 2849 2460 2255
2461 2849 2461 2255
2462 2850 2462 2257
2463 2850 2463 2257
2464 2851 2464 2258
2465 2851 2465 2258
2466 2852 2466 2260
2467 2852 2467 2260
2468 2853 2468 2261
2469 2853 2469 2261
2470 2854 2470 2263
2471 2854 2471 2263
2472 2855 2472 2264
2473 2855 2473 2264
2474 2856 2474 2266
2475 2856 2475 2266
2476 2857 2476 2267
2477 2857 2477 2267
2478 2858 2478 2269
2479 2858 2479 2269
2480 2859 2480 2270
2481 2859 2481 2270
2482 2860 2482 2272
2483 2860 2483 2272
2484 2861 2484 2273
2485 2861 2485 2273
2486 2862 2486 2275
2487 2862 2487 2275
2488 2863 2488 2276
2489 2863 2489 2276
2490 2864 2490 2278
2491 2864 2491 2278
2492 2865 2492 2279
2493 2865 2493 2279
2494 2866 2494 2281
2495 2866 2495 2281
2496 2867 2496 2283
2497 2867 2497 2283
2498 2868 2498 2284
2499 2868 2499 2284
2501 2869 2501 2286
2502 2869 2502 2286
2503 2870 2503 2287
2504 2870 2504 2287
2505 2870 2505 2287
2506 2871 2506 2289
2507 2871 2507 2289
2508 2872 2508 2290
2509 2872 2509 2290
2510 2873 2510 2292
2511 2873 2511 2292
2512 2874 2512 2293
2513 2874 2513 2293
2514 2875 2514 2295
2515 2875 2515 2295
2516 2876 2516 2296
2517 2876 2517 2296
2518 2877 2518 2298
2519 2877 2519 2298
2520 2878 2520 2299
2521 2878 2521 2299
2522 2879 2522 2301
2523 2879 2523 2301
2524 2880 2524 2302
2525 2880 2525 2302
2526 2881 2526 2304
2527 2881 2527 2304
2528 2882 2528 2305
2529 2882 2529 2305
2530 2883 2530 2307
2531 2883 2531 2307
2532 2884 2532 2308
2533 2884 2533 2308
2534 2885 2534 2310
2535 2885 2535 2310
2536 2886 2536 2311
2537 2886 2537 2311
2538 2886 2538 2311
2539 2887 2539 2313
2540 2887 2540 2313
2541 2888 2541 2315
2542 2888 2542 2315
2544 2889 2544 2316
2545 2889 2545 2316
2546 2890 2546 2318
2547 2890 2547 2318
2548 2891 2548 2319
2549 2891 2549 2319
2550 2892 2550 2321
2551 2892 2551 2321
2552 2893 2552 2322
2553 2893 2553 2322
2554 2894 2554 2324
2555 2894 2555 2324
2556 2895 2556 2325
2557 2895 2557 2325
2558 2895 2558 2325
2559 2896 2559 2327
2560 2896 2560 2327
2561 2897 2561 2328
2562 2897 2562 2328
2563 2898 2563 2330
2564 2898 2564 2330
2565 2899 2565 2331
2566 2899 2566 2331
2567 2900 2567 2333
2568 2900 2568 2333
2569 2901 2569 2335
2570 2901 2570 2335
2571 2902 2571 2336
2572 2902 2572 2336
2573 2902 2573 2336
2574 2903 2574 2338
2575 2903 2575 2338
2576 2904 2576 2339
2577 2904 2577 2339
2578 2905 2578 2341
2579 2905 2579 2341
2580 2906 2580 2342
2581 2906 2581 2342
2582 2907 2582 2344
2583 2907 2583 2344
2584 2908 2584 2345
2585 2908 2585 2345
2587 2909 2587 2347
2588 2909 2588 2347
2589 2909 2589 2347
2590 2910 2590 2348
2591 2910 2591 2348
2592 2911 2592 2350
2593 2911 2593 2350
2594 2912 2594 2352
2595 2912 2595 2352
2596 2913 2596 2353
2597 2913 2597 2353
2598 2914 2598 2355
2599 2914 2599 2355
2600 2914 2600 2355
2601 2915 2601 2356
2602 2915 2602 2356
2603 2916 2603 2358
2604 2916 2604 2358
2605 2917 2605 2359
2606 2917 2606 2359
2607 2918 2607 2361
2608 2918 2608 2361
2609 2919 2609 2362
2610 2919 2610 2362
2611 2919 2611 2362
2612 2920 2612 2364
2613 2920 2613 2364
2614 2921 2614 2365
2615 2921 2615 2365
2616 2922 2616 2367
2617 2922 2617 2367
2618 2923 2618 2369
2619 2923 2619 2369
2620 2924 2620 2370
2621 2924 2621 2370
2622 2924 2622 2370
2623 2925 2623 2372
2624 2925 2624 2372
2625 2926 2625 2373
2626 2926 2626 2373
2627 2927 2627 2375
2628 2927 2628 2375
2630 2928 2630 2376
2631 2928 2631 2376
2632 2928 2632 2376
2633 2929 2633 2378
2634 2929 2634 2378
2635 2930 2635 2379
2636 2930 2636 2379
2637 2931 2637 2381
2638 2931 2638 2381
2639 2932 2639 2383
2640 2932 2640 2383
2641 2932 2641 2383
2642 2933 2642 2384
2643 2933 2643 2384
2644 2934 2644 2386
2645 2934 2645 2386
2646 2935 2646 2387
2647 2935 2647 2387
2648 2936 2648 2389
2649 2936 2649 2389
2650 2936 2650 2389
2651 2937 2651 2390
2652 2937 2652 2390
2653 2938 2653 2392
2654 2938 2654 2392
2655 2939 2655 2394
2656 2939 2656 2394
2657 2939 2657 2394
2658 2940 2658 2395
2659 2940 2659 2395
2660 2941 2660 2397
2661 2941 2661 2397
2662 2942 2662 2398
2663 2942 2663 2398
2664 2943 2664 2400
2665 2943 2665 2400
2666 2943 2666 2400
2667 2944 2667 2401
2668 2944 2668 2401
2669 2945 2669 2403
2670 2945 2670 2403
2671 2946 2671 2404
2673 2946 2673 2404
2674 2946 2674 2404
2675 2947 2675 2406
2676 2947 2676 2406
2677 2948 2677 2408
2678 2948 2678 2408
2679 2949 2679 2409
2680 2949 2680 2409
2681 2949 2681 2409
2682 2950 2682 2411
2683 2950 2683 2411
2684 2951 2684 2412
2685 2951 2685 2412
2686 2952 2686 2414
2687 2952 2687 2414
2688 2952 2688 2414
2689 2953 2689 2415
2690 2953 2690 2415
2691 2954 2691 2417
2692 2954 2692 2417
2693 2955 2693 2419
2694 2955 2694 2419
2695 2955 2695 2419
2696 2956 2696 2420
2697 2956 2697 2420
2698 2957 2698 2422
2699 2957 2699 2422
2700 2958 2700 2423
2701 2958 2701 2423
2702 2958 2702 2423
2703 2959 2703 2425
2704 2959 2704 2425
2705 2960 2705 2426
2706 2960 2706 2426
2707 2961 2707 2428
2708 2961 2708 2428
2709 2961 2709 2428
2710 2962 2710 2430
2711 2962 2711 2430
2712 2963 2712 2431
2713 2963 2713 2431
2714 2964 2714 2433
2716 2964 2716 2433
2717 2964 2717 2433
2718 2965 2718 2434
2719 2965 2719 2434
2720 2966 2720 2436
2721 2966 2721 2436
2722 2966 2722 2436
2723 2967 2723 2438
2724 2967 2724 2438
2725 2968 2725 2439
2726 2968 2726 2439
2727 2969 2727 2441
2728 2969 2728 2441
2729 2969 2729 2441
2730 2970 2730 2442
2731 2970 2731 2442
2732 2971 2732 2444
2733 2971 2733 2444
2734 2971 2734 2444
2735 2972 2735 2445
2736 2972 2736 2445
2737 2973 2737 2447
2738 2973 2738 2447
2739 2974 2739 2449
2740 2974 2740 2449
2741 2974 2741 2449
2742 2975 2742 2450
2743 2975 2743 2450
2744 2976 2744 2452
2745 2976 2745 2452
2746 2976 2746 2452
2747 2977 2747 2453
2748 2977 2748 2453
2749 2978 2749 2455
2750 2978 2750 2455
2751 2978 2751 2455
2752 2979 2752 2457
2753 2979 2753 2457
2754 2980 2754 2458
2755 2980 2755 2458
2756 2981 2756 2460
2757 2981 2757 2460
2759 2981 2759 2460
2760 2982 2760 2461
2761 2982 2761 2461
2762 2983 2762 2463
2763 2983 2763 2463
2764 2983 2764 2463
2765 2984 2765 2464
2766 2984 2766 2464
2767 2985 2767 2466
2768 2985 2768 2466
2769 2985 2769 2466
2770 2986 2770 2468
2771 2986 2771 2468
2772 2987 2772 2469
2773 2987 2773 2469
2774 2987 2774 2469
2775 2988 2775 2471
2776 2988 2776 2471
2777 2989 2777 2472
2778 2989 2778 2472
2779 2990 2779 2474
2780 2990 2780 2474
2781 2990 2781 2474
2782 2991 2782 2476
2783 2991 2783 2476
2784 2992 2784 2477
2785 2992 2785 2477
2786 2992 2786 2477
2787 2993 2787 2479
2788 2993 2788 2479
2789 2994 2789 2480
2790 2994 2790 2480
2791 2994 2791 2480
2792 2995 2792 2482
2793 2995 2793 2482
2794 2996 2794 2484
2795 2996 2795 2484
2796 2996 2796 2484
2797 2997 2797 2485
2798 2997 2798 2485
2799 2998 2799 2487
2800 2998 2800 2487
2802 2998 2802 2487
2803 2999 2803 2488
2804 2999 2804 2488
2805 3000 2805 2490
2806 3000 2806 2490
2807 3000 2807 2490
2808 3001 2808 2492
2809 3001 2809 2492
2810 3002 2810 2493
2811 3002 2811 2493
2812 3002 2812 2493
2813 3003 2813 2495
2814 3003 2814 2495
2815 3004 2815 2496
2816 3004 2816 2496
2817 3004 2817 2496
2818 3005 2818 2498
2819 3005 2819 2498
2820 3006 2820 2500
2821 3006 2821 2500
2822 3006 2822 2500
2823 3007 2823 2501
2824 3007 2824 2501
2825 3008 2825 2503
2826 3008 2826 2503
2827 3008 2827 2503
2828 3009 2828 2504
2829 3009 2829 2504
2830 3009 2830 2504
2831 3010 2831 2506
2832 3010 2832 2506
2833 3011 2833 2508
2834 3011 2834 2508
2835 3011 2835 2508
2836 3012 2836 2509
2837 3012 2837 2509
2838 3013 2838 2511
2839 3013 2839 2511
2840 3013 2840 2511
2841 3014 2841 2512
2842 3014 2842 2512
2843 3015 2843 2514
2845 3015 2845 2514
2846 3015 2846 2514
2847 3016 2847 2516
2848 3016 2848 2516
2849 3017 2849 2517
2850 3017 2850 2517
2851 3017 2851 2517
2852 3018 2852 2519
2853 3018 2853 2519
2854 3018 2854 2519
2855 3019 2855 2521
2856 3019 2856 2521
2857 3020 2857 2522
2858 3020 2858 2522
2859 3020 2859 2522
2860 3021 2860 2524
2861 3021 2861 2524
2862 3022 2862 2525
2863 3022 2863 2525
2864 3022 2864 2525
2865 3023 2865 2527
2866 3023 2866 2527
2867 3024 2867 2529
2868 3024 2868 2529
2869 3024 2869 2529
2870 3025 2870 2530
2871 3025 2871 2530
2872 3025 2872 2530
2873 3026 2873 2532
2874 3026 2874 2532
2875 3027 2875 2533
2876 3027 2876 2533
2877 3027 2877 2533
2878 3028 2878 2535
2879 3028 2879 2535
2880 3029 2880 2537
2881 3029 2881 2537
2882 3029 2882 2537
2883 3030 2883 2538
2884 3030 2884 2538
2885 3030 2885 2538
2886 3031 2886 2540
2887 3031 2887 2540
2889 3032 2889 2542
2890 3032 2890 2542
2891 3032 2891 2542
2892 3033 2892 2543
2893 3033 2893 2543
2894 3034 2894 2545
2895 3034 2895 2545
2896 3034 2896 2545
2897 3035 2897 2546
2898 3035 2898 2546
2899 3035 2899 2546
2900 3036 2900 2548
2901 3036 2901 2548
2902 3037 2902 2550
2903 3037 2903 2550
2904 3037 2904 2550
2905 3038 2905 2551
2906 3038 2906 2551
2907 3038 2907 2551
2908 3039 2908 2553
2909 3039 2909 2553
2910 3040 2910 2554
2911 3040 2911 2554
2912 3040 2912 2554
2913 3041 2913 2556
2914 3041 2914 2556
2915 3042 2915 2558
2916 3042 2916 2558
2917 3042 2917 2558
2918 3043 2918 2559
2919 3043 2919 2559
2920 3043 2920 2559
2921 3044 2921 2561
2922 3044 2922 2561
2923 3045 2923 2563
2924 3045 2924 2563
2925 3045 2925 2563
2926 3046 2926 2564
2927 3046 2927 2564
2928 3046 2928 2564
2929 3047 2929 2566
2930 3047 2930 2566
2932 3048 2932 2567
2933 3048 2933 2567
2934 3048 2934 2567
2935 3049 2935 2569
2936 3049 2936 2569
2937 3049 2937 2569
2938 3050 2938 2571
2939 3050 2939 2571
2940 3051 2940 2572
2941 3051 2941 2572
2942 3051 2942 2572
2943 3052 2943 2574
2944 3052 2944 2574
2945 3052 2945 2574
2946 3053 2946 2576
2947 3053 2947 2576
2948 3054 2948 2577
2949 3054 2949 2577
2950 3054 2950 2577
2951 3055 2951 2579
2952 3055 2952 2579
2953 3055 2953 2579
2954 3056 2954 2581
2955 3056 2955 2581
2956 3057 2956 2582
2957 3057 2957 2582
2958 3057 2958 2582
2959 3058 2959 2584
2960 3058 2960 2584
2961 3058 2961 2584
2962 3059 2962 2585
2963 3059 2963 2585
2964 3060 2964 2587
2965 3060 2965 2587
2966 3060 2966 2587
2967 3061 2967 2589
2968 3061 2968 2589
2969 3061 2969 2589
2970 3062 2970 2590
2971 3062 2971 2590
2972 3063 2972 2592
2973 3063 2973 2592
2975 3063 2975 2592
2976 3064 2976 2594
2977 3064 2977 2594
2978 3064 2978 2594
2979 3065 2979 2595
2980 3065 2980 2595
2981 3065 2981 2595
2982 3066 2982 2597
2983 3066 2983 2597
2984 3067 2984 2599
2985 3067 2985 2599
2986 3067 2986 2599
2987 3068 2987 2600
2988 3068 2988 2600
2989 3068 2989 2600
2990 3069 2990 2602
2991 3069 2991 2602
2992 3070 2992 2603
2993 3070 2993 2603
2994 3070 2994 2603
2995 3071 2995 2605
2996 3071 2996 2605
2997 3071 2997 2605
2998 3072 2998 2607
2999 3072 2999 2607
3000 3073 3000 2608
3001 3073 3001 2608
3002 3073 3002 2608
3003 3074 3003 2610
3004 3074 3004 2610
3005 3074 3005 2610
3006 3075 3006 2612
3007 3075 3007 2612
3008 3075 3008 2612
3009 3076 3009 2613
3010 3076 3010 2613
3011 3077 3011 2615
3012 3077 3012 2615
3013 3077 3013 2615
3014 3078 3014 2617
3015 3078 3015 2617
3016 3078 3016 2617
3018 3079 3018 2618
3019 3079 3019 2618
3020 3080 3020 2620
3021 3080 3021 2620
3022 3080 3022 2620
3023 3081 3023 2622
3024 3081 3024 2622
3025 3081 3025 2622
3026 3082 3026 2623
3027 3082 3027 2623
3028 3082 3028 2623
3029 3083 3029 2625
3030 3083 3030 2625
3031 3084 3031 2627
3032 3084 3032 2627
3033 3084 3033 2627
3034 3085 3034 2628
3035 3085 3035 2628
3036 3085 3036 2628
3037 3086 3037 2630
3038 3086 3038 2630
3039 3086 3039 2630
3040 3087 3040 2631
3041 3087 3041 2631
3042 3088 3042 2633
3043 3088 3043 2633
3044 3088 3044 2633
3045 3089 3045 2635
3046 3089 3046 2635
3047 3089 3047 2635
3048 3090 3048 2636
3049 3090 3049 2636
3050 3091 3050 2638
3051 3091 3051 2638
3052 3091 3052 2638
3053 3092 3053 2640
3054 3092 3054 2640
3055 3092 3055 2640
3056 3093 3056 2641
3057 3093 3057 2641
3058 3093 3058 2641
3059 3094 3059 2643
3061 3094 3061 2643
3062 3095 3062 2645
3063 3095 3063 2645
3064 3095 3064 2645
3065 3096 3065 2646
3066 3096 3066 2646
3067 3096 3067 2646
3068 3097 3068 2648
3069 3097 3069 2648
3070 3097 3070 2648
3071 3098 3071 2650
3072 3098 3072 2650
3073 3099 3073 2651
3074 3099 3074 2651
3075 3099 3075 2651
3076 3100 3076 2653
3077 3100 3077 2653
3078 3100 3078 2653
3079 3101 3079 2655
3080 3101 3080 2655
3081 3101 3081 2655
3082 3102 3082 2656
3083 3102 3083 2656
3084 3103 3084 2658
3085 3103 3085 2658
3086 3103 3086 2658
3087 3104 3087 2660
3088 3104 3088 2660
3089 3104 3089 2660
3090 3105 3090 2661
3091 3105 3091 2661
3092 3105 3092 2661
3093 3106 3093 2663
3094 3106 3094 2663
3095 3107 3095 2665
3096 3107 3096 2665
3097 3107 3097 2665
3098 3108 3098 2666
3099 3108 3099 2666
3100 3108 3100 2666
3101 3109 3101 2668
3102 3109 3102 2668
3104 3109 3104 2668
3105 3110 3105 2670
3106 3110 3106 2670
3107 3111 3107 2671
3108 3111 3108 2671
3109 3111 3109 2671
3110 3112 3110 2673
3111 3112 3111 2673
3112 3112 3112 2673
3113 3113 3113 2675
3114 3113 3114 2675
3115 3113 3115 2675
3116 3114 3116 2676
3117 3114 3117 2676
3118 3114 3118 2676
3119 3115 3119 2678
3120 3115 3120 2678
3121 3116 3121 2680
3122 3116 3122 2680
3123 3116 3123 2680
3124 3117 3124 2681
3125 3117 3125 2681
3126 3117 3126 2681
3127 3118 3127 2683
3128 3118 3128 2683
3129 3118 3129 2683
3130 3119 3130 2685
3131 3119 3131 2685
3132 3120 3132 2686
3133 3120 3133 2686
3134 3120 3134 2686
3135 3121 3135 2688
3136 3121 3136 2688
3137 3121 3137 2688
3138 3122 3138 2690
3139 3122 3139 2690
3140 3122 3140 2690
3141 3123 3141 2691
3142 3123 3142 2691
3143 3124 3143 2693
3144 3124 3144 2693
3145 3124 3145 2693
3147 3125 3147 2695
3148 3125 3148 2695
3149 3125 3149 2695
3150 3126 3150 2696
3151 3126 3151 2696
3152 3126 3152 2696
3153 3127 3153 2698
3154 3127 3154 2698
3155 3128 3155 2700
3156 3128 3156 2700
3157 3128 3157 2700
3158 3129 3158 2701
3159 3129 3159 2701
3160 3129 3160 2701
3161 3130 3161 2703
3162 3130 3162 2703
3163 3130 3163 2703
3164 3131 3164 2705
3165 3131 3165 2705
3166 3132 3166 2706
3167 3132 3167 2706
3168 3132 3168 2706
3169 3133 3169 2708
3170 3133 3170 2708
3171 3133 3171 2708
3172 3134 3172 2710
3173 3134 3173 2710
3174 3134 3174 2710
3175 3135 3175 2711
3176 3135 3176 2711
3177 3136 3177 2713
3178 3136 3178 2713
3179 3136 3179 2713
3180 3137 3180 2715
3181 3137 3181 2715
3182 3137 3182 2715
3183 3138 3183 2717
3184 3138 3184 2717
3185 3138 3185 2717
3186 3139 3186 2718
3187 3139 3187 2718
3188 3140 3188 2720
3190 3140 3190 2720
3191 3140 3191 2720
3192 3141 3192 2722
3193 3141 3193 2722
3194 3141 3194 2722
3195 3142 3195 2723
3196 3142 3196 2723
3197 3142 3197 2723
3198 3143 3198 2725
3199 3143 3199 2725
3200 3144 3200 2727
3201 3144 3201 2727
3202 3144 3202 2727
3203 3145 3203 2728
3204 3145 3204 2728
3205 3145 3205 2728
3206 3146 3206 2730
3207 3146 3207 2730
3208 3146 3208 2730
3209 3147 3209 2732
3210 3147 3210 2732
3211 3148 3211 2733
3212 3148 3212 2733
3213 3148 3213 2733
3214 3149 3214 2735
3215 3149 3215 2735
3216 3149 3216 2735
3217 3150 3217 2737
3218 3150 3218 2737
3219 3150 3219 2737
3220 3151 3220 2738
3221 3151 3221 2738
3222 3152 3222 2740
3223 3152 3223 2740
3224 3152 3224 2740
3225 3153 3225 2742
3226 3153 3226 2742
3227 3153 3227 2742
3228 3154 3228 2744
3229 3154 3229 2744
3230 3154 3230 2744
3231 3155 3231 2745
3233 3155 3233 2745
3234 3156 3234 2747
3235 3156 3235 2747
3236 3156 3236 2747
3237 3157 3237 2749
3238 3157 3238 2749
3239 3157 3239 2749
3240 3158 3240 2750
3241 3158 3241 2750
3242 3158 3242 2750
3243 3159 3243 2752
3244 3159 3244 2752
3245 3160 3245 2754
3246 3160 3246 2754
3247 3160 3247 2754
3248 3161 3248 2755
3249 3161 3249 2755
3250 3161 3250 2755
3251 3162 3251 2757
3252 3162 3252 2757
3253 3162 3253 2757
3254 3163 3254 2759
3255 3163 3255 2759
3256 3164 3256 2760
3257 3164 3257 2760
3258 3164 3258 2760
3259 3165 3259 2762
3260 3165 3260 2762
3261 3165 3261 2762
3262 3166 3262 2764
3263 3166 3263 2764
3264 3167 3264 2766
3265 3167 3265 2766
3266 3167 3266 2766
3267 3168 3267 2767
3268 3168 3268 2767
3269 3168 3269 2767
3270 3169 3270 2769
3271 3169 3271 2769
3272 3169 3272 2769
3273 3170 3273 2771
3274 3170 3274 2771
3276 3171 3276 2772
3277 3171 3277 2772
3278 3171 3278 2772
3279 3172 3279 2774
3280 3172 3280 2774
3281 3172 3281 2774
3282 3173 3282 2776
3283 3173 3283 2776
3284 3174 3284 2777
3285 3174 3285 2777
3286 3174 3286 2777
3287 3175 3287 2779
3288 3175 3288 2779
3289 3175 3289 2779
3290 3176 3290 2781
3291 3176 3291 2781
3292 3176 3292 2781
3293 3177 3293 2783
3294 3177 3294 2783
3295 3178 3295 2784
3296 3178 3296 2784
3297 3178 3297 2784
3298 3179 3298 2786
3299 3179 3299 2786
3300 3179 3300 2786
3301 3180 3301 2788
3302 3180 3302 2788
3303 3181 3303 2789
3304 3181 3304 2789
3305 3181 3305 2789
3306 3182 3306 2791
3307 3182 3307 2791
3308 3182 3308 2791
3309 3183 3309 2793
3310 3183 3310 2793
3311 3184 3311 2795
3312 3184 3312 2795
3313 3184 3313 2795
3314 3185 3314 2796
3315 3185 3315 2796
3316 3185 3316 2796
3317 3186 3317 2798
3318 3186 3318 2798
3320 3186 3320 2798
3321 3187 3321 2800
3322 3187 3322 2800
3323 3188 3323 2801
3324 3188 3324 2801
3325 3188 3325 2801
3326 3189 3326 2803
3327 3189 3327 2803
3328 3189 3328 2803
3329 3190 3329 2805
3330 3190 3330 2805
3331 3191 3331 2807
3332 3191 3332 2807
3333 3191 3333 2807
3334 3192 3334 2808
3335 3192 3335 2808
3336 3192 3336 2808
3337 3193 3337 2810
3338 3193 3338 2810
3339 3194 3339 2812
3340 3194 3340 2812
3341 3194 3341 2812
3342 3195 3342 2813
3343 3195 3343 2813
3344 3195 3344 2813
3345 3196 3345 2815
3346 3196 3346 2815
3347 3197 3347 2817
3348 3197 3348 2817
3349 3197 3349 2817
3350 3198 3350 2819
3351 3198 3351 2819
3352 3198 3352 2819
3353 3199 3353 2820
3354 3199 3354 2820
3355 3200 3355 2822
3356 3200 3356 2822
3357 3200 3357 2822
3358 3201 3358 2824
3359 3201 3359 2824
3360 3202 3360 2825
3361 3202 3361 2825
3363 3202 3363 2825
3364 3203 3364 2827
3365 3203 3365 2827
3366 3203 3366 2827
3367 3204 3367 2829
3368 3204 3368 2829
3369 3205 3369 2831
3370 3205 3370 2831
3371 3205 3371 2831
3372 3206 3372 2832
3373 3206 3373 2832
3374 3206 3374 2832
3375 3207 3375 2834
3376 3207 3376 2834
3377 3208 3377 2836
3378 3208 3378 2836
3379 3208 3379 2836
3380 3209 3380 2838
3381 3209 3381 2838
3382 3209 3382 2838
3383 3210 3383 2839
3384 3210 3384 2839
3385 3211 3385 2841
3386 3211 3386 2841
3387 3211 3387 2841
3388 3212 3388 2843
3389 3212 3389 2843
3390 3213 3390 2844
3391 3213 3391 2844
3392 3213 3392 2844
3393 3214 3393 2846
3394 3214 3394 2846
3395 3214 3395 2846
3396 3215 3396 2848
3397 3215 3397 2848
3398 3216 3398 2850
3399 3216 3399 2850
3400 3216 3400 2850
3401 3217 3401 2851
3402 3217 3402 2851
3403 3218 3403 2853
3404 3218 3404 2853
3406 3218 3406 2853
3407 3219 3407 2855
3408 3219 3408 2855
3409 3219 3409 2855
3410 3220 3410 2857
3411 3220 3411 2857
3412 3221 3412 2858
3413 3221 3413 2858
3414 3221 3414 2858
3415 3222 3415 2860
3416 3222 3416 2860
3417 3223 3417 2862
3418 3223 3418 2862
3419 3223 3419 2862
3420 3224 3420 2863
3421 3224 3421 2863
3422 3224 3422 2863
3423 3225 3423 2865
3424 3225 3424 2865
3425 3226 3425 2867
3426 3226 3426 2867
3427 3226 3427 2867
3428 3227 3428 2869
3429 3227 3429 2869
3430 3228 3430 2870
3431 3228 3431 2870
3432 3228 3432 2870
3433 3229 3433 2872
3434 3229 3434 2872
3435 3230 3435 2874
3436 3230 3436 2874
3437 3230 3437 2874
3438 3231 3438 2876
3439 3231 3439 2876
3440 3231 3440 2876
3441 3232 3441 2877
3442 3232 3442 2877
3443 3233 3443 2879
3444 3233 3444 2879
3445 3233 3445 2879
3446 3234 3446 2881
3447 3234 3447 2881
3449 3235 3449 2883
3450 3235 3450 2883
3451 3235 3451 2883
3452 3236 3452 2884
3453 3236 3453 2884
3454 3237 3454 2886
3455 3237 3455 2886
3456 3237 3456 2886
3457 3238 3457 2888
3458 3238 3458 2888
3459 3239 3459 2890
3460 3239 3460 2890
3461 3239 3461 2890
3462 3240 3462 2891
3463 3240 3463 2891
3464 3241 3464 2893
3465 3241 3465 2893
3466 3241 3466 2893
3467 3242 3467 2895
3468 3242 3468 2895
3469 3243 3469 2897
3470 3243 3470 2897
3471 3243 3471 2897
3472 3244 3472 2898
3473 3244 3473 2898
3474 3245 3474 2900
3475 3245 3475 2900
3476 3245 3476 2900
3477 3246 3477 2902
3478 3246 3478 2902
3479 3247 3479 2904
3480 3247 3480 2904
3481 3247 3481 2904
3482 3248 3482 2905
3483 3248 3483 2905
3484 3249 3484 2907
3485 3249 3485 2907
3486 3249 3486 2907
3487 3250 3487 2909
3488 3250 3488 2909
3489 3251 3489 2911
3490 3251 3490 2911
3492 3251 3492 2911
3493 3252 3493 2912
3494 3252 3494 2912
3495 3253 3495 2914
3496 3253 3496 2914
3497 3253 3497 2914
3498 3254 3498 2916
3499 3254 3499 2916
3500 3255 3500 2918
3501 3255 3501 2918
3502 3255 3502 2918
3503 3256 3503 2919
3504 3256 3504 2919
3505 3257 3505 2921
3506 3257 3506 2921
3507 3257 3507 2921
3508 3258 3508 2923
3509 3258 3509 2923
3510 3259 3510 2925
3511 3259 3511 2925
3512 3259 3512 2925
3513 3260 3513 2926
3514 3260 3514 2926
3515 3261 3515 2928
3516 3261 3516 2928
3517 3261 3517 2928
3518 3262 3518 2930
3519 3262 3519 2930
3520 3263 3520 2932
3521 3263 3521 2932
3522 3264 3522 2933
3523 3264 3523 2933
3524 3264 3524 2933
3525 3265 3525 2935
3526 3265 3526 2935
3527 3266 3527 2937
3528 3266 3528 2937
3529 3266 3529 2937
3530 3267 3530 2939
3531 3267 3531 2939
3532 3268 3532 2940
3533 3268 3533 2940
3535 3268 3535 2940
3536 3269 3536 2942
3537 3269 3537 2942
3538 3270 3538 2944
3539 3270 3539 2944
3540 3271 3540 2946
3541 3271 3541 2946
3542 3271 3542 2946
3543 3272 3543 2947
3544 3272 3544 2947
3545 3273 3545 2949
3546 3273 3546 2949
3547 3273 3547 2949
3548 3274 3548 2951
3549 3274 3549 2951
3550 3275 3550 2953
3551 3275 3551 2953
3552 3275 3552 2953
3553 3276 3553 2954
3554 3276 3554 2954
3555 3277 3555 2956
3556 3277 3556 2956
3557 3278 3557 2958
3558 3278 3558 2958
3559 3278 3559 2958
3560 3279 3560 2960
3561 3279 3561 2960
3562 3280 3562 2962
3563 3280 3563 2962
3564 3281 3564 2963
3565 3281 3565 2963
3566 3281 3566 2963
3567 3282 3567 2965
3568 3282 3568 2965
3569 3283 3569 2967
3570 3283 3570 2967
3571 3283 3571 2967
3572 3284 3572 2969
3573 3284 3573 2969
3574 3285 3574 2970
3575 3285 3575 2970
3576 3286 3576 2972
3578 3286 3578 2972
3579 3286 3579 2972
3580 3287 3580 2974
3581 3287 3581 2974
3582 3288 3582 2976
3583 3288 3583 2976
3584 3289 3584 2977
3585 3289 3585 2977
3586 3289 3586 2977
3587 3290 3587 2979
3588 3290 3588 2979
3589 3291 3589 2981
3590 3291 3590 2981
3591 3292 3591 2983
3592 3292 3592 2983
3593 3292 3593 2983
3594 3293 3594 2985
3595 3293 3595 2985
3596 3294 3596 2986
3597 3294 3597 2986
3598 3295 3598 2988
3599 3295 3599 2988
3600 3295 3600 2988
3601 3296 3601 2990
3602 3296 3602 2990
3603 3297 3603 2992
3604 3297 3604 2992
3605 3298 3605 2993
3606 3298 3606 2993
3607 3298 3607 2993
3608 3299 3608 2995
3609 3299 3609 2995
3610 3300 3610 2997
3611 3300 3611 2997
3612 3301 3612 2999
3613 3301 3613 2999
3614 3301 3614 2999
3615 3302 3615 3001
3616 3302 3616 3001
3617 3303 3617 3002
3618 3303 3618 3002
3619 3304 3619 3004
3621 3304 3621 3004
3622 3304 3622 3004
3623 3305 3623 3006
3624 3305 3624 3006
3625 3306 3625 3008
3626 3306 3626 3008
3627 3307 3627 3009
3628 3307 3628 3009
3629 3308 3629 3011
3630 3308 3630 3011
3631 3308 3631 3011
3632 3309 3632 3013
3633 3309 3633 3013
3634 3310 3634 3015
3635 3310 3635 3015
3636 3311 3636 3017
3637 3311 3637 3017
3638 3312 3638 3018
3639 3312 3639 3018
3640 3312 3640 3018
3641 3313 3641 3020
3642 3313 3642 3020
3643 3314 3643 3022
3644 3314 3644 3022
3645 3315 3645 3024
3646 3315 3646 3024
3647 3315 3647 3024
3648 3316 3648 3026
3649 3316 3649 3026
3650 3317 3650 3027
3651 3317 3651 3027
3652 3318 3652 3029
3653 3318 3653 3029
3654 3319 3654 3031
3655 3319 3655 3031
3656 3320 3656 3033
3657 3320 3657 3033
3658 3320 3658 3033
3659 3321 3659 3035
3660 3321 3660 3035
3661 3322 3661 3036
3662 3322 3662 3036
3664 3323 3664 3038
3665 3323 3665 3038
3666 3324 3666 3040
3667 3324 3667 3040
3668 3324 3668 3040
3669 3325 3669 3042
3670 3325 3670 3042
3671 3326 3671 3043
3672 3326 3672 3043
3673 3327 3673 3045
3674 3327 3674 3045
3675 3328 3675 3047
3676 3328 3676 3047
3677 3329 3677 3049
3678 3329 3678 3049
3679 3329 3679 3049
3680 3330 3680 3051
3681 3330 3681 3051
3682 3331 3682 3052
3683 3331 3683 3052
3684 3332 3684 3054
3685 3332 3685 3054
3686 3333 3686 3056
3687 3333 3687 3056
3688 3334 3688 3058
3689 3334 3689 3058
3690 3334 3690 3058
3691 3335 3691 3060
3692 3335 3692 3060
3693 3336 3693 3061
3694 3336 3694 3061
3695 3337 3695 3063
3696 3337 3696 3063
3697 3338 3697 3065
3698 3338 3698 3065
3699 3339 3699 3067
3700 3339 3700 3067
3701 3340 3701 3069
3702 3340 3702 3069
3703 3340 3703 3069
3704 3341 3704 3070
3705 3341 3705 3070
3706 3342 3706 3072
3708 3342 3708 3072
3709 3343 3709 3074
3710 3343 3710 3074
3711 3344 3711 3076
3712 3344 3712 3076
3713 3345 3713 3078
3714 3345 3714 3078
3715 3346 3715 3080
3716 3346 3716 3080
3717 3347 3717 3081
3718 3347 3718 3081
3719 3347 3719 3081
3720 3348 3720 3083
3721 3348 3721 3083
3722 3349 3722 3085
3723 3349 3723 3085
3724 3350 3724 3087
3725 3350 3725 3087
3726 3351 3726 3089
3727 3351 3727 3089
3728 3352 3728 3090
3729 3352 3729 3090
3730 3353 3730 3092
3731 3353 3731 3092
3732 3354 3732 3094
3733 3354 3733 3094
3734 3355 3734 3096
3735 3355 3735 3096
3736 3355 3736 3096
3737 3356 3737 3098
3738 3356 3738 3098
3739 3357 3739 3099
3740 3357 3740 3099
3741 3358 3741 3101
3742 3358 3742 3101
3743 3359 3743 3103
3744 3359 3744 3103
3745 3360 3745 3105
3746 3360 3746 3105
3747 3361 3747 3107
3748 3361 3748 3107
3749 3362 3749 3109
3751 3362 3751 3109
3752 3363 3752 3110
3753 3363 3753 3110
3754 3364 3754 3112
3755 3364 3755 3112
3756 3365 3756 3114
3757 3365 3757 3114
3758 3366 3758 3116
3759 3366 3759 3116
3760 3366 3760 3116
3761 3367 3761 3118
3762 3367 3762 3118
3763 3368 3763 3119
3764 3368 3764 3119
3765 3369 3765 3121
3766 3369 3766 3121
3767 3370 3767 3123
3768 3370 3768 3123
3769 3371 3769 3125
3770 3371 3770 3125
3771 3372 3771 3127
3772 3372 3772 3127
3773 3373 3773 3129
3774 3373 3774 3129
3775 3374 3775 3130
3776 3374 3776 3130
3777 3375 3777 3132
3778 3375 3778 3132
3779 3376 3779 3134
3780 3376 3780 3134
3781 3377 3781 3136
3782 3377 3782 3136
3783 3378 3783 3138
3784 3378 3784 3138
3785 3379 3785 3139
3786 3379 3786 3139
3787 3380 3787 3141
3788 3380 3788 3141
3789 3381 3789 3143
3790 3381 3790 3143
3791 3382 3791 3145
3792 3382 3792 3145
3794 3383 3794 3147
3795 3383 3795 3147
3796 3384 3796 3149
3797 3384 3797 3149
3798 3385 3798 3150
3799 3385 3799 3150
3800 3386 3800 3152
3801 3386 3801 3152
3802 3387 3802 3154
3803 3387 3803 3154
3804 3388 3804 3156
3805 3388 3805 3156
3806 3389 3806 3158
3807 3389 3807 3158
3808 3390 3808 3160
3809 3390 3809 3160
3810 3391 3810 3161
3811 3391 3811 3161
3812 3392 3812 3163
3813 3392 3813 3163
3814 3393 3814 3165
3815 3393 3815 3165
3816 3394 3816 3167
3817 3394 3817 3167
3818 3395 3818 3169
3819 3395 3819 3169
3820 3396 3820 3171
3821 3396 3821 3171
3822 3397 3822 3172
3823 3397 3823 3172
3824 3398 3824 3174
3825 3398 3825 3174
3826 3399 3826 3176
3827 3399 3827 3176
3828 3400 3828 3178
3829 3400 3829 3178
3830 3401 3830 3180
3831 3401 3831 3180
3832 3402 3832 3182
3833 3402 3833 3182
3834 3403 3834 3184
3835 3403 3835 3184
3837 3404 3837 3185
3838 3404 3838 3185
3839 3405 3839 3187
3840 3405 3840 3187
3841 3406 3841 3189
3842 3406 3842 3189
3843 3407 3843 3191
3844 3408 3844 3193
3845 3408 3845 3193
3846 3409 3846 3195
3847 3409 3847 3195
3848 3410 3848 3196
3849 3410 3849 3196
3850 3411 3850 3198
3851 3411 3851 3198
3852 3412 3852 3200
3853 3412 3853 3200
3854 3413 3854 3202
3855 3413 3855 3202
3856 3414 3856 3204
3857 3414 3857 3204
3858 3415 3858 3206
3859 3415 3859 3206
3860 3416 3860 3208
3861 3416 3861 3208
3862 3417 3862 3209
3863 3417 3863 3209
3864 3418 3864 3211
3865 3418 3865 3211
3866 3419 3866 3213
3867 3420 3867 3215
3868 3420 3868 3215
3869 3421 3869 3217
3870 3421 3870 3217
3871 3422 3871 3219
3872 3422 3872 3219
3873 3423 3873 3220
3874 3423 3874 3220
3875 3424 3875 3222
3876 3424 3876 3222
3877 3425 3877 3224
3878 3425 3878 3224
3880 3426 3880 3226
3881 3426 3881 3226
3882 3427 3882 3228
3883 3427 3883 3228
3884 3428 3884 3230
3885 3429 3885 3232
3886 3429 3886 3232
3887 3430 3887 3233
3888 3430 3888 3233
3889 3431 3889 3235
3890 3431 3890 3235
3891 3432 3891 3237
3892 3432 3892 3237
3893 3433 3893 3239
3894 3433 3894 3239
3895 3434 3895 3241
3896 3434 3896 3241
3897 3435 3897 3243
3898 3436 3898 3245
3899 3436 3899 3245
3900 3437 3900 3246
3901 3437 3901 3246
3902 3438 3902 3248
3903 3438 3903 3248
3904 3439 3904 3250
3905 3439 3905 3250
3906 3440 3906 3252
3907 3440 3907 3252
3908 3441 3908 3254
3909 3442 3909 3256
3910 3442 3910 3256
3911 3443 3911 3258
3912 3443 3912 3258
3913 3444 3913 3260
3914 3444 3914 3260
3915 3445 3915 3261
3916 3445 3916 3261
3917 3446 3917 3263
3918 3446 3918 3263
3919 3447 3919 3265
3920 3448 3920 3267
3921 3448 3921 3267
3923 3449 3923 3269
3924 3449 3924 3269
3925 3450 3925 3271
3926 3450 3926 3271
3927 3451 3927 3273
3928 3451 3928 3273
3929 3452 3929 3274
3930 3453 3930 3276
3931 3453 3931 3276
3932 3454 3932 3278
3933 3454 3933 3278
3934 3455 3934 3280
3935 3455 3935 3280
3936 3456 3936 3282
3937 3456 3937 3282
3938 3457 3938 3284
3939 3458 3939 3286
3940 3458 3940 3286
3941 3459 3941 3288
3942 3459 3942 3288
3943 3460 3943 3289
3944 3460 3944 3289
3945 3461 3945 3291
3946 3462 3946 3293
3947 3462 3947 3293
3948 3463 3948 3295
3949 3463 3949 3295
3950 3464 3950 3297
3951 3464 3951 3297
3952 3465 3952 3299
3953 3465 3953 3299
3954 3466 3954 3301
3955 3467 3955 3303
3956 3467 3956 3303
3957 3468 3957 3305
3958 3468 3958 3305
3959 3469 3959 3306
3960 3469 3960 3306
3961 3470 3961 3308
3962 3471 3962 3310
3963 3471 3963 3310
3964 3472 3964 3312
3966 3472 3966 3312
3967 3473 3967 3314
3968 3473 3968 3314
3969 3474 3969 3316
3970 3475 3970 3318
3971 3475 3971 3318
3972 3476 3972 3320
3973 3476 3973 3320
3974 3477 3974 3321
3975 3477 3975 3321
3976 3478 3976 3323
3977 3479 3977 3325
3978 3479 3978 3325
3979 3480 3979 3327
3980 3480 3980 3327
3981 3481 3981 3329
3982 3482 3982 3331
3983 3482 3983 3331
3984 3483 3984 3333
3985 3483 3985 3333
3986 3484 3986 3335
3987 3484 3987 3335
3988 3485 3988 3337
3989 3486 3989 3338
3990 3486 3990 3338
3991 3487 3991 3340
3992 3487 3992 3340
3993 3488 3993 3342
3994 3489 3994 3344
3995 3489 3995 3344
3996 3490 3996 3346
3997 3490 3997 3346
3998 3491 3998 3348
3999 3491 3999 3348
4000 3492 4000 3350
4001 3493 4001 3352
4002 3493 4002 3352
4003 3494 4003 3354
4004 3494 4004 3354
4005 3495 4005 3356
4006 3496 4006 3357
4007 3496 4007 3357
4009 3497 4009 3359
4010 3497 4010 3359
4011 3498 4011 3361
4012 3499 4012 3363
