81 135 81 369
82 136 82 368
83 138 83 368
84 140 84 368
85 141 85 368
87 143 87 367
88 145 88 367
89 146 89 367
90 148 90 367
91 150 91 366
92 152 92 366
93 153 93 366
94 155 94 366
95 157 95 366
96 158 96 365
97 160 97 365
98 162 98 365
99 163 99 365
100 165 100 364
101 167 101 364
102 168 102 364
103 170 103 364
104 172 104 364
105 173 105 363
106 175 106 363
107 177 107 363
108 178 108 363
109 180 109 363
110 182 110 362
111 183 111 362
112 185 112 362
113 187 113 362
114 188 114 362
115 190 115 362
116 192 116 361
117 193 117 361
118 195 118 361
119 197 119 361
120 198 120 361
121 200 121 360
122 202 122 360
123 203 123 360
124 205 124 360
125 207 125 360
126 208 126 360
127 210 127 359
128 212 128 359
130 213 130 359
131 215 131 359
132 217 132 359
133 218 133 359
134 220 134 359
135 222 135 358
136 223 136 358
137 225 137 358
138 227 138 358
139 228 139 358
140 230 140 358
141 232 141 358
142 233 142 357
143 235 143 357
144 237 144 357
145 238 145 357
146 240 146 357
147 242 147 357
148 243 148 357
149 245 149 357
150 247 150 356
151 248 151 356
152 250 152 356
153 252 153 356
154 253 154 356
155 255 155 356
156 257 156 356
157 258 157 356
158 260 158 356
159 262 159 356
160 263 160 355
161 265 161 355
162 267 162 355
163 268 163 355
164 270 164 355
165 271 165 355
166 273 166 355
167 275 167 355
168 276 168 355
169 278 169 355
170 280 170 355
171 281 171 355
173 283 173 354
174 285 174 354
175 286 175 354
176 288 176 354
177 290 177 354
178 291 178 354
179 293 179 354
180 295 180 354
181 296 181 354
182 298 182 354
183 300 183 354
184 301 184 354
185 303 185 354
186 305 186 354
187 306 187 354
188 308 188 354
189 310 189 354
190 311 190 354
191 313 191 354
192 315 192 353
193 316 193 353
194 318 194 353
195 320 195 353
196 321 196 353
197 323 197 353
198 325 198 353
199 326 199 353
200 328 200 353
201 330 201 353
202 331 202 353
203 333 203 353
204 335 204 353
205 336 205 353
206 338 206 353
207 340 207 353
208 341 208 353
209 343 209 353
210 345 210 353
211 346 211 353
212 348 212 353
213 350 213 353
214 351 214 353
216 353 216 353
217 354 217 353
218 356 218 353
219 358 219 353
220 359 220 353
221 361 221 353
222 363 222 353
223 364 223 353
224 366 224 353
225 368 225 353
226 369 226 353
227 371 227 353
228 373 228 354
229 374 229 354
230 376 230 354
231 378 231 354
232 379 232 354
233 381 233 354
234 383 234 354
235 384 235 354
236 386 236 354
237 388 237 354
238 389 238 354
239 391 239 354
240 393 240 354
241 394 241 354
242 396 242 354
243 398 243 354
244 399 244 354
245 401 245 354
246 402 246 354
247 404 247 355
248 406 248 355
249 407 249 355
250 409 250 355
251 411 251 355
252 412 252 355
253 414 253 355
254 416 254 355
255 417 255 355
256 419 256 355
257 421 257 355
259 422 259 355
260 424 260 356
261 426 261 356
262 427 262 356
263 429 263 356
264 431 264 356
265 432 265 356
266 434 266 356
267 435 267 356
268 437 268 356
269 439 269 357
270 440 270 357
271 442 271 357
272 444 272 357
273 445 273 357
274 447 274 357
275 449 275 357
276 450 276 357
277 452 277 358
278 454 278 358
279 455 279 358
280 457 280 358
281 459 281 358
282 460 282 358
283 462 283 358
284 463 284 358
285 465 285 359
286 467 286 359
287 468 287 359
288 470 288 359
289 472 289 359
290 473 290 359
291 475 291 359
292 477 292 360
293 478 293 360
294 480 294 360
295 482 295 360
296 483 296 360
297 485 297 360
298 487 298 361
299 488 299 361
300 490 300 361
302 491 302 361
303 493 303 361
304 495 304 362
305 496 305 362
306 498 306 362
307 500 307 362
308 501 308 362
309 503 309 362
310 505 310 363
311 506 311 363
312 508 312 363
313 509 313 363
314 511 314 363
315 513 315 364
316 514 316 364
317 516 317 364
318 518 318 364
319 519 319 364
320 521 320 365
321 523 321 365
322 524 322 365
323 526 323 365
324 528 324 366
325 529 325 366
326 531 326 366
327 532 327 366
328 534 328 366
329 536 329 367
330 537 330 367
331 539 331 367
332 541 332 367
333 542 333 367
334 544 334 368
335 546 335 368
336 547 336 368
337 549 337 368
338 550 338 369
339 552 339 369
340 554 340 369
341 555 341 369
342 557 342 370
343 559 343 370
345 560 345 370
346 562 346 370
347 564 347 371
348 565 348 371
349 567 349 371
350 568 350 371
351 570 351 372
352 572 352 372
353 573 353 372
354 575 354 373
355 577 355 373
356 578 356 373
357 580 357 373
358 581 358 374
359 583 359 374
360 585 360 374
361 586 361 374
362 588 362 375
363 590 363 375
364 591 364 375
365 593 365 376
366 594 366 376
367 596 367 376
368 598 368 377
369 599 369 377
370 601 370 377
371 603 371 378
372 604 372 378
373 606 373 378
374 608 374 378
375 609 375 379
376 611 376 379
377 612 377 379
378 614 378 380
379 616 379 380
380 617 380 380
381 619 381 381
382 621 382 381
383 622 383 381
384 624 384 382
385 625 385 382
386 627 386 382
388 629 388 383
389 630 389 383
390 632 390 383
391 634 391 384
392 635 392 384
393 637 393 384
394 638 394 385
395 640 395 385
396 642 396 385
397 643 397 386
398 645 398 386
399 646 399 386
400 648 400 387
401 650 401 387
402 651 402 387
403 653 403 388
404 655 404 388
405 656 405 388
406 658 406 389
407 659 407 389
408 661 408 390
409 663 409 390
410 664 410 390
411 666 411 391
412 668 412 391
413 669 413 391
414 671 414 392
415 672 415 392
416 674 416 393
417 676 417 393
418 677 418 393
419 679 419 394
420 680 420 394
421 682 421 395
422 684 422 395
423 685 423 395
424 687 424 396
425 689 425 396
426 690 426 396
427 692 427 397
428 693 428 397
429 695 429 398
430 697 430 398
432 698 432 399
433 700 433 399
434 701 434 399
435 703 435 400
436 705 436 400
437 706 437 401
438 708 438 401
439 709 439 401
440 711 440 402
441 713 441 402
442 714 442 403
443 716 443 403
444 718 444 404
445 719 445 404
446 721 446 405
447 722 447 405
448 724 448 405
449 726 449 406
450 727 450 406
451 729 451 407
452 730 452 407
453 732 453 408
454 734 454 408
455 735 455 408
456 737 456 409
457 738 457 409
458 740 458 410
459 742 459 410
460 743 460 411
461 745 461 411
462 746 462 412
463 748 463 412
464 750 464 413
465 751 465 413
466 753 466 414
467 754 467 414
468 756 468 414
469 758 469 415
470 759 470 415
471 761 471 416
472 762 472 416
473 764 473 417
475 766 475 417
476 767 476 418
477 769 477 418
478 770 478 419
479 772 479 419
480 774 480 420
481 775 481 420
482 777 482 421
483 778 483 421
484 780 484 422
485 782 485 422
486 783 486 423
487 785 487 423
488 786 488 424
489 788 489 424
490 790 490 425
491 791 491 425
492 793 492 426
493 794 493 426
494 796 494 427
495 798 495 428
496 799 496 428
497 801 497 429
498 802 498 429
499 804 499 430
500 806 500 430
501 807 501 431
502 809 502 431
503 810 503 432
504 812 504 432
505 813 505 433
506 815 506 433
507 817 507 434
508 818 508 434
509 820 509 435
510 821 510 435
511 823 511 436
512 825 512 437
513 826 513 437
514 828 514 438
515 829 515 438
516 831 516 439
518 833 518 439
519 834 519 440
520 836 520 440
521 837 521 441
522 839 522 442
523 840 523 442
524 842 524 443
525 844 525 443
526 845 526 444
527 847 527 444
528 848 528 445
529 850 529 446
530 852 530 446
531 853 531 447
532 855 532 447
533 856 533 448
534 858 534 448
535 859 535 449
536 861 536 450
537 863 537 450
538 864 538 451
539 866 539 451
540 867 540 452
541 869 541 453
542 871 542 453
543 872 543 454
544 874 544 454
545 875 545 455
546 877 546 456
547 878 547 456
548 880 548 457
549 882 549 458
550 883 550 458
551 885 551 459
552 886 552 459
553 888 553 460
554 889 554 460
555 891 555 461
556 893 556 462
557 894 557 462
558 896 558 463
559 897 559 463
561 899 561 464
562 900 562 465
563 902 563 465
564 904 564 466
565 905 565 467
566 907 566 467
567 908 567 468
568 910 568 469
569 911 569 469
570 913 570 470
571 915 571 471
572 916 572 471
573 918 573 472
574 919 574 472
575 921 575 473
576 922 576 474
577 924 577 474
578 926 578 475
579 927 579 476
580 929 580 476
581 930 581 477
582 932 582 478
583 933 583 478
584 935 584 479
585 936 585 479
586 938 586 480
587 940 587 481
588 941 588 482
589 943 589 482
590 944 590 483
591 946 591 484
592 947 592 484
593 949 593 485
594 951 594 486
595 952 595 486
596 954 596 487
597 955 597 488
598 957 598 489
599 958 599 489
600 960 600 490
601 961 601 490
602 963 602 491
604 965 604 492
605 966 605 493
606 968 606 493
607 969 607 494
608 971 608 495
609 972 609 495
610 974 610 496
611 975 611 497
612 977 612 497
613 979 613 498
614 980 614 499
615 982 615 500
616 983 616 500
617 985 617 501
618 986 618 502
619 988 619 503
620 989 620 503
621 991 621 504
622 993 622 505
623 994 623 505
624 996 624 506
625 997 625 507
626 999 626 508
627 1000 627 508
628 1002 628 509
629 1003 629 510
630 1005 630 510
631 1006 631 511
632 1008 632 512
633 1010 633 513
634 1011 634 513
635 1013 635 514
636 1014 636 515
637 1016 637 516
638 1017 638 516
639 1019 639 517
640 1020 640 518
641 1022 641 519
642 1023 642 519
643 1025 643 520
644 1027 644 521
645 1028 645 522
647 1030 647 523
648 1031 648 523
649 1033 649 524
650 1034 650 525
651 1036 651 526
652 1037 652 526
653 1039 653 527
654 1040 654 528
655 1042 655 529
656 1043 656 529
657 1045 657 530
658 1046 658 531
659 1048 659 532
660 1050 660 533
661 1051 661 533
662 1053 662 534
663 1054 663 535
664 1056 664 536
665 1057 665 536
666 1059 666 537
667 1060 667 538
668 1062 668 539
669 1063 669 539
670 1065 670 540
671 1066 671 541
672 1068 672 542
673 1069 673 542
674 1071 674 543
675 1073 675 544
676 1074 676 545
677 1076 677 546
678 1077 678 547
679 1079 679 548
680 1080 680 548
681 1082 681 549
682 1083 682 550
683 1085 683 551
684 1086 684 551
685 1088 685 552
686 1089 686 553
687 1091 687 554
688 1092 688 555
690 1094 690 556
691 1095 691 556
692 1097 692 557
693 1098 693 558
694 1100 694 559
695 1101 695 559
696 1103 696 560
697 1105 697 562
698 1106 698 562
699 1108 699 563
700 1109 700 564
701 1111 701 565
702 1112 702 565
703 1114 703 567
704 1115 704 567
705 1117 705 568
706 1118 706 569
707 1120 707 570
708 1121 708 570
709 1123 709 572
710 1124 710 572
711 1126 711 573
712 1127 712 574
713 1129 713 575
714 1130 714 575
715 1132 715 577
716 1133 716 577
717 1135 717 578
718 1136 718 579
719 1138 719 580
720 1139 720 581
721 1141 721 582
722 1142 722 582
723 1144 723 583
724 1145 724 584
725 1147 725 585
726 1148 726 586
727 1150 727 587
728 1151 728 587
729 1153 729 589
730 1154 730 589
731 1156 731 590
733 1157 733 591
734 1159 734 592
735 1160 735 593
736 1162 736 594
737 1163 737 594
738 1165 738 596
739 1166 739 596
740 1168 740 597
741 1169 741 598
742 1171 742 599
743 1172 743 600
744 1174 744 601
745 1175 745 602
746 1177 746 603
747 1178 747 603
748 1180 748 605
749 1181 749 605
750 1183 750 606
751 1184 751 607
752 1186 752 608
753 1187 753 609
754 1189 754 610
755 1190 755 611
756 1192 756 612
757 1193 757 612
758 1195 758 614
759 1196 759 614
760 1198 760 615
761 1199 761 616
762 1201 762 617
763 1202 763 618
764 1204 764 619
765 1205 765 620
766 1207 766 621
767 1208 767 622
768 1210 768 623
769 1211 769 624
770 1213 770 625
771 1214 771 625
772 1216 772 627
773 1217 773 627
774 1219 774 629
776 1220 776 629
777 1222 777 630
778 1223 778 631
779 1225 779 632
780 1226 780 633
781 1228 781 634
782 1229 782 635
783 1231 783 636
784 1232 784 637
785 1234 785 638
786 1235 786 639
787 1237 787 640
788 1238 788 641
789 1239 789 641
790 1241 790 643
791 1242 791 643
792 1244 792 644
793 1245 793 645
794 1247 794 646
795 1248 795 647
796 1250 796 648
797 1251 797 649
798 1253 798 650
799 1254 799 651
800 1256 800 652
801 1257 801 653
802 1259 802 654
803 1260 803 655
804 1262 804 656
805 1263 805 657
806 1265 806 658
807 1266 807 659
808 1267 808 659
809 1269 809 661
810 1270 810 661
811 1272 811 663
812 1273 812 663
813 1275 813 665
814 1276 814 665
815 1278 815 667
816 1279 816 667
817 1281 817 669
818 1282 818 670
820 1284 820 671
821 1285 821 672
822 1287 822 673
823 1288 823 674
824 1289 824 674
825 1291 825 676
826 1292 826 676
827 1294 827 678
828 1295 828 678
829 1297 829 680
830 1298 830 680
831 1300 831 682
832 1301 832 682
833 1303 833 684
834 1304 834 684
835 1306 835 686
836 1307 836 687
837 1308 837 687
838 1310 838 689
839 1311 839 689
840 1313 840 691
841 1314 841 691
842 1316 842 693
843 1317 843 694
844 1319 844 695
845 1320 845 696
846 1322 846 697
847 1323 847 698
848 1324 848 698
849 1326 849 700
850 1327 850 701
851 1329 851 702
852 1330 852 703
853 1332 853 704
854 1333 854 705
855 1335 855 706
856 1336 856 707
857 1337 857 708
858 1339 858 709
859 1340 859 710
860 1342 860 711
861 1343 861 712
863 1345 863 713
864 1346 864 714
865 1348 865 716
866 1349 866 716
867 1350 867 717
868 1352 868 718
869 1353 869 719
870 1355 870 721
871 1356 871 721
872 1358 872 723
873 1359 873 723
874 1360 874 724
875 1362 875 726
876 1363 876 726
877 1365 877 728
878 1366 878 729
879 1368 879 730
880 1369 880 731
881 1371 881 732
882 1372 882 733
883 1373 883 734
884 1375 884 735
885 1376 885 736
886 1378 886 737
887 1379 887 738
888 1381 888 740
889 1382 889 740
890 1383 890 741
891 1385 891 743
892 1386 892 743
893 1388 893 745
894 1389 894 746
895 1391 895 747
896 1392 896 748
897 1393 897 749
898 1395 898 750
899 1396 899 751
900 1398 900 752
901 1399 901 753
902 1401 902 755
903 1402 903 755
904 1403 904 756
906 1405 906 758
907 1406 907 759
908 1408 908 760
909 1409 909 761
910 1410 910 762
911 1412 911 763
912 1413 912 764
913 1415 913 765
914 1416 914 766
915 1418 915 768
916 1419 916 768
917 1420 917 769
918 1422 918 771
919 1423 919 772
920 1425 920 773
921 1426 921 774
922 1427 922 775
923 1429 923 776
924 1430 924 777
925 1432 925 779
926 1433 926 779
927 1435 927 781
928 1436 928 782
929 1437 929 782
930 1439 930 784
931 1440 931 785
932 1442 932 786
933 1443 933 787
934 1444 934 788
935 1446 935 790
936 1447 936 790
937 1449 937 792
938 1450 938 793
939 1451 939 794
940 1453 940 795
941 1454 941 796
942 1456 942 798
943 1457 943 798
944 1458 944 799
945 1460 945 801
946 1461 946 802
947 1463 947 803
949 1464 949 804
950 1465 950 805
951 1467 951 806
952 1468 952 807
953 1470 953 809
954 1471 954 810
955 1472 955 810
956 1474 956 812
957 1475 957 813
958 1477 958 814
959 1478 959 815
960 1479 960 816
961 1481 961 818
962 1482 962 819
963 1484 963 820
964 1485 964 821
965 1486 965 822
966 1488 966 823
967 1489 967 824
968 1490 968 825
969 1492 969 827
970 1493 970 828
971 1495 971 829
972 1496 972 830
973 1497 973 831
974 1499 974 832
975 1500 975 833
976 1502 976 835
977 1503 977 836
978 1504 978 837
979 1506 979 838
980 1507 980 839
981 1509 981 841
982 1510 982 842
983 1511 983 842
984 1513 984 844
985 1514 985 845
986 1515 986 846
987 1517 987 848
988 1518 988 848
989 1520 989 850
990 1521 990 851
992 1522 992 852
993 1524 993 853
994 1525 994 854
995 1526 995 855
996 1528 996 857
997 1529 997 858
998 1531 998 859
999 1532 999 860
1000 1533 1000 861
1001 1535 1001 863
1002 1536 1002 864
1003 1537 1003 865
1004 1539 1004 866
1005 1540 1005 867
1006 1541 1006 868
1007 1543 1007 870
1008 1544 1008 871
1009 1546 1009 872
1010 1547 1010 873
1011 1548 1011 874
1012 1550 1012 876
1013 1551 1013 877
1014 1552 1014 877
1015 1554 1015 879
1016 1555 1016 880
1017 1556 1017 881
1018 1558 1018 883
1019 1559 1019 884
1020 1561 1020 885
1021 1562 1021 886
1022 1563 1022 887
1023 1565 1023 889
1024 1566 1024 890
1025 1567 1025 891
1026 1569 1026 892
1027 1570 1027 893
1028 1571 1028 894
1029 1573 1029 896
1030 1574 1030 897
1031 1575 1031 898
1032 1577 1032 899
1033 1578 1033 900
1035 1580 1035 902
1036 1581 1036 903
1037 1582 1037 904
1038 1584 1038 906
1039 1585 1039 906
1040 1586 1040 907
1041 1588 1041 909
1042 1589 1042 910
1043 1590 1043 911
1044 1592 1044 913
1045 1593 1045 914
1046 1594 1046 914
1047 1596 1047 916
1048 1597 1048 917
1049 1598 1049 918
1050 1600 1050 920
1051 1601 1051 921
1052 1602 1052 922
1053 1604 1053 923
1054 1605 1054 924
1055 1606 1055 925
1056 1608 1056 927
1057 1609 1057 928
1058 1610 1058 929
1059 1612 1059 931
1060 1613 1060 932
1061 1614 1061 933
1062 1616 1062 934
1063 1617 1063 935
1064 1619 1064 937
1065 1620 1065 938
1066 1621 1066 939
1067 1623 1067 941
1068 1624 1068 942
1069 1625 1069 943
1070 1627 1070 944
1071 1628 1071 945
1072 1629 1072 946
1073 1630 1073 947
1074 1632 1074 949
1075 1633 1075 950
1076 1634 1076 951
1078 1636 1078 953
1079 1637 1079 954
1080 1638 1080 955
1081 1640 1081 956
1082 1641 1082 957
1083 1642 1083 958
1084 1644 1084 960
1085 1645 1085 961
1086 1646 1086 962
1087 1648 1087 964
1088 1649 1088 965
1089 1650 1089 966
1090 1652 1090 968
1091 1653 1091 969
1092 1654 1092 970
1093 1656 1093 971
1094 1657 1094 972
1095 1658 1095 973
1096 1660 1096 975
1097 1661 1097 976
1098 1662 1098 977
1099 1664 1099 979
1100 1665 1100 980
1101 1666 1101 981
1102 1667 1102 982
1103 1669 1103 984
1104 1670 1104 985
1105 1671 1105 986
1106 1673 1106 988
1107 1674 1107 989
1108 1675 1108 989
1109 1677 1109 991
1110 1678 1110 992
1111 1679 1111 993
1112 1681 1112 995
1113 1682 1113 996
1114 1683 1114 997
1115 1684 1115 998
1116 1686 1116 1000
1117 1687 1117 1001
1118 1688 1118 1002
1119 1690 1119 1004
1121 1691 1121 1005
1122 1692 1122 1006
1123 1694 1123 1008
1124 1695 1124 1009
1125 1696 1125 1010
1126 1698 1126 1012
1127 1699 1127 1013
1128 1700 1128 1014
1129 1701 1129 1015
1130 1703 1130 1016
1131 1704 1131 1017
1132 1705 1132 1018
1133 1707 1133 1020
1134 1708 1134 1021
1135 1709 1135 1022
1136 1710 1136 1023
1137 1712 1137 1025
1138 1713 1138 1026
1139 1714 1139 1027
1140 1716 1140 1029
1141 1717 1141 1030
1142 1718 1142 1031
1143 1720 1143 1033
1144 1721 1144 1034
1145 1722 1145 1035
1146 1723 1146 1036
1147 1725 1147 1038
1148 1726 1148 1039
1149 1727 1149 1040
1150 1729 1150 1042
1151 1730 1151 1043
1152 1731 1152 1044
1153 1732 1153 1045
1154 1734 1154 1047
1155 1735 1155 1048
1156 1736 1156 1049
1157 1737 1157 1050
1158 1739 1158 1052
1159 1740 1159 1053
1160 1741 1160 1054
1161 1743 1161 1056
1162 1744 1162 1057
1164 1745 1164 1058
1165 1746 1165 1059
1166 1748 1166 1061
1167 1749 1167 1062
1168 1750 1168 1063
1169 1752 1169 1065
1170 1753 1170 1066
1171 1754 1171 1067
1172 1755 1172 1068
1173 1757 1173 1070
1174 1758 1174 1071
1175 1759 1175 1072
1176 1760 1176 1073
1177 1762 1177 1075
1178 1763 1178 1076
1179 1764 1179 1077
1180 1766 1180 1079
1181 1767 1181 1080
1182 1768 1182 1081
1183 1769 1183 1082
1184 1771 1184 1084
1185 1772 1185 1085
1186 1773 1186 1086
1187 1774 1187 1088
1188 1776 1188 1090
1189 1777 1189 1091
1190 1778 1190 1092
1191 1779 1191 1093
1192 1781 1192 1095
1193 1782 1193 1096
1194 1783 1194 1097
1195 1784 1195 1098
1196 1786 1196 1100
1197 1787 1197 1101
1198 1788 1198 1102
1199 1789 1199 1103
1200 1791 1200 1105
1201 1792 1201 1106
1202 1793 1202 1107
1203 1794 1203 1108
1204 1796 1204 1110
1205 1797 1205 1111
1207 1798 1207 1112
1208 1799 1208 1113
1209 1801 1209 1115
1210 1802 1210 1117
1211 1803 1211 1118
1212 1804 1212 1119
1213 1806 1213 1121
1214 1807 1214 1122
1215 1808 1215 1123
1216 1809 1216 1124
1217 1811 1217 1126
1218 1812 1218 1127
1219 1813 1219 1128
1220 1814 1220 1129
1221 1816 1221 1131
1222 1817 1222 1132
1223 1818 1223 1133
1224 1819 1224 1134
1225 1821 1225 1137
1226 1822 1226 1138
1227 1823 1227 1139
1228 1824 1228 1140
1229 1826 1229 1142
1230 1827 1230 1143
1231 1828 1231 1144
1232 1829 1232 1145
1233 1831 1233 1147
1234 1832 1234 1148
1235 1833 1235 1149
1236 1834 1236 1150
1237 1835 1237 1151
1238 1837 1238 1154
1239 1838 1239 1155
1240 1839 1240 1156
1241 1840 1241 1157
1242 1842 1242 1159
1243 1843 1243 1160
1244 1844 1244 1161
1245 1845 1245 1162
1246 1847 1246 1164
1247 1848 1247 1165
1248 1849 1248 1166
1249 1850 1249 1168
1251 1851 1251 1169
1252 1853 1252 1171
1253 1854 1253 1172
1254 1855 1254 1173
1255 1856 1255 1174
1256 1858 1256 1176
1257 1859 1257 1177
1258 1860 1258 1178
1259 1861 1259 1179
1260 1862 1260 1181
1261 1864 1261 1183
1262 1865 1262 1184
1263 1866 1263 1185
1264 1867 1264 1186
1265 1868 1265 1187
1266 1870 1266 1189
1267 1871 1267 1190
1268 1872 1268 1191
1269 1873 1269 1193
1270 1875 1270 1195
1271 1876 1271 1196
1272 1877 1272 1197
1273 1878 1273 1198
1274 1879 1274 1199
1275 1881 1275 1201
1276 1882 1276 1202
1277 1883 1277 1204
1278 1884 1278 1205
1279 1885 1279 1206
1280 1887 1280 1208
1281 1888 1281 1209
1282 1889 1282 1210
1283 1890 1283 1211
1284 1891 1284 1212
1285 1893 1285 1215
1286 1894 1286 1216
1287 1895 1287 1217
1288 1896 1288 1218
1289 1897 1289 1219
1290 1899 1290 1221
1291 1900 1291 1222
1292 1901 1292 1224
1294 1902 1294 1225
1295 1903 1295 1226
1296 1905 1296 1228
1297 1906 1297 1229
1298 1907 1298 1230
1299 1908 1299 1231
1300 1909 1300 1233
1301 1911 1301 1235
1302 1912 1302 1236
1303 1913 1303 1237
1304 1914 1304 1238
1305 1915 1305 1239
1306 1917 1306 1242
1307 1918 1307 1243
1308 1919 1308 1244
1309 1920 1309 1245
1310 1921 1310 1246
1311 1922 1311 1247
1312 1924 1312 1249
1313 1925 1313 1251
1314 1926 1314 1252
1315 1927 1315 1253
1316 1928 1316 1254
1317 1930 1317 1256
1318 1931 1318 1257
1319 1932 1319 1259
1320 1933 1320 1260
1321 1934 1321 1261
1322 1935 1322 1262
1323 1937 1323 1264
1324 1938 1324 1265
1325 1939 1325 1267
1326 1940 1326 1268
1327 1941 1327 1269
1328 1943 1328 1271
1329 1944 1329 1272
1330 1945 1330 1273
1331 1946 1331 1275
1332 1947 1332 1276
1333 1948 1333 1277
1334 1950 1334 1279
1335 1951 1335 1280
1337 1952 1337 1281
1338 1953 1338 1283
1339 1954 1339 1284
1340 1955 1340 1285
1341 1957 1341 1287
1342 1958 1342 1288
1343 1959 1343 1290
1344 1960 1344 1291
1345 1961 1345 1292
1346 1962 1346 1293
1347 1964 1347 1295
1348 1965 1348 1297
1349 1966 1349 1298
1350 1967 1350 1299
1351 1968 1351 1300
1352 1969 1352 1301
1353 1970 1353 1302
1354 1972 1354 1305
1355 1973 1355 1306
1356 1974 1356 1307
1357 1975 1357 1308
1358 1976 1358 1309
1359 1977 1359 1311
1360 1979 1360 1313
1361 1980 1361 1314
1362 1981 1362 1315
1363 1982 1363 1316
1364 1983 1364 1318
1365 1984 1365 1319
1366 1985 1366 1320
1367 1987 1367 1322
1368 1988 1368 1323
1369 1989 1369 1325
1370 1990 1370 1326
1371 1991 1371 1327
1372 1992 1372 1328
1373 1994 1373 1331
1374 1995 1374 1332
1375 1996 1375 1333
1376 1997 1376 1334
1377 1998 1377 1335
1378 1999 1378 1336
1380 2000 1380 1338
1381 2002 1381 1340
1382 2003 1382 1341
1383 2004 1383 1342
1384 2005 1384 1344
1385 2006 1385 1345
1386 2007 1386 1346
1387 2008 1387 1347
1388 2010 1388 1350
1389 2011 1389 1351
1390 2012 1390 1352
1391 2013 1391 1353
1392 2014 1392 1354
1393 2015 1393 1356
1394 2016 1394 1357
1395 2017 1395 1358
1396 2019 1396 1360
1397 2020 1397 1362
1398 2021 1398 1363
1399 2022 1399 1364
1400 2023 1400 1365
1401 2024 1401 1366
1402 2025 1402 1368
1403 2026 1403 1369
1404 2028 1404 1371
1405 2029 1405 1372
1406 2030 1406 1374
1407 2031 1407 1375
1408 2032 1408 1376
1409 2033 1409 1377
1410 2034 1410 1378
1411 2035 1411 1380
1412 2037 1412 1382
1413 2038 1413 1383
1414 2039 1414 1385
1415 2040 1415 1386
1416 2041 1416 1387
1417 2042 1417 1388
1418 2043 1418 1389
1419 2044 1419 1391
1420 2046 1420 1393
1421 2047 1421 1394
1423 2048 1423 1396
1424 2049 1424 1397
1425 2050 1425 1398
1426 2051 1426 1399
1427 2052 1427 1400
1428 2053 1428 1402
1429 2054 1429 1403
1430 2056 1430 1405
1431 2057 1431 1407
1432 2058 1432 1408
1433 2059 1433 1409
1434 2060 1434 1410
1435 2061 1435 1411
1436 2062 1436 1413
1437 2063 1437 1414
1438 2064 1438 1415
1439 2065 1439 1416
1440 2067 1440 1419
1441 2068 1441 1420
1442 2069 1442 1421
1443 2070 1443 1423
1444 2071 1444 1424
1445 2072 1445 1425
1446 2073 1446 1426
1447 2074 1447 1428
1448 2075 1448 1429
1449 2076 1449 1430
1450 2078 1450 1433
1451 2079 1451 1434
1452 2080 1452 1435
1453 2081 1453 1436
1454 2082 1454 1437
1455 2083 1455 1439
1456 2084 1456 1440
1457 2085 1457 1441
1458 2086 1458 1442
1459 2087 1459 1444
1460 2089 1460 1446
1461 2090 1461 1447
1462 2091 1462 1449
1463 2092 1463 1450
1464 2093 1464 1451
1466 2094 1466 1452
1467 2095 1467 1454
1468 2096 1468 1455
1469 2097 1469 1456
1470 2098 1470 1458
1471 2099 1471 1459
1472 2100 1472 1460
1473 2102 1473 1463
1474 2103 1474 1464
1475 2104 1475 1465
1476 2105 1476 1466
1477 2106 1477 1468
1478 2107 1478 1469
1479 2108 1479 1470
1480 2109 1480 1471
1481 2110 1481 1473
1482 2111 1482 1474
1483 2112 1483 1475
1484 2113 1484 1476
1485 2114 1485 1478
1486 2116 1486 1480
1487 2117 1487 1482
1488 2118 1488 1483
1489 2119 1489 1484
1490 2120 1490 1485
1491 2121 1491 1487
1492 2122 1492 1488
1493 2123 1493 1489
1494 2124 1494 1490
1495 2125 1495 1492
1496 2126 1496 1493
1497 2127 1497 1494
1498 2128 1498 1496
1499 2129 1499 1497
1500 2130 1500 1498
1501 2132 1501 1501
1502 2133 1502 1502
1503 2134 1503 1503
1504 2135 1504 1505
1505 2136 1505 1506
1506 2137 1506 1507
1507 2138 1507 1508
1509 2139 1509 1510
1510 2140 1510 1511
1511 2141 1511 1512
1512 2142 1512 1514
1513 2143 1513 1515
1514 2144 1514 1516
1515 2145 1515 1517
1516 2146 1516 1519
1517 2147 1517 1520
1518 2148 1518 1521
1519 2149 1519 1523
1520 2151 1520 1525
1521 2152 1521 1526
1522 2153 1522 1528
1523 2154 1523 1529
1524 2155 1524 1530
1525 2156 1525 1532
1526 2157 1526 1533
1527 2158 1527 1534
1528 2159 1528 1536
1529 2160 1529 1537
1530 2161 1530 1538
1531 2162 1531 1540
1532 2163 1532 1541
1533 2164 1533 1542
1534 2165 1534 1543
1535 2166 1535 1545
1536 2167 1536 1546
1537 2168 1537 1547
1538 2169 1538 1549
1539 2170 1539 1550
1540 2171 1540 1551
1541 2172 1541 1553
1542 2173 1542 1554
1543 2175 1543 1557
1544 2176 1544 1558
1545 2177 1545 1559
1546 2178 1546 1560
1547 2179 1547 1562
1548 2180 1548 1563
1549 2181 1549 1564
1550 2182 1550 1566
1552 2183 1552 1567
1553 2184 1553 1568
1554 2185 1554 1570
1555 2186 1555 1571
1556 2187 1556 1572
1557 2188 1557 1574
1558 2189 1558 1575
1559 2190 1559 1576
1560 2191 1560 1578
1561 2192 1561 1579
1562 2193 1562 1580
1563 2194 1563 1582
1564 2195 1564 1583
1565 2196 1565 1584
1566 2197 1566 1586
1567 2198 1567 1587
1568 2199 1568 1588
1569 2200 1569 1590
1570 2201 1570 1591
1571 2202 1571 1592
1572 2203 1572 1594
1573 2204 1573 1595
1574 2205 1574 1596
1575 2206 1575 1598
1576 2207 1576 1599
1577 2208 1577 1600
1578 2209 1578 1602
1579 2210 1579 1603
1580 2211 1580 1604
1581 2212 1581 1606
1582 2213 1582 1607
1583 2214 1583 1608
1584 2215 1584 1610
1585 2216 1585 1611
1586 2217 1586 1612
1587 2218 1587 1614
1588 2219 1588 1615
1589 2220 1589 1616
1590 2221 1590 1618
1591 2222 1591 1619
1592 2223 1592 1620
1593 2224 1593 1622
1595 2225 1595 1623
1596 2226 1596 1624
1597 2227 1597 1626
1598 2228 1598 1627
1599 2229 1599 1628
1600 2230 1600 1630
1601 2231 1601 1631
1602 2232 1602 1633
1603 2233 1603 1634
1604 2234 1604 1635
1605 2235 1605 1637
1606 2236 1606 1638
1607 2237 1607 1639
1608 2238 1608 1641
1609 2239 1609 1642
1610 2240 1610 1643
1611 2241 1611 1645
1612 2242 1612 1646
1613 2243 1613 1647
1614 2244 1614 1649
1615 2245 1615 1650
1616 2246 1616 1652
1617 2247 1617 1653
1618 2248 1618 1654
1619 2249 1619 1656
1620 2250 1620 1657
1621 2251 1621 1658
1622 2252 1622 1660
1623 2253 1623 1661
1624 2254 1624 1662
1625 2255 1625 1664
1626 2256 1626 1665
1627 2257 1627 1667
1628 2258 1628 1668
1629 2259 1629 1669
1630 2260 1630 1671
1631 2261 1631 1672
1632 2262 1632 1673
1633 2263 1633 1675
1634 2264 1634 1676
1635 2265 1635 1678
1636 2266 1636 1679
1637 2267 1637 1680
1639 2268 1639 1682
1640 2269 1640 1683
1641 2270 1641 1685
1642 2271 1642 1686
1643 2272 1643 1687
1644 2273 1644 1689
1645 2274 1645 1690
1646 2275 1646 1691
1647 2276 1647 1693
1648 2277 1648 1694
1649 2278 1649 1696
1650 2279 1650 1697
1651 2279 1651 1697
1652 2280 1652 1698
1653 2281 1653 1700
1654 2282 1654 1701
1655 2283 1655 1703
1656 2284 1656 1704
1657 2285 1657 1705
1658 2286 1658 1707
1659 2287 1659 1708
1660 2288 1660 1709
1661 2289 1661 1711
1662 2290 1662 1712
1663 2291 1663 1714
1664 2292 1664 1715
1665 2293 1665 1716
1666 2294 1666 1718
1667 2295 1667 1719
1668 2296 1668 1721
1669 2297 1669 1722
1670 2298 1670 1723
1671 2299 1671 1725
1672 2300 1672 1726
1673 2301 1673 1728
1674 2302 1674 1729
1675 2302 1675 1729
1676 2303 1676 1730
1677 2304 1677 1732
1678 2305 1678 1733
1679 2306 1679 1735
1680 2307 1680 1736
1682 2308 1682 1738
1683 2309 1683 1739
1684 2310 1684 1740
1685 2311 1685 1742
1686 2312 1686 1743
1687 2313 1687 1745
1688 2314 1688 1746
1689 2315 1689 1747
1690 2316 1690 1749
1691 2317 1691 1750
1692 2318 1692 1752
1693 2318 1693 1752
1694 2319 1694 1753
1695 2320 1695 1754
1696 2321 1696 1756
1697 2322 1697 1757
1698 2323 1698 1759
1699 2324 1699 1760
1700 2325 1700 1762
1701 2326 1701 1763
1702 2327 1702 1764
1703 2328 1703 1766
1704 2329 1704 1767
1705 2330 1705 1769
1706 2331 1706 1770
1707 2332 1707 1772
1708 2332 1708 1772
1709 2333 1709 1773
1710 2334 1710 1774
1711 2335 1711 1776
1712 2336 1712 1777
1713 2337 1713 1779
1714 2338 1714 1780
1715 2339 1715 1782
1716 2340 1716 1783
1717 2341 1717 1784
1718 2342 1718 1786
1719 2343 1719 1787
1720 2344 1720 1789
1721 2344 1721 1789
1722 2345 1722 1790
1723 2346 1723 1792
1725 2347 1725 1793
1726 2348 1726 1794
1727 2349 1727 1796
1728 2350 1728 1797
1729 2351 1729 1799
1730 2352 1730 1800
1731 2353 1731 1802
1732 2354 1732 1803
1733 2355 1733 1805
1734 2355 1734 1805
1735 2356 1735 1806
1736 2357 1736 1807
1737 2358 1737 1809
1738 2359 1738 1810
1739 2360 1739 1812
1740 2361 1740 1813
1741 2362 1741 1815
1742 2363 1742 1816
1743 2364 1743 1818
1744 2365 1744 1819
1745 2365 1745 1819
1746 2366 1746 1820
1747 2367 1747 1822
1748 2368 1748 1823
1749 2369 1749 1825
1750 2370 1750 1826
1751 2371 1751 1828
1752 2372 1752 1829
1753 2373 1753 1831
1754 2374 1754 1832
1755 2374 1755 1832
1756 2375 1756 1833
1757 2376 1757 1835
1758 2377 1758 1836
1759 2378 1759 1838
1760 2379 1760 1839
1761 2380 1761 1841
1762 2381 1762 1842
1763 2382 1763 1844
1764 2382 1764 1844
1765 2383 1765 1845
1766 2384 1766 1847
1768 2385 1768 1848
1769 2386 1769 1850
1770 2387 1770 1851
1771 2388 1771 1852
1772 2389 1772 1854
1773 2390 1773 1855
1774 2390 1774 1855
1775 2391 1775 1857
1776 2392 1776 1858
1777 2393 1777 1860
1778 2394 1778 1861
1779 2395 1779 1863
1780 2396 1780 1864
1781 2397 1781 1866
1782 2398 1782 1867
1783 2398 1783 1867
1784 2399 1784 1869
1785 2400 1785 1870
1786 2401 1786 1872
1787 2402 1787 1873
1788 2403 1788 1875
1789 2404 1789 1876
1790 2405 1790 1878
1791 2405 1791 1878
1792 2406 1792 1879
1793 2407 1793 1880
1794 2408 1794 1882
1795 2409 1795 1883
1796 2410 1796 1885
1797 2411 1797 1886
1798 2412 1798 1888
1799 2412 1799 1888
1800 2413 1800 1889
1801 2414 1801 1891
1802 2415 1802 1892
1803 2416 1803 1894
1804 2417 1804 1895
1805 2418 1805 1897
1806 2418 1806 1897
1807 2419 1807 1898
1808 2420 1808 1900
1809 2421 1809 1901
1811 2422 1811 1903
1812 2423 1812 1904
1813 2424 1813 1906
1814 2424 1814 1906
1815 2425 1815 1907
1816 2426 1816 1909
1817 2427 1817 1910
1818 2428 1818 1912
1819 2429 1819 1913
1820 2430 1820 1915
1821 2430 1821 1915
1822 2431 1822 1916
1823 2432 1823 1918
1824 2433 1824 1919
1825 2434 1825 1921
1826 2435 1826 1922
1827 2436 1827 1924
1828 2436 1828 1924
1829 2437 1829 1925
1830 2438 1830 1927
1831 2439 1831 1928
1832 2440 1832 1930
1833 2441 1833 1931
1834 2442 1834 1933
1835 2442 1835 1933
1836 2443 1836 1934
1837 2444 1837 1936
1838 2445 1838 1937
1839 2446 1839 1939
1840 2447 1840 1940
1841 2447 1841 1940
1842 2448 1842 1942
1843 2449 1843 1943
1844 2450 1844 1945
1845 2451 1845 1946
1846 2452 1846 1948
1847 2452 1847 1948
1848 2453 1848 1949
1849 2454 1849 1951
1850 2455 1850 1952
1851 2456 1851 1954
1852 2457 1852 1955
1854 2458 1854 1957
1855 2458 1855 1957
1856 2459 1856 1958
1857 2460 1857 1960
1858 2461 1858 1961
1859 2462 1859 1963
1860 2462 1860 1963
1861 2463 1861 1964
1862 2464 1862 1966
1863 2465 1863 1967
1864 2466 1864 1969
1865 2467 1865 1971
1866 2467 1866 1971
1867 2468 1867 1972
1868 2469 1868 1974
1869 2470 1869 1975
1870 2471 1870 1977
1871 2472 1871 1978
1872 2472 1872 1978
1873 2473 1873 1980
1874 2474 1874 1981
1875 2475 1875 1983
1876 2476 1876 1984
1877 2477 1877 1986
1878 2477 1878 1986
1879 2478 1879 1987
1880 2479 1880 1989
1881 2480 1881 1990
1882 2481 1882 1992
1883 2481 1883 1992
1884 2482 1884 1993
1885 2483 1885 1995
1886 2484 1886 1997
1887 2485 1887 1998
1888 2485 1888 1998
1889 2486 1889 2000
1890 2487 1890 2001
1891 2488 1891 2003
1892 2489 1892 2004
1893 2490 1893 2006
1894 2490 1894 2006
1895 2491 1895 2007
1897 2492 1897 2009
1898 2493 1898 2010
1899 2494 1899 2012
1900 2494 1900 2012
1901 2495 1901 2013
1902 2496 1902 2015
1903 2497 1903 2017
1904 2498 1904 2018
1905 2498 1905 2018
1906 2499 1906 2020
1907 2500 1907 2021
1908 2501 1908 2023
1909 2502 1909 2024
1910 2502 1910 2024
1911 2503 1911 2026
1912 2504 1912 2027
1913 2505 1913 2029
1914 2506 1914 2030
1915 2506 1915 2030
1916 2507 1916 2032
1917 2508 1917 2034
1918 2509 1918 2035
1919 2510 1919 2037
1920 2510 1920 2037
1921 2511 1921 2038
1922 2512 1922 2040
1923 2513 1923 2041
1924 2514 1924 2043
1925 2514 1925 2043
1926 2515 1926 2044
1927 2516 1927 2046
1928 2517 1928 2048
1929 2517 1929 2048
1930 2518 1930 2049
1931 2519 1931 2051
1932 2520 1932 2052
1933 2521 1933 2054
1934 2521 1934 2054
1935 2522 1935 2055
1936 2523 1936 2057
1937 2524 1937 2058
1938 2525 1938 2060
1940 2525 1940 2060
1941 2526 1941 2062
1942 2527 1942 2063
1943 2528 1943 2065
1944 2528 1944 2065
1945 2529 1945 2066
1946 2530 1946 2068
1947 2531 1947 2069
1948 2532 1948 2071
1949 2532 1949 2071
1950 2533 1950 2073
1951 2534 1951 2074
1952 2535 1952 2076
1953 2535 1953 2076
1954 2536 1954 2077
1955 2537 1955 2079
1956 2538 1956 2080
1957 2539 1957 2082
1958 2539 1958 2082
1959 2540 1959 2084
1960 2541 1960 2085
1961 2542 1961 2087
1962 2542 1962 2087
1963 2543 1963 2088
1964 2544 1964 2090
1965 2545 1965 2091
1966 2545 1966 2091
1967 2546 1967 2093
1968 2547 1968 2095
1969 2548 1969 2096
1970 2548 1970 2096
1971 2549 1971 2098
1972 2550 1972 2099
1973 2551 1973 2101
1974 2552 1974 2103
1975 2552 1975 2103
1976 2553 1976 2104
1977 2554 1977 2106
1978 2555 1978 2107
1979 2555 1979 2107
1980 2556 1980 2109
1981 2557 1981 2110
1983 2558 1983 2112
1984 2558 1984 2112
1985 2559 1985 2114
1986 2560 1986 2115
1987 2561 1987 2117
1988 2561 1988 2117
1989 2562 1989 2118
1990 2563 1990 2120
1991 2564 1991 2122
1992 2564 1992 2122
1993 2565 1993 2123
1994 2566 1994 2125
1995 2567 1995 2126
1996 2567 1996 2126
1997 2568 1997 2128
1998 2569 1998 2130
1999 2570 1999 2131
2000 2570 2000 2131
2001 2571 2001 2133
2002 2572 2002 2134
2003 2573 2003 2136
2004 2573 2004 2136
2005 2574 2005 2138
2006 2575 2006 2139
2007 2576 2007 2141
2008 2576 2008 2141
2009 2577 2009 2142
2010 2578 2010 2144
2011 2578 2011 2144
2012 2579 2012 2146
2013 2580 2013 2147
2014 2581 2014 2149
2015 2581 2015 2149
2016 2582 2016 2150
2017 2583 2017 2152
2018 2584 2018 2154
2019 2584 2019 2154
2020 2585 2020 2155
2021 2586 2021 2157
2022 2587 2022 2158
2023 2587 2023 2158
2024 2588 2024 2160
2026 2589 2026 2162
2027 2589 2027 2162
2028 2590 2028 2163
2029 2591 2029 2165
2030 2592 2030 2166
2031 2592 2031 2166
2032 2593 2032 2168
2033 2594 2033 2170
2034 2595 2034 2171
2035 2595 2035 2171
2036 2596 2036 2173
2037 2597 2037 2175
2038 2597 2038 2175
2039 2598 2039 2176
2040 2599 2040 2178
2041 2600 2041 2179
2042 2600 2042 2179
2043 2601 2043 2181
2044 2602 2044 2183
2045 2602 2045 2183
2046 2603 2046 2184
2047 2604 2047 2186
2048 2605 2048 2187
2049 2605 2049 2187
2050 2606 2050 2189
2051 2607 2051 2191
2052 2608 2052 2192
2053 2608 2053 2192
2054 2609 2054 2194
2055 2610 2055 2196
2056 2610 2056 2196
2057 2611 2057 2197
2058 2612 2058 2199
2059 2612 2059 2199
2060 2613 2060 2200
2061 2614 2061 2202
2062 2615 2062 2204
2063 2615 2063 2204
2064 2616 2064 2205
2065 2617 2065 2207
2066 2617 2066 2207
2067 2618 2067 2209
2068 2619 2068 2210
2070 2620 2070 2212
2071 2620 2071 2212
2072 2621 2072 2213
2073 2622 2073 2215
2074 2622 2074 2215
2075 2623 2075 2217
2076 2624 2076 2218
2077 2624 2077 2218
2078 2625 2078 2220
2079 2626 2079 2222
2080 2627 2080 2223
2081 2627 2081 2223
2082 2628 2082 2225
2083 2629 2083 2227
2084 2629 2084 2227
2085 2630 2085 2228
2086 2631 2086 2230
2087 2631 2087 2230
2088 2632 2088 2232
2089 2633 2089 2233
2090 2634 2090 2235
2091 2634 2091 2235
2092 2635 2092 2236
2093 2636 2093 2238
2094 2636 2094 2238
2095 2637 2095 2240
2096 2638 2096 2241
2097 2638 2097 2241
2098 2639 2098 2243
2099 2640 2099 2245
2100 2640 2100 2245
2101 2641 2101 2246
2102 2642 2102 2248
2103 2642 2103 2248
2104 2643 2104 2250
2105 2644 2105 2251
2106 2645 2106 2253
2107 2645 2107 2253
2108 2646 2108 2255
2109 2647 2109 2256
2110 2647 2110 2256
2111 2648 2111 2258
2113 2649 2113 2260
2114 2649 2114 2260
2115 2650 2115 2261
2116 2651 2116 2263
2117 2651 2117 2263
2118 2652 2118 2264
2119 2653 2119 2266
2120 2653 2120 2266
2121 2654 2121 2268
2122 2655 2122 2269
2123 2655 2123 2269
2124 2656 2124 2271
2125 2657 2125 2273
2126 2657 2126 2273
2127 2658 2127 2274
2128 2659 2128 2276
2129 2659 2129 2276
2130 2660 2130 2278
2131 2661 2131 2279
2132 2661 2132 2279
2133 2662 2133 2281
2134 2663 2134 2283
2135 2663 2135 2283
2136 2664 2136 2284
2137 2665 2137 2286
2138 2665 2138 2286
2139 2666 2139 2288
2140 2667 2140 2289
2141 2667 2141 2289
2142 2668 2142 2291
2143 2669 2143 2293
2144 2669 2144 2293
2145 2670 2145 2294
2146 2671 2146 2296
2147 2671 2147 2296
2148 2672 2148 2298
2149 2673 2149 2299
2150 2673 2150 2299
2151 2674 2151 2301
2152 2675 2152 2303
2153 2675 2153 2303
2154 2676 2154 2304
2156 2677 2156 2306
2157 2677 2157 2306
2158 2678 2158 2308
2159 2679 2159 2309
2160 2679 2160 2309
2161 2680 2161 2311
2162 2681 2162 2313
2163 2681 2163 2313
2164 2682 2164 2314
2165 2683 2165 2316
2166 2683 2166 2316
2167 2684 2167 2318
2168 2684 2168 2318
2169 2685 2169 2319
2170 2686 2170 2321
2171 2686 2171 2321
2172 2687 2172 2323
2173 2688 2173 2325
2174 2688 2174 2325
2175 2689 2175 2326
2176 2690 2176 2328
2177 2690 2177 2328
2178 2691 2178 2330
2179 2692 2179 2331
2180 2692 2180 2331
2181 2693 2181 2333
2182 2693 2182 2333
2183 2694 2183 2335
2184 2695 2184 2336
2185 2695 2185 2336
2186 2696 2186 2338
2187 2697 2187 2340
2188 2697 2188 2340
2189 2698 2189 2341
2190 2699 2190 2343
2191 2699 2191 2343
2192 2700 2192 2345
2193 2701 2193 2346
2194 2701 2194 2346
2195 2702 2195 2348
2196 2702 2196 2348
2197 2703 2197 2350
2199 2704 2199 2351
2200 2704 2200 2351
2201 2705 2201 2353
2202 2706 2202 2355
2203 2706 2203 2355
2204 2707 2204 2357
2205 2707 2205 2357
2206 2708 2206 2358
2207 2709 2207 2360
2208 2709 2208 2360
2209 2710 2209 2362
2210 2711 2210 2363
2211 2711 2211 2363
2212 2712 2212 2365
2213 2712 2213 2365
2214 2713 2214 2367
2215 2714 2215 2368
2216 2714 2216 2368
2217 2715 2217 2370
2218 2716 2218 2372
2219 2716 2219 2372
2220 2717 2220 2374
2221 2717 2221 2374
2222 2718 2222 2375
2223 2719 2223 2377
2224 2719 2224 2377
2225 2720 2225 2379
2226 2721 2226 2380
2227 2721 2227 2380
2228 2722 2228 2382
2229 2722 2229 2382
2230 2723 2230 2384
2231 2724 2231 2385
2232 2724 2232 2385
2233 2725 2233 2387
2234 2725 2234 2387
2235 2726 2235 2389
2236 2727 2236 2391
2237 2727 2237 2391
2238 2728 2238 2392
2239 2729 2239 2394
2240 2729 2240 2394
2242 2730 2242 2396
2243 2730 2243 2396
2244 2731 2244 2397
2245 2732 2245 2399
2246 2732 2246 2399
2247 2733 2247 2401
2248 2733 2248 2401
2249 2734 2249 2403
2250 2735 2250 2404
2251 2735 2251 2404
2252 2736 2252 2406
2253 2736 2253 2406
2254 2737 2254 2408
2255 2738 2255 2409
2256 2738 2256 2409
2257 2739 2257 2411
2258 2739 2258 2411
2259 2740 2259 2413
2260 2741 2260 2415
2261 2741 2261 2415
2262 2742 2262 2416
2263 2742 2263 2416
2264 2743 2264 2418
2265 2744 2265 2420
2266 2744 2266 2420
2267 2745 2267 2421
2268 2745 2268 2421
2269 2746 2269 2423
2270 2747 2270 2425
2271 2747 2271 2425
2272 2748 2272 2427
2273 2748 2273 2427
2274 2749 2274 2428
2275 2750 2275 2430
2276 2750 2276 2430
2277 2751 2277 2432
2278 2751 2278 2432
2279 2752 2279 2434
2280 2753 2280 2435
2281 2753 2281 2435
2282 2754 2282 2437
2283 2754 2283 2437
2285 2755 2285 2439
2286 2756 2286 2440
2287 2756 2287 2440
2288 2757 2288 2442
2289 2757 2289 2442
2290 2758 2290 2444
2291 2758 2291 2444
2292 2759 2292 2446
2293 2760 2293 2447
2294 2760 2294 2447
2295 2761 2295 2449
2296 2761 2296 2449
2297 2762 2297 2451
2298 2763 2298 2453
2299 2763 2299 2453
2300 2764 2300 2454
2301 2764 2301 2454
2302 2765 2302 2456
2303 2765 2303 2456
2304 2766 2304 2458
2305 2767 2305 2460
2306 2767 2306 2460
2307 2768 2307 2461
2308 2768 2308 2461
2309 2769 2309 2463
2310 2769 2310 2463
2311 2770 2311 2465
2312 2771 2312 2466
2313 2771 2313 2466
2314 2772 2314 2468
2315 2772 2315 2468
2316 2773 2316 2470
2317 2773 2317 2470
2318 2774 2318 2472
2319 2775 2319 2473
2320 2775 2320 2473
2321 2776 2321 2475
2322 2776 2322 2475
2323 2777 2323 2477
2324 2777 2324 2477
2325 2778 2325 2479
2326 2779 2326 2480
2328 2779 2328 2480
2329 2780 2329 2482
2330 2780 2330 2482
2331 2781 2331 2484
2332 2781 2332 2484
2333 2782 2333 2486
2334 2783 2334 2487
2335 2783 2335 2487
2336 2784 2336 2489
2337 2784 2337 2489
2338 2785 2338 2491
2339 2785 2339 2491
2340 2786 2340 2493
2341 2787 2341 2494
2342 2787 2342 2494
2343 2788 2343 2496
2344 2788 2344 2496
2345 2789 2345 2498
2346 2789 2346 2498
2347 2790 2347 2500
2348 2790 2348 2500
2349 2791 2349 2501
2350 2792 2350 2503
2351 2792 2351 2503
2352 2793 2352 2505
2353 2793 2353 2505
2354 2794 2354 2507
2355 2794 2355 2507
2356 2795 2356 2508
2357 2795 2357 2508
2358 2796 2358 2510
2359 2797 2359 2512
2360 2797 2360 2512
2361 2798 2361 2514
2362 2798 2362 2514
2363 2799 2363 2516
2364 2799 2364 2516
2365 2800 2365 2517
2366 2800 2366 2517
2367 2801 2367 2519
2368 2801 2368 2519
2369 2802 2369 2521
2371 2803 2371 2523
2372 2803 2372 2523
2373 2804 2373 2524
2374 2804 2374 2524
2375 2805 2375 2526
2376 2805 2376 2526
2377 2806 2377 2528
2378 2806 2378 2528
2379 2807 2379 2530
2380 2808 2380 2531
2381 2808 2381 2531
2382 2809 2382 2533
2383 2809 2383 2533
2384 2810 2384 2535
2385 2810 2385 2535
2386 2811 2386 2537
2387 2811 2387 2537
2388 2812 2388 2538
2389 2812 2389 2538
2390 2813 2390 2540
2391 2813 2391 2540
2392 2814 2392 2542
2393 2815 2393 2544
2394 2815 2394 2544
2395 2816 2395 2546
2396 2816 2396 2546
2397 2817 2397 2547
2398 2817 2398 2547
2399 2818 2399 2549
2400 2818 2400 2549
2401 2819 2401 2551
2402 2819 2402 2551
2403 2820 2403 2553
2404 2820 2404 2553
2405 2821 2405 2554
2406 2821 2406 2554
2407 2822 2407 2556
2408 2823 2408 2558
2409 2823 2409 2558
2410 2824 2410 2560
2411 2824 2411 2560
2412 2825 2412 2562
2414 2825 2414 2562
2415 2826 2415 2563
2416 2826 2416 2563
2417 2827 2417 2565
2418 2827 2418 2565
2419 2828 2419 2567
2420 2828 2420 2567
2421 2829 2421 2569
2422 2829 2422 2569
2423 2830 2423 2570
2424 2830 2424 2570
2425 2831 2425 2572
2426 2831 2426 2572
2427 2832 2427 2574
2428 2833 2428 2576
2429 2833 2429 2576
2430 2834 2430 2578
2431 2834 2431 2578
2432 2835 2432 2579
2433 2835 2433 2579
2434 2836 2434 2581
2435 2836 2435 2581
2436 2837 2436 2583
2437 2837 2437 2583
2438 2838 2438 2585
2439 2838 2439 2585
2440 2839 2440 2586
2441 2839 2441 2586
2442 2840 2442 2588
2443 2840 2443 2588
2444 2841 2444 2590
2445 2841 2445 2590
2446 2842 2446 2592
2447 2842 2447 2592
2448 2843 2448 2594
2449 2843 2449 2594
2450 2844 2450 2595
2451 2844 2451 2595
2452 2845 2452 2597
2453 2845 2453 2597
2454 2846 2454 2599
2455 2846 2455 2599
2457 2847 2457 2601
2458 2847 2458 2601
2459 2848 2459 2603
2460 2849 2460 2604
2461 2849 2461 2604
2462 2850 2462 2606
2463 2850 2463 2606
2464 2851 2464 2608
2465 2851 2465 2608
2466 2852 2466 2610
2467 2852 2467 2610
2468 2853 2468 2612
2469 2853 2469 2612
2470 2854 2470 2613
2471 2854 2471 2613
2472 2855 2472 2615
2473 2855 2473 2615
2474 2856 2474 2617
2475 2856 2475 2617
2476 2857 2476 2619
2477 2857 2477 2619
2478 2858 2478 2621
2479 2858 2479 2621
2480 2859 2480 2622
2481 2859 2481 2622
2482 2860 2482 2624
2483 2860 2483 2624
2484 2861 2484 2626
2485 2861 2485 2626
2486 2862 2486 2628
2487 2862 2487 2628
2488 2863 2488 2630
2489 2863 2489 2630
2490 2864 2490 2631
2491 2864 2491 2631
2492 2865 2492 2633
2493 2865 2493 2633
2494 2866 2494 2635
2495 2866 2495 2635
2496 2867 2496 2637
2497 2867 2497 2637
2498 2868 2498 2639
2499 2868 2499 2639
2501 2869 2501 2640
2502 2869 2502 2640
2503 2870 2503 2642
2504 2870 2504 2642
2505 2870 2505 2642
2506 2871 2506 2644
2507 2871 2507 2644
2508 2872 2508 2646
2509 2872 2509 2646
2510 2873 2510 2648
2511 2873 2511 2648
2512 2874 2512 2650
2513 2874 2513 2650
2514 2875 2514 2651
2515 2875 2515 2651
2516 2876 2516 2653
2517 2876 2517 2653
2518 2877 2518 2655
2519 2877 2519 2655
2520 2878 2520 2657
2521 2878 2521 2657
2522 2879 2522 2659
2523 2879 2523 2659
2524 2880 2524 2660
2525 2880 2525 2660
2526 2881 2526 2662
2527 2881 2527 2662
2528 2882 2528 2664
2529 2882 2529 2664
2530 2883 2530 2666
2531 2883 2531 2666
2532 2884 2532 2668
2533 2884 2533 2668
2534 2885 2534 2670
2535 2885 2535 2670
2536 2886 2536 2671
2537 2886 2537 2671
2538 2886 2538 2671
2539 2887 2539 2673
2540 2887 2540 2673
2541 2888 2541 2675
2542 2888 2542 2675
2544 2889 2544 2677
2545 2889 2545 2677
2546 2890 2546 2679
2547 2890 2547 2679
2548 2891 2548 2680
2549 2891 2549 2680
2550 2892 2550 2682
2551 2892 2551 2682
2552 2893 2552 2684
2553 2893 2553 2684
2554 2894 2554 2686
2555 2894 2555 2686
2556 2895 2556 2688
2557 2895 2557 2688
2558 2895 2558 2688
2559 2896 2559 2690
2560 2896 2560 2690
2561 2897 2561 2691
2562 2897 2562 2691
2563 2898 2563 2693
2564 2898 2564 2693
2565 2899 2565 2695
2566 2899 2566 2695
2567 2900 2567 2697
2568 2900 2568 2697
2569 2901 2569 2699
2570 2901 2570 2699
2571 2902 2571 2701
2572 2902 2572 2701
2573 2902 2573 2701
2574 2903 2574 2702
2575 2903 2575 2702
2576 2904 2576 2704
2577 2904 2577 2704
2578 2905 2578 2706
2579 2905 2579 2706
2580 2906 2580 2708
2581 2906 2581 2708
2582 2907 2582 2710
2583 2907 2583 2710
2584 2908 2584 2712
2585 2908 2585 2712
2587 2909 2587 2713
2588 2909 2588 2713
2589 2909 2589 2713
2590 2910 2590 2715
2591 2910 2591 2715
2592 2911 2592 2717
2593 2911 2593 2717
2594 2912 2594 2719
2595 2912 2595 2719
2596 2913 2596 2721
2597 2913 2597 2721
2598 2914 2598 2723
2599 2914 2599 2723
2600 2914 2600 2723
2601 2915 2601 2725
2602 2915 2602 2725
2603 2916 2603 2726
2604 2916 2604 2726
2605 2917 2605 2728
2606 2917 2606 2728
2607 2918 2607 2730
2608 2918 2608 2730
2609 2919 2609 2732
2610 2919 2610 2732
2611 2919 2611 2732
2612 2920 2612 2734
2613 2920 2613 2734
2614 2921 2614 2736
2615 2921 2615 2736
2616 2922 2616 2737
2617 2922 2617 2737
2618 2923 2618 2739
2619 2923 2619 2739
2620 2924 2620 2741
2621 2924 2621 2741
2622 2924 2622 2741
2623 2925 2623 2743
2624 2925 2624 2743
2625 2926 2625 2745
2626 2926 2626 2745
2627 2927 2627 2747
2628 2927 2628 2747
2630 2928 2630 2749
2631 2928 2631 2749
2632 2928 2632 2749
2633 2929 2633 2750
2634 2929 2634 2750
2635 2930 2635 2752
2636 2930 2636 2752
2637 2931 2637 2754
2638 2931 2638 2754
2639 2932 2639 2756
2640 2932 2640 2756
2641 2932 2641 2756
2642 2933 2642 2758
2643 2933 2643 2758
2644 2934 2644 2760
2645 2934 2645 2760
2646 2935 2646 2762
2647 2935 2647 2762
2648 2936 2648 2763
2649 2936 2649 2763
2650 2936 2650 2763
2651 2937 2651 2765
2652 2937 2652 2765
2653 2938 2653 2767
2654 2938 2654 2767
2655 2939 2655 2769
2656 2939 2656 2769
2657 2939 2657 2769
2658 2940 2658 2771
2659 2940 2659 2771
2660 2941 2660 2773
2661 2941 2661 2773
2662 2942 2662 2775
2663 2942 2663 2775
2664 2943 2664 2776
2665 2943 2665 2776
2666 2943 2666 2776
2667 2944 2667 2778
2668 2944 2668 2778
2669 2945 2669 2780
2670 2945 2670 2780
2671 2946 2671 2782
2673 2946 2673 2782
2674 2946 2674 2782
2675 2947 2675 2784
2676 2947 2676 2784
2677 2948 2677 2786
2678 2948 2678 2786
2679 2949 2679 2788
2680 2949 2680 2788
2681 2949 2681 2788
2682 2950 2682 2789
2683 2950 2683 2789
2684 2951 2684 2791
2685 2951 2685 2791
2686 2952 2686 2793
2687 2952 2687 2793
2688 2952 2688 2793
2689 2953 2689 2795
2690 2953 2690 2795
2691 2954 2691 2797
2692 2954 2692 2797
2693 2955 2693 2799
2694 2955 2694 2799
2695 2955 2695 2799
2696 2956 2696 2801
2697 2956 2697 2801
2698 2957 2698 2803
2699 2957 2699 2803
2700 2958 2700 2804
2701 2958 2701 2804
2702 2958 2702 2804
2703 2959 2703 2806
2704 2959 2704 2806
2705 2960 2705 2808
2706 2960 2706 2808
2707 2961 2707 2810
2708 2961 2708 2810
2709 2961 2709 2810
2710 2962 2710 2812
2711 2962 2711 2812
2712 2963 2712 2814
2713 2963 2713 2814
2714 2964 2714 2816
2716 2964 2716 2816
2717 2964 2717 2816
2718 2965 2718 2818
2719 2965 2719 2818
2720 2966 2720 2819
2721 2966 2721 2819
2722 2966 2722 2819
2723 2967 2723 2821
2724 2967 2724 2821
2725 2968 2725 2823
2726 2968 2726 2823
2727 2969 2727 2825
2728 2969 2728 2825
2729 2969 2729 2825
2730 2970 2730 2827
2731 2970 2731 2827
2732 2971 2732 2829
2733 2971 2733 2829
2734 2971 2734 2829
2735 2972 2735 2831
2736 2972 2736 2831
2737 2973 2737 2833
2738 2973 2738 2833
2739 2974 2739 2835
2740 2974 2740 2835
2741 2974 2741 2835
2742 2975 2742 2836
2743 2975 2743 2836
2744 2976 2744 2838
2745 2976 2745 2838
2746 2976 2746 2838
2747 2977 2747 2840
2748 2977 2748 2840
2749 2978 2749 2842
2750 2978 2750 2842
2751 2978 2751 2842
2752 2979 2752 2844
2753 2979 2753 2844
2754 2980 2754 2846
2755 2980 2755 2846
2756 2981 2756 2848
2757 2981 2757 2848
2759 2981 2759 2848
2760 2982 2760 2850
2761 2982 2761 2850
2762 2983 2762 2852
2763 2983 2763 2852
2764 2983 2764 2852
2765 2984 2765 2853
2766 2984 2766 2853
2767 2985 2767 2855
2768 2985 2768 2855
2769 2985 2769 2855
2770 2986 2770 2857
2771 2986 2771 2857
2772 2987 2772 2859
2773 2987 2773 2859
2774 2987 2774 2859
2775 2988 2775 2861
2776 2988 2776 2861
2777 2989 2777 2863
2778 2989 2778 2863
2779 2990 2779 2865
2780 2990 2780 2865
2781 2990 2781 2865
2782 2991 2782 2867
2783 2991 2783 2867
2784 2992 2784 2869
2785 2992 2785 2869
2786 2992 2786 2869
2787 2993 2787 2871
2788 2993 2788 2871
2789 2994 2789 2872
2790 2994 2790 2872
2791 2994 2791 2872
2792 2995 2792 2874
2793 2995 2793 2874
2794 2996 2794 2876
2795 2996 2795 2876
2796 2996 2796 2876
2797 2997 2797 2878
2798 2997 2798 2878
2799 2998 2799 2880
2800 2998 2800 2880
2802 2998 2802 2880
2803 2999 2803 2882
2804 2999 2804 2882
2805 3000 2805 2884
2806 3000 2806 2884
2807 3000 2807 2884
2808 3001 2808 2886
2809 3001 2809 2886
2810 3002 2810 2888
2811 3002 2811 2888
2812 3002 2812 2888
2813 3003 2813 2890
2814 3003 2814 2890
2815 3004 2815 2891
2816 3004 2816 2891
2817 3004 2817 2891
2818 3005 2818 2893
2819 3005 2819 2893
2820 3006 2820 2895
2821 3006 2821 2895
2822 3006 2822 2895
2823 3007 2823 2897
2824 3007 2824 2897
2825 3008 2825 2899
2826 3008 2826 2899
2827 3008 2827 2899
2828 3009 2828 2901
2829 3009 2829 2901
2830 3009 2830 2901
2831 3010 2831 2903
2832 3010 2832 2903
2833 3011 2833 2905
2834 3011 2834 2905
2835 3011 2835 2905
2836 3012 2836 2907
2837 3012 2837 2907
2838 3013 2838 2909
2839 3013 2839 2909
2840 3013 2840 2909
2841 3014 2841 2911
2842 3014 2842 2911
2843 3015 2843 2912
2845 3015 2845 2912
2846 3015 2846 2912
2847 3016 2847 2914
2848 3016 2848 2914
2849 3017 2849 2916
2850 3017 2850 2916
2851 3017 2851 2916
2852 3018 2852 2918
2853 3018 2853 2918
2854 3018 2854 2918
2855 3019 2855 2920
2856 3019 2856 2920
2857 3020 2857 2922
2858 3020 2858 2922
2859 3020 2859 2922
2860 3021 2860 2924
2861 3021 2861 2924
2862 3022 2862 2926
2863 3022 2863 2926
2864 3022 2864 2926
2865 3023 2865 2928
2866 3023 2866 2928
2867 3024 2867 2930
2868 3024 2868 2930
2869 3024 2869 2930
2870 3025 2870 2932
2871 3025 2871 2932
2872 3025 2872 2932
2873 3026 2873 2934
2874 3026 2874 2934
2875 3027 2875 2936
2876 3027 2876 2936
2877 3027 2877 2936
2878 3028 2878 2937
2879 3028 2879 2937
2880 3029 2880 2939
2881 3029 2881 2939
2882 3029 2882 2939
2883 3030 2883 2941
2884 3030 2884 2941
2885 3030 2885 2941
2886 3031 2886 2943
2887 3031 2887 2943
2889 3032 2889 2945
2890 3032 2890 2945
2891 3032 2891 2945
2892 3033 2892 2947
2893 3033 2893 2947
2894 3034 2894 2949
2895 3034 2895 2949
2896 3034 2896 2949
2897 3035 2897 2951
2898 3035 2898 2951
2899 3035 2899 2951
2900 3036 2900 2953
2901 3036 2901 2953
2902 3037 2902 2955
2903 3037 2903 2955
2904 3037 2904 2955
2905 3038 2905 2957
2906 3038 2906 2957
2907 3038 2907 2957
2908 3039 2908 2959
2909 3039 2909 2959
2910 3040 2910 2961
2911 3040 2911 2961
2912 3040 2912 2961
2913 3041 2913 2963
2914 3041 2914 2963
2915 3042 2915 2964
2916 3042 2916 2964
2917 3042 2917 2964
2918 3043 2918 2966
2919 3043 2919 2966
2920 3043 2920 2966
2921 3044 2921 2968
2922 3044 2922 2968
2923 3045 2923 2970
2924 3045 2924 2970
2925 3045 2925 2970
2926 3046 2926 2972
2927 3046 2927 2972
2928 3046 2928 2972
2929 3047 2929 2974
2930 3047 2930 2974
2932 3048 2932 2976
2933 3048 2933 2976
2934 3048 2934 2976
2935 3049 2935 2978
2936 3049 2936 2978
2937 3049 2937 2978
2938 3050 2938 2980
2939 3050 2939 2980
2940 3051 2940 2982
2941 3051 2941 2982
2942 3051 2942 2982
2943 3052 2943 2984
2944 3052 2944 2984
2945 3052 2945 2984
2946 3053 2946 2986
2947 3053 2947 2986
2948 3054 2948 2988
2949 3054 2949 2988
2950 3054 2950 2988
2951 3055 2951 2990
2952 3055 2952 2990
2953 3055 2953 2990
2954 3056 2954 2992
2955 3056 2955 2992
2956 3057 2956 2994
2957 3057 2957 2994
2958 3057 2958 2994
2959 3058 2959 2995
2960 3058 2960 2995
2961 3058 2961 2995
2962 3059 2962 2997
2963 3059 2963 2997
2964 3060 2964 2999
2965 3060 2965 2999
2966 3060 2966 2999
2967 3061 2967 3001
2968 3061 2968 3001
2969 3061 2969 3001
2970 3062 2970 3003
2971 3062 2971 3003
2972 3063 2972 3005
2973 3063 2973 3005
2975 3063 2975 3005
2976 3064 2976 3007
2977 3064 2977 3007
2978 3064 2978 3007
2979 3065 2979 3009
2980 3065 2980 3009
2981 3065 2981 3009
2982 3066 2982 3011
2983 3066 2983 3011
2984 3067 2984 3013
2985 3067 2985 3013
2986 3067 2986 3013
2987 3068 2987 3015
2988 3068 2988 3015
2989 3068 2989 3015
2990 3069 2990 3017
2991 3069 2991 3017
2992 3070 2992 3019
2993 3070 2993 3019
2994 3070 2994 3019
2995 3071 2995 3021
2996 3071 2996 3021
2997 3071 2997 3021
2998 3072 2998 3023
2999 3072 2999 3023
3000 3073 3000 3025
3001 3073 3001 3025
3002 3073 3002 3025
3003 3074 3003 3027
3004 3074 3004 3027
3005 3074 3005 3027
3006 3075 3006 3029
3007 3075 3007 3029
3008 3075 3008 3029
3009 3076 3009 3031
3010 3076 3010 3031
3011 3077 3011 3033
3012 3077 3012 3033
3013 3077 3013 3033
3014 3078 3014 3035
3015 3078 3015 3035
3016 3078 3016 3035
3018 3079 3018 3037
3019 3079 3019 3037
3020 3080 3020 3038
3021 3080 3021 3038
3022 3080 3022 3038
3023 3081 3023 3040
3024 3081 3024 3040
3025 3081 3025 3040
3026 3082 3026 3042
3027 3082 3027 3042
3028 3082 3028 3042
3029 3083 3029 3044
3030 3083 3030 3044
3031 3084 3031 3046
3032 3084 3032 3046
3033 3084 3033 3046
3034 3085 3034 3048
3035 3085 3035 3048
3036 3085 3036 3048
3037 3086 3037 3050
3038 3086 3038 3050
3039 3086 3039 3050
3040 3087 3040 3052
3041 3087 3041 3052
3042 3088 3042 3054
3043 3088 3043 3054
3044 3088 3044 3054
3045 3089 3045 3056
3046 3089 3046 3056
3047 3089 3047 3056
3048 3090 3048 3058
3049 3090 3049 3058
3050 3091 3050 3060
3051 3091 3051 3060
3052 3091 3052 3060
3053 3092 3053 3062
3054 3092 3054 3062
3055 3092 3055 3062
3056 3093 3056 3064
3057 3093 3057 3064
3058 3093 3058 3064
3059 3094 3059 3066
3061 3094 3061 3066
3062 3095 3062 3068
3063 3095 3063 3068
3064 3095 3064 3068
3065 3096 3065 3070
3066 3096 3066 3070
3067 3096 3067 3070
3068 3097 3068 3072
3069 3097 3069 3072
3070 3097 3070 3072
3071 3098 3071 3074
3072 3098 3072 3074
3073 3099 3073 3076
3074 3099 3074 3076
3075 3099 3075 3076
3076 3100 3076 3078
3077 3100 3077 3078
3078 3100 3078 3078
3079 3101 3079 3080
3080 3101 3080 3080
3081 3101 3081 3080
3082 3102 3082 3082
3083 3102 3083 3082
3084 3103 3084 3084
3085 3103 3085 3084
3086 3103 3086 3084
3087 3104 3087 3086
3088 3104 3088 3086
3089 3104 3089 3086
3090 3105 3090 3088
3091 3105 3091 3088
3092 3105 3092 3088
3093 3106 3093 3090
3094 3106 3094 3090
3095 3107 3095 3092
3096 3107 3096 3092
3097 3107 3097 3092
3098 3108 3098 3094
3099 3108 3099 3094
3100 3108 3100 3094
3101 3109 3101 3096
3102 3109 3102 3096
3104 3109 3104 3096
3105 3110 3105 3098
3106 3110 3106 3098
3107 3111 3107 3100
3108 3111 3108 3100
3109 3111 3109 3100
3110 3112 3110 3102
3111 3112 3111 3102
3112 3112 3112 3102
3113 3113 3113 3104
3114 3113 3114 3104
3115 3113 3115 3104
3116 3114 3116 3106
3117 3114 3117 3106
3118 3114 3118 3106
3119 3115 3119 3108
3120 3115 3120 3108
3121 3116 3121 3110
3122 3116 3122 3110
3123 3116 3123 3110
3124 3117 3124 3112
3125 3117 3125 3112
3126 3117 3126 3112
3127 3118 3127 3114
3128 3118 3128 3114
3129 3118 3129 3114
3130 3119 3130 3116
3131 3119 3131 3116
3132 3120 3132 3118
3133 3120 3133 3118
3134 3120 3134 3118
3135 3121 3135 3120
3136 3121 3136 3120
3137 3121 3137 3120
3138 3122 3138 3122
3139 3122 3139 3122
3140 3122 3140 3122
3141 3123 3141 3123
3142 3123 3142 3123
3143 3124 3143 3125
3144 3124 3144 3125
3145 3124 3145 3125
3147 3125 3147 3127
3148 3125 3148 3127
3149 3125 3149 3127
3150 3126 3150 3129
3151 3126 3151 3129
3152 3126 3152 3129
3153 3127 3153 3131
3154 3127 3154 3131
3155 3128 3155 3133
3156 3128 3156 3133
3157 3128 3157 3133
3158 3129 3158 3135
3159 3129 3159 3135
3160 3129 3160 3135
3161 3130 3161 3137
3162 3130 3162 3137
3163 3130 3163 3137
3164 3131 3164 3139
3165 3131 3165 3139
3166 3132 3166 3141
3167 3132 3167 3141
3168 3132 3168 3141
3169 3133 3169 3143
3170 3133 3170 3143
3171 3133 3171 3143
3172 3134 3172 3145
3173 3134 3173 3145
3174 3134 3174 3145
3175 3135 3175 3147
3176 3135 3176 3147
3177 3136 3177 3149
3178 3136 3178 3149
3179 3136 3179 3149
3180 3137 3180 3151
3181 3137 3181 3151
3182 3137 3182 3151
3183 3138 3183 3153
3184 3138 3184 3153
3185 3138 3185 3153
3186 3139 3186 3155
3187 3139 3187 3155
3188 3140 3188 3157
3190 3140 3190 3157
3191 3140 3191 3157
3192 3141 3192 3159
3193 3141 3193 3159
3194 3141 3194 3159
3195 3142 3195 3161
3196 3142 3196 3161
3197 3142 3197 3161
3198 3143 3198 3163
3199 3143 3199 3163
3200 3144 3200 3165
3201 3144 3201 3165
3202 3144 3202 3165
3203 3145 3203 3168
3204 3145 3204 3168
3205 3145 3205 3168
3206 3146 3206 3170
3207 3146 3207 3170
3208 3146 3208 3170
3209 3147 3209 3172
3210 3147 3210 3172
3211 3148 3211 3174
3212 3148 3212 3174
3213 3148 3213 3174
3214 3149 3214 3176
3215 3149 3215 3176
3216 3149 3216 3176
3217 3150 3217 3178
3218 3150 3218 3178
3219 3150 3219 3178
3220 3151 3220 3180
3221 3151 3221 3180
3222 3152 3222 3182
3223 3152 3223 3182
3224 3152 3224 3182
3225 3153 3225 3184
3226 3153 3226 3184
3227 3153 3227 3184
3228 3154 3228 3186
3229 3154 3229 3186
3230 3154 3230 3186
3231 3155 3231 3188
3233 3155 3233 3188
3234 3156 3234 3190
3235 3156 3235 3190
3236 3156 3236 3190
3237 3157 3237 3192
3238 3157 3238 3192
3239 3157 3239 3192
3240 3158 3240 3194
3241 3158 3241 3194
3242 3158 3242 3194
3243 3159 3243 3196
3244 3159 3244 3196
3245 3160 3245 3198
3246 3160 3246 3198
3247 3160 3247 3198
3248 3161 3248 3200
3249 3161 3249 3200
3250 3161 3250 3200
3251 3162 3251 3202
3252 3162 3252 3202
3253 3162 3253 3202
3254 3163 3254 3204
3255 3163 3255 3204
3256 3164 3256 3206
3257 3164 3257 3206
3258 3164 3258 3206
3259 3165 3259 3208
3260 3165 3260 3208
3261 3165 3261 3208
3262 3166 3262 3210
3263 3166 3263 3210
3264 3167 3264 3212
3265 3167 3265 3212
3266 3167 3266 3212
3267 3168 3267 3214
3268 3168 3268 3214
3269 3168 3269 3214
3270 3169 3270 3216
3271 3169 3271 3216
3272 3169 3272 3216
3273 3170 3273 3218
3274 3170 3274 3218
3276 3171 3276 3220
3277 3171 3277 3220
3278 3171 3278 3220
3279 3172 3279 3222
3280 3172 3280 3222
3281 3172 3281 3222
3282 3173 3282 3224
3283 3173 3283 3224
3284 3174 3284 3226
3285 3174 3285 3226
3286 3174 3286 3226
3287 3175 3287 3228
3288 3175 3288 3228
3289 3175 3289 3228
3290 3176 3290 3230
3291 3176 3291 3230
3292 3176 3292 3230
3293 3177 3293 3232
3294 3177 3294 3232
3295 3178 3295 3234
3296 3178 3296 3234
3297 3178 3297 3234
3298 3179 3298 3236
3299 3179 3299 3236
3300 3179 3300 3236
3301 3180 3301 3238
3302 3180 3302 3238
3303 3181 3303 3240
3304 3181 3304 3240
3305 3181 3305 3240
3306 3182 3306 3242
3307 3182 3307 3242
3308 3182 3308 3242
3309 3183 3309 3244
3310 3183 3310 3244
3311 3184 3311 3246
3312 3184 3312 3246
3313 3184 3313 3246
3314 3185 3314 3248
3315 3185 3315 3248
3316 3185 3316 3248
3317 3186 3317 3250
3318 3186 3318 3250
3320 3186 3320 3250
3321 3187 3321 3252
3322 3187 3322 3252
3323 3188 3323 3255
3324 3188 3324 3255
3325 3188 3325 3255
3326 3189 3326 3257
3327 3189 3327 3257
3328 3189 3328 3257
3329 3190 3329 3259
3330 3190 3330 3259
3331 3191 3331 3261
3332 3191 3332 3261
3333 3191 3333 3261
3334 3192 3334 3263
3335 3192 3335 3263
3336 3192 3336 3263
3337 3193 3337 3265
3338 3193 3338 3265
3339 3194 3339 3267
3340 3194 3340 3267
3341 3194 3341 3267
3342 3195 3342 3269
3343 3195 3343 3269
3344 3195 3344 3269
3345 3196 3345 3271
3346 3196 3346 3271
3347 3197 3347 3273
3348 3197 3348 3273
3349 3197 3349 3273
3350 3198 3350 3275
3351 3198 3351 3275
3352 3198 3352 3275
3353 3199 3353 3277
3354 3199 3354 3277
3355 3200 3355 3279
3356 3200 3356 3279
3357 3200 3357 3279
3358 3201 3358 3281
3359 3201 3359 3281
3360 3202 3360 3283
3361 3202 3361 3283
3363 3202 3363 3283
3364 3203 3364 3285
3365 3203 3365 3285
3366 3203 3366 3285
3367 3204 3367 3287
3368 3204 3368 3287
3369 3205 3369 3289
3370 3205 3370 3289
3371 3205 3371 3289
3372 3206 3372 3291
3373 3206 3373 3291
3374 3206 3374 3291
3375 3207 3375 3293
3376 3207 3376 3293
3377 3208 3377 3295
3378 3208 3378 3295
3379 3208 3379 3295
3380 3209 3380 3298
3381 3209 3381 3298
3382 3209 3382 3298
3383 3210 3383 3300
3384 3210 3384 3300
3385 3211 3385 3302
3386 3211 3386 3302
3387 3211 3387 3302
3388 3212 3388 3304
3389 3212 3389 3304
3390 3213 3390 3306
3391 3213 3391 3306
3392 3213 3392 3306
3393 3214 3393 3308
3394 3214 3394 3308
3395 3214 3395 3308
3396 3215 3396 3310
3397 3215 3397 3310
3398 3216 3398 3312
3399 3216 3399 3312
3400 3216 3400 3312
3401 3217 3401 3314
3402 3217 3402 3314
3403 3218 3403 3316
3404 3218 3404 3316
3406 3218 3406 3316
3407 3219 3407 3318
3408 3219 3408 3318
3409 3219 3409 3318
3410 3220 3410 3320
3411 3220 3411 3320
3412 3221 3412 3322
3413 3221 3413 3322
3414 3221 3414 3322
3415 3222 3415 3324
3416 3222 3416 3324
3417 3223 3417 3326
3418 3223 3418 3326
3419 3223 3419 3326
3420 3224 3420 3328
3421 3224 3421 3328
3422 3224 3422 3328
3423 3225 3423 3330
3424 3225 3424 3330
3425 3226 3425 3333
3426 3226 3426 3333
3427 3226 3427 3333
3428 3227 3428 3335
3429 3227 3429 3335
3430 3228 3430 3337
3431 3228 3431 3337
3432 3228 3432 3337
3433 3229 3433 3339
3434 3229 3434 3339
3435 3230 3435 3341
3436 3230 3436 3341
3437 3230 3437 3341
3438 3231 3438 3343
3439 3231 3439 3343
3440 3231 3440 3343
3441 3232 3441 3345
3442 3232 3442 3345
3443 3233 3443 3347
3444 3233 3444 3347
3445 3233 3445 3347
3446 3234 3446 3349
3447 3234 3447 3349
3449 3235 3449 3351
3450 3235 3450 3351
3451 3235 3451 3351
3452 3236 3452 3353
3453 3236 3453 3353
3454 3237 3454 3355
3455 3237 3455 3355
3456 3237 3456 3355
3457 3238 3457 3357
3458 3238 3458 3357
3459 3239 3459 3359
3460 3239 3460 3359
3461 3239 3461 3359
3462 3240 3462 3362
3463 3240 3463 3362
3464 3241 3464 3364
3465 3241 3465 3364
3466 3241 3466 3364
3467 3242 3467 3366
3468 3242 3468 3366
3469 3243 3469 3368
3470 3243 3470 3368
3471 3243 3471 3368
3472 3244 3472 3370
3473 3244 3473 3370
3474 3245 3474 3372
3475 3245 3475 3372
3476 3245 3476 3372
3477 3246 3477 3374
3478 3246 3478 3374
3479 3247 3479 3376
3480 3247 3480 3376
3481 3247 3481 3376
3482 3248 3482 3378
3483 3248 3483 3378
3484 3249 3484 3380
3485 3249 3485 3380
3486 3249 3486 3380
3487 3250 3487 3382
3488 3250 3488 3382
3489 3251 3489 3384
3490 3251 3490 3384
3492 3251 3492 3384
3493 3252 3493 3387
3494 3252 3494 3387
3495 3253 3495 3389
3496 3253 3496 3389
3497 3253 3497 3389
3498 3254 3498 3391
3499 3254 3499 3391
3500 3255 3500 3393
3501 3255 3501 3393
3502 3255 3502 3393
3503 3256 3503 3395
3504 3256 3504 3395
3505 3257 3505 3397
3506 3257 3506 3397
3507 3257 3507 3397
3508 3258 3508 3399
3509 3258 3509 3399
3510 3259 3510 3401
3511 3259 3511 3401
3512 3259 3512 3401
3513 3260 3513 3403
3514 3260 3514 3403
3515 3261 3515 3405
3516 3261 3516 3405
3517 3261 3517 3405
3518 3262 3518 3407
3519 3262 3519 3407
3520 3263 3520 3409
3521 3263 3521 3409
3522 3264 3522 3412
3523 3264 3523 3412
3524 3264 3524 3412
3525 3265 3525 3414
3526 3265 3526 3414
3527 3266 3527 3416
3528 3266 3528 3416
3529 3266 3529 3416
3530 3267 3530 3418
3531 3267 3531 3418
3532 3268 3532 3420
3533 3268 3533 3420
3535 3268 3535 3420
3536 3269 3536 3422
3537 3269 3537 3422
3538 3270 3538 3424
3539 3270 3539 3424
3540 3271 3540 3426
3541 3271 3541 3426
3542 3271 3542 3426
3543 3272 3543 3428
3544 3272 3544 3428
3545 3273 3545 3430
3546 3273 3546 3430
3547 3273 3547 3430
3548 3274 3548 3433
3549 3274 3549 3433
3550 3275 3550 3435
3551 3275 3551 3435
3552 3275 3552 3435
3553 3276 3553 3437
3554 3276 3554 3437
3555 3277 3555 3439
3556 3277 3556 3439
3557 3278 3557 3441
3558 3278 3558 3441
3559 3278 3559 3441
3560 3279 3560 3443
3561 3279 3561 3443
3562 3280 3562 3445
3563 3280 3563 3445
3564 3281 3564 3447
3565 3281 3565 3447
3566 3281 3566 3447
3567 3282 3567 3449
3568 3282 3568 3449
3569 3283 3569 3451
3570 3283 3570 3451
3571 3283 3571 3451
3572 3284 3572 3454
3573 3284 3573 3454
3574 3285 3574 3456
3575 3285 3575 3456
3576 3286 3576 3458
3578 3286 3578 3458
3579 3286 3579 3458
3580 3287 3580 3460
3581 3287 3581 3460
3582 3288 3582 3462
3583 3288 3583 3462
3584 3289 3584 3464
3585 3289 3585 3464
3586 3289 3586 3464
3587 3290 3587 3466
3588 3290 3588 3466
3589 3291 3589 3468
3590 3291 3590 3468
3591 3292 3591 3470
3592 3292 3592 3470
3593 3292 3593 3470
3594 3293 3594 3473
3595 3293 3595 3473
3596 3294 3596 3475
3597 3294 3597 3475
3598 3295 3598 3477
3599 3295 3599 3477
3600 3295 3600 3477
3601 3296 3601 3479
3602 3296 3602 3479
3603 3297 3603 3481
3604 3297 3604 3481
3605 3298 3605 3483
3606 3298 3606 3483
3607 3298 3607 3483
3608 3299 3608 3485
3609 3299 3609 3485
3610 3300 3610 3487
3611 3300 3611 3487
3612 3301 3612 3490
3613 3301 3613 3490
3614 3301 3614 3490
3615 3302 3615 3492
3616 3302 3616 3492
3617 3303 3617 3494
3618 3303 3618 3494
3619 3304 3619 3496
3621 3304 3621 3496
3622 3304 3622 3496
3623 3305 3623 3498
3624 3305 3624 3498
3625 3306 3625 3500
3626 3306 3626 3500
3627 3307 3627 3502
3628 3307 3628 3502
3629 3308 3629 3504
3630 3308 3630 3504
3631 3308 3631 3504
3632 3309 3632 3507
3633 3309 3633 3507
3634 3310 3634 3509
3635 3310 3635 3509
3636 3311 3636 3511
3637 3311 3637 3511
3638 3312 3638 3513
3639 3312 3639 3513
3640 3312 3640 3513
3641 3313 3641 3515
3642 3313 3642 3515
3643 3314 3643 3517
3644 3314 3644 3517
3645 3315 3645 3519
3646 3315 3646 3519
3647 3315 3647 3519
3648 3316 3648 3521
3649 3316 3649 3521
3650 3317 3650 3524
3651 3317 3651 3524
3652 3318 3652 3526
3653 3318 3653 3526
3654 3319 3654 3528
3655 3319 3655 3528
3656 3320 3656 3530
3657 3320 3657 3530
3658 3320 3658 3530
3659 3321 3659 3532
3660 3321 3660 3532
3661 3322 3661 3534
3662 3322 3662 3534
3664 3323 3664 3536
3665 3323 3665 3536
3666 3324 3666 3538
3667 3324 3667 3538
3668 3324 3668 3538
3669 3325 3669 3541
3670 3325 3670 3541
3671 3326 3671 3543
3672 3326 3672 3543
3673 3327 3673 3545
3674 3327 3674 3545
3675 3328 3675 3547
3676 3328 3676 3547
3677 3329 3677 3549
3678 3329 3678 3549
3679 3329 3679 3549
3680 3330 3680 3551
3681 3330 3681 3551
3682 3331 3682 3553
3683 3331 3683 3553
3684 3332 3684 3556
3685 3332 3685 3556
3686 3333 3686 3558
3687 3333 3687 3558
3688 3334 3688 3560
3689 3334 3689 3560
3690 3334 3690 3560
3691 3335 3691 3562
3692 3335 3692 3562
3693 3336 3693 3564
3694 3336 3694 3564
3695 3337 3695 3566
3696 3337 3696 3566
3697 3338 3697 3568
3698 3338 3698 3568
3699 3339 3699 3571
3700 3339 3700 3571
3701 3340 3701 3573
3702 3340 3702 3573
3703 3340 3703 3573
3704 3341 3704 3575
3705 3341 3705 3575
3706 3342 3706 3577
3708 3342 3708 3577
3709 3343 3709 3579
3710 3343 3710 3579
3711 3344 3711 3581
3712 3344 3712 3581
3713 3345 3713 3584
3714 3345 3714 3584
3715 3346 3715 3586
3716 3346 3716 3586
3717 3347 3717 3588
3718 3347 3718 3588
3719 3347 3719 3588
3720 3348 3720 3590
3721 3348 3721 3590
3722 3349 3722 3592
3723 3349 3723 3592
3724 3350 3724 3594
3725 3350 3725 3594
3726 3351 3726 3596
3727 3351 3727 3596
3728 3352 3728 3599
3729 3352 3729 3599
3730 3353 3730 3601
3731 3353 3731 3601
3732 3354 3732 3603
3733 3354 3733 3603
3734 3355 3734 3605
3735 3355 3735 3605
3736 3355 3736 3605
3737 3356 3737 3607
3738 3356 3738 3607
3739 3357 3739 3609
3740 3357 3740 3609
3741 3358 3741 3612
3742 3358 3742 3612
3743 3359 3743 3614
3744 3359 3744 3614
3745 3360 3745 3616
3746 3360 3746 3616
3747 3361 3747 3618
3748 3361 3748 3618
3749 3362 3749 3620
3751 3362 3751 3620
3752 3363 3752 3622
3753 3363 3753 3622
3754 3364 3754 3625
3755 3364 3755 3625
3756 3365 3756 3627
3757 3365 3757 3627
3758 3366 3758 3629
3759 3366 3759 3629
3760 3366 3760 3629
3761 3367 3761 3631
3762 3367 3762 3631
3763 3368 3763 3633
3764 3368 3764 3633
3765 3369 3765 3635
3766 3369 3766 3635
3767 3370 3767 3638
3768 3370 3768 3638
3769 3371 3769 3640
3770 3371 3770 3640
3771 3372 3771 3642
3772 3372 3772 3642
3773 3373 3773 3644
3774 3373 3774 3644
3775 3374 3775 3646
3776 3374 3776 3646
3777 3375 3777 3648
3778 3375 3778 3648
3779 3376 3779 3651
3780 3376 3780 3651
3781 3377 3781 3653
3782 3377 3782 3653
3783 3378 3783 3655
3784 3378 3784 3655
3785 3379 3785 3657
3786 3379 3786 3657
3787 3380 3787 3659
3788 3380 3788 3659
3789 3381 3789 3661
3790 3381 3790 3661
3791 3382 3791 3664
3792 3382 3792 3664
3794 3383 3794 3666
3795 3383 3795 3666
3796 3384 3796 3668
3797 3384 3797 3668
3798 3385 3798 3670
3799 3385 3799 3670
3800 3386 3800 3672
3801 3386 3801 3672
3802 3387 3802 3675
3803 3387 3803 3675
3804 3388 3804 3677
3805 3388 3805 3677
3806 3389 3806 3679
3807 3389 3807 3679
3808 3390 3808 3681
3809 3390 3809 3681
3810 3391 3810 3683
3811 3391 3811 3683
3812 3392 3812 3685
3813 3392 3813 3685
3814 3393 3814 3688
3815 3393 3815 3688
3816 3394 3816 3690
3817 3394 3817 3690
3818 3395 3818 3692
3819 3395 3819 3692
3820 3396 3820 3694
3821 3396 3821 3694
3822 3397 3822 3696
3823 3397 3823 3696
3824 3398 3824 3699
3825 3398 3825 3699
3826 3399 3826 3701
3827 3399 3827 3701
3828 3400 3828 3703
3829 3400 3829 3703
3830 3401 3830 3705
3831 3401 3831 3705
3832 3402 3832 3707
3833 3402 3833 3707
3834 3403 3834 3710
3835 3403 3835 3710
3837 3404 3837 3712
3838 3404 3838 3712
3839 3405 3839 3714
3840 3405 3840 3714
3841 3406 3841 3716
3842 3406 3842 3716
3843 3407 3843 3718
3844 3408 3844 3720
3845 3408 3845 3720
3846 3409 3846 3723
3847 3409 3847 3723
3848 3410 3848 3725
3849 3410 3849 3725
3850 3411 3850 3727
3851 3411 3851 3727
3852 3412 3852 3729
3853 3412 3853 3729
3854 3413 3854 3731
3855 3413 3855 3731
3856 3414 3856 3734
3857 3414 3857 3734
3858 3415 3858 3736
3859 3415 3859 3736
3860 3416 3860 3738
3861 3416 3861 3738
3862 3417 3862 3740
3863 3417 3863 3740
3864 3418 3864 3742
3865 3418 3865 3742
3866 3419 3866 3745
3867 3420 3867 3747
3868 3420 3868 3747
3869 3421 3869 3749
3870 3421 3870 3749
3871 3422 3871 3751
3872 3422 3872 3751
3873 3423 3873 3754
3874 3423 3874 3754
3875 3424 3875 3756
3876 3424 3876 3756
3877 3425 3877 3758
3878 3425 3878 3758
3880 3426 3880 3760
3881 3426 3881 3760
3882 3427 3882 3762
3883 3427 3883 3762
3884 3428 3884 3765
3885 3429 3885 3767
3886 3429 3886 3767
3887 3430 3887 3769
3888 3430 3888 3769
3889 3431 3889 3771
3890 3431 3890 3771
3891 3432 3891 3773
3892 3432 3892 3773
3893 3433 3893 3776
3894 3433 3894 3776
3895 3434 3895 3778
3896 3434 3896 3778
3897 3435 3897 3780
3898 3436 3898 3782
3899 3436 3899 3782
3900 3437 3900 3785
3901 3437 3901 3785
3902 3438 3902 3787
3903 3438 3903 3787
3904 3439 3904 3789
3905 3439 3905 3789
3906 3440 3906 3791
3907 3440 3907 3791
3908 3441 3908 3793
3909 3442 3909 3796
3910 3442 3910 3796
3911 3443 3911 3798
3912 3443 3912 3798
3913 3444 3913 3800
3914 3444 3914 3800
3915 3445 3915 3802
3916 3445 3916 3802
3917 3446 3917 3804
3918 3446 3918 3804
3919 3447 3919 3807
3920 3448 3920 3809
3921 3448 3921 3809
3923 3449 3923 3811
3924 3449 3924 3811
3925 3450 3925 3813
3926 3450 3926 3813
3927 3451 3927 3816
3928 3451 3928 3816
3929 3452 3929 3818
3930 3453 3930 3820
3931 3453 3931 3820
3932 3454 3932 3822
3933 3454 3933 3822
3934 3455 3934 3825
3935 3455 3935 3825
3936 3456 3936 3827
3937 3456 3937 3827
3938 3457 3938 3829
3939 3458 3939 3831
3940 3458 3940 3831
3941 3459 3941 3833
3942 3459 3942 3833
3943 3460 3943 3836
3944 3460 3944 3836
3945 3461 3945 3838
3946 3462 3946 3840
3947 3462 3947 3840
3948 3463 3948 3842
3949 3463 3949 3842
3950 3464 3950 3845
3951 3464 3951 3845
3952 3465 3952 3847
3953 3465 3953 3847
3954 3466 3954 3849
3955 3467 3955 3851
3956 3467 3956 3851
3957 3468 3957 3854
3958 3468 3958 3854
3959 3469 3959 3856
3960 3469 3960 3856
3961 3470 3961 3858
3962 3471 3962 3860
3963 3471 3963 3860
3964 3472 3964 3863
3966 3472 3966 3863
3967 3473 3967 3865
3968 3473 3968 3865
3969 3474 3969 3867
3970 3475 3970 3869
3971 3475 3971 3869
3972 3476 3972 3872
3973 3476 3973 3872
3974 3477 3974 3874
3975 3477 3975 3874
3976 3478 3976 3876
3977 3479 3977 3878
3978 3479 3978 3878
3979 3480 3979 3881
3980 3480 3980 3881
3981 3481 3981 3883
3982 3482 3982 3885
3983 3482 3983 3885
3984 3483 3984 3887
3985 3483 3985 3887
3986 3484 3986 3890
3987 3484 3987 3890
3988 3485 3988 3892
3989 3486 3989 3894
3990 3486 3990 3894
3991 3487 3991 3896
3992 3487 3992 3896
3993 3488 3993 3899
3994 3489 3994 3901
3995 3489 3995 3901
3996 3490 3996 3903
3997 3490 3997 3903
3998 3491 3998 3905
3999 3491 3999 3905
4000 3492 4000 3908
4001 3493 4001 3910
4002 3493 4002 3910
4003 3494 4003 3912
4004 3494 4004 3912
4005 3495 4005 3914
4006 3496 4006 3917
4007 3496 4007 3917
4009 3497 4009 3919
4010 3497 4010 3919
4011 3498 4011 3921
4012 3499 4012 3923
