135 54
136 54
138 55
140 56
141 56
143 56
145 57
146 57
148 58
150 59
152 60
153 60
155 61
157 62
158 62
160 63
162 64
163 64
165 65
167 66
168 66
170 67
172 68
173 68
175 69
177 70
178 70
180 71
182 72
183 72
185 73
187 74
188 74
190 75
192 76
193 76
195 77
197 78
198 78
200 79
202 80
203 80
205 81
207 82
208 82
210 83
212 84
213 83
215 84
217 85
218 85
220 86
222 87
223 87
225 88
227 89
228 89
230 90
232 91
233 91
235 92
237 93
238 93
240 94
242 95
243 95
245 96
247 97
248 97
250 98
252 99
253 99
255 100
257 101
258 101
260 102
262 103
263 103
265 104
267 105
268 105
270 106
271 106
273 107
275 108
276 108
278 109
280 110
281 110
283 110
285 111
286 111
288 112
290 113
291 113
293 114
295 115
296 115
298 116
300 117
301 117
303 118
305 119
306 119
308 120
310 121
311 121
313 122
315 123
316 123
318 124
320 125
321 125
323 126
325 127
326 127
328 128
330 129
331 129
333 130
335 131
336 131
338 132
340 133
341 133
343 134
345 135
346 135
348 136
350 137
351 137
353 137
354 137
356 138
358 139
359 139
361 140
363 141
364 141
366 142
368 143
369 143
371 144
373 145
374 145
376 146
378 147
379 147
381 148
383 149
384 149
386 150
388 151
389 151
391 152
393 153
394 153
396 154
398 155
399 155
401 156
402 156
404 157
406 158
407 158
409 159
411 160
412 160
414 161
416 162
417 162
419 163
421 164
422 163
424 164
426 165
427 165
429 166
431 167
432 167
434 168
435 168
437 169
439 170
440 170
442 171
444 172
445 172
447 173
449 174
450 174
452 175
454 176
455 176
457 177
459 178
460 178
462 179
463 179
465 180
467 181
468 181
470 182
472 183
473 183
475 184
477 185
478 185
480 186
482 187
483 187
485 188
487 189
488 189
490 190
491 189
493 190
495 191
496 191
498 192
500 193
501 193
503 194
505 195
506 195
508 196
509 196
511 197
513 198
514 198
516 199
518 200
519 200
521 201
523 202
524 202
526 203
528 204
529 204
531 205
532 205
534 206
536 207
537 207
539 208
541 209
542 209
544 210
546 211
547 211
549 212
550 212
552 213
554 214
555 214
557 215
559 216
560 215
562 216
564 217
565 217
567 218
568 218
570 219
572 220
573 220
575 221
577 222
578 222
580 223
581 223
583 224
585 225
586 225
588 226
590 227
591 227
593 228
594 228
596 229
598 230
599 230
601 231
603 232
604 232
606 233
608 234
609 234
611 235
612 235
614 236
616 237
617 237
619 238
621 239
622 239
624 240
625 240
627 241
629 241
630 241
632 242
634 243
635 243
637 244
638 244
640 245
642 246
643 246
645 247
646 247
648 248
650 249
651 249
653 250
655 251
656 251
658 252
659 252
661 253
663 254
664 254
666 255
668 256
669 256
671 257
672 257
674 258
676 259
677 259
679 260
680 260
682 261
684 262
685 262
687 263
689 264
690 264
692 265
693 265
695 266
697 267
698 266
700 267
701 267
703 268
705 269
706 269
708 270
709 270
711 271
713 272
714 272
716 273
718 274
719 274
721 275
722 275
724 276
726 277
727 277
729 278
730 278
732 279
734 280
735 280
737 281
738 281
740 282
742 283
743 283
745 284
746 284
748 285
750 286
751 286
753 287
754 287
756 288
758 289
759 289
761 290
762 290
764 291
766 291
767 291
769 292
770 292
772 293
774 294
775 294
777 295
778 295
780 296
782 297
783 297
785 298
786 298
788 299
790 300
791 300
793 301
794 301
796 302
798 303
799 303
801 304
802 304
804 305
806 306
807 306
809 307
810 307
812 308
813 308
815 309
817 310
818 310
820 311
821 311
823 312
825 313
826 313
828 314
829 314
831 315
833 315
834 315
836 316
837 316
839 317
840 317
842 318
844 319
845 319
847 320
848 320
850 321
852 322
853 322
855 323
856 323
858 324
859 324
861 325
863 326
864 326
866 327
867 327
869 328
871 329
872 329
874 330
875 330
877 331
878 331
880 332
882 333
883 333
885 334
886 334
888 335
889 335
891 336
893 337
894 337
896 338
897 338
899 338
900 338
902 339
904 340
905 340
907 341
908 341
910 342
911 342
913 343
915 344
916 344
918 345
919 345
921 346
922 346
924 347
926 348
927 348
929 349
930 349
932 350
933 350
935 351
936 351
938 352
940 353
941 353
943 354
944 354
946 355
947 355
949 356
951 357
952 357
954 358
955 358
957 359
958 359
960 360
961 360
963 361
965 361
966 361
968 362
969 362
971 363
972 363
974 364
975 364
977 365
979 366
980 366
982 367
983 367
985 368
986 368
988 369
989 369
991 370
993 371
994 371
996 372
997 372
999 373
1000 373
1002 374
1003 374
1005 375
1006 375
1008 376
1010 377
1011 377
1013 378
1014 378
1016 379
1017 379
1019 380
1020 380
1022 381
1023 381
1025 382
1027 383
1028 383
1030 383
1031 383
1033 384
1034 384
1036 385
1037 385
1039 386
1040 386
1042 387
1043 387
1045 388
1046 388
1048 389
1050 390
1051 390
1053 391
1054 391
1056 392
1057 392
1059 393
1060 393
1062 394
1063 394
1065 395
1066 395
1068 396
1069 396
1071 397
1073 398
1074 398
1076 399
1077 399
1079 400
1080 400
1082 401
1083 401
1085 402
1086 402
1088 403
1089 403
1091 404
1092 404
1094 404
1095 404
1097 405
1098 405
1100 406
1101 406
1103 407
1105 408
1106 408
1108 409
1109 409
1111 410
1112 410
1114 411
1115 411
1117 412
1118 412
1120 413
1121 413
1123 414
1124 414
1126 415
1127 415
1129 416
1130 416
1132 417
1133 417
1135 418
1136 418
1138 419
1139 419
1141 420
1142 420
1144 421
1145 421
1147 422
1148 422
1150 423
1151 423
1153 424
1154 424
1156 425
1157 424
1159 425
1160 425
1162 426
1163 426
1165 427
1166 427
1168 428
1169 428
1171 429
1172 429
1174 430
1175 430
1177 431
1178 431
1180 432
1181 432
1183 433
1184 433
1186 434
1187 434
1189 435
1190 435
1192 436
1193 436
1195 437
1196 437
1198 438
1199 438
1201 439
1202 439
1204 440
1205 440
1207 441
1208 441
1210 442
1211 442
1213 443
1214 443
1216 444
1217 444
1219 445
1220 444
1222 445
1223 445
1225 446
1226 446
1228 447
1229 447
1231 448
1232 448
1234 449
1235 449
1237 450
1238 450
1239 450
1241 451
1242 451
1244 452
1245 452
1247 453
1248 453
1250 454
1251 454
1253 455
1254 455
1256 456
1257 456
1259 457
1260 457
1262 458
1263 458
1265 459
1266 459
1267 459
1269 460
1270 460
1272 461
1273 461
1275 462
1276 462
1278 463
1279 463
1281 464
1282 464
1284 464
1285 464
1287 465
1288 465
1289 465
1291 466
1292 466
1294 467
1295 467
1297 468
1298 468
1300 469
1301 469
1303 470
1304 470
1306 471
1307 471
1308 471
1310 472
1311 472
1313 473
1314 473
1316 474
1317 474
1319 475
1320 475
1322 476
1323 476
1324 476
1326 477
1327 477
1329 478
1330 478
1332 479
1333 479
1335 480
1336 480
1337 480
1339 481
1340 481
1342 482
1343 482
1345 482
1346 482
1348 483
1349 483
1350 483
1352 484
1353 484
1355 485
1356 485
1358 486
1359 486
1360 486
1362 487
1363 487
1365 488
1366 488
1368 489
1369 489
1371 490
1372 490
1373 490
1375 491
1376 491
1378 492
1379 492
1381 493
1382 493
1383 493
1385 494
1386 494
1388 495
1389 495
1391 496
1392 496
1393 496
1395 497
1396 497
1398 498
1399 498
1401 499
1402 499
1403 499
1405 499
1406 499
1408 500
1409 500
1410 500
1412 501
1413 501
1415 502
1416 502
1418 503
1419 503
1420 503
1422 504
1423 504
1425 505
1426 505
1427 505
1429 506
1430 506
1432 507
1433 507
1435 508
1436 508
1437 508
1439 509
1440 509
1442 510
1443 510
1444 510
1446 511
1447 511
1449 512
1450 512
1451 512
1453 513
1454 513
1456 514
1457 514
1458 514
1460 515
1461 515
1463 516
1464 515
1465 515
1467 516
1468 516
1470 517
1471 517
1472 517
1474 518
1475 518
1477 519
1478 519
1479 519
1481 520
1482 520
1484 521
1485 521
1486 521
1488 522
1489 522
1490 522
1492 523
1493 523
1495 524
1496 524
1497 524
1499 525
1500 525
1502 526
1503 526
1504 526
1506 527
1507 527
1509 528
1510 528
1511 528
1513 529
1514 529
1515 529
1517 530
1518 530
1520 531
1521 531
1522 530
1524 531
1525 531
1526 531
1528 532
1529 532
1531 533
1532 533
1533 533
1535 534
1536 534
1537 534
1539 535
1540 535
1541 535
1543 536
1544 536
1546 537
1547 537
1548 537
1550 538
1551 538
1552 538
1554 539
1555 539
1556 539
1558 540
1559 540
1561 541
1562 541
1563 541
1565 542
1566 542
1567 542
1569 543
1570 543
1571 543
1573 544
1574 544
1575 544
1577 545
1578 545
1580 545
1581 545
1582 545
1584 546
1585 546
1586 546
1588 547
1589 547
1590 547
1592 548
1593 548
1594 548
1596 549
1597 549
1598 549
1600 550
1601 550
1602 550
1604 551
1605 551
1606 551
1608 552
1609 552
1610 552
1612 553
1613 553
1614 553
1616 554
1617 554
1619 555
1620 555
1621 555
1623 556
1624 556
1625 556
1627 557
1628 557
1629 557
1630 557
1632 558
1633 558
1634 558
1636 558
1637 558
1638 558
1640 559
1641 559
1642 559
1644 560
1645 560
1646 560
1648 561
1649 561
1650 561
1652 562
1653 562
1654 562
1656 563
1657 563
1658 563
1660 564
1661 564
1662 564
1664 565
1665 565
1666 565
1667 565
1669 566
1670 566
1671 566
1673 567
1674 567
1675 567
1677 568
1678 568
1679 568
1681 569
1682 569
1683 569
1684 569
1686 570
1687 570
1688 570
1690 571
1691 570
1692 570
1694 571
1695 571
1696 571
1698 572
1699 572
1700 572
1701 572
1703 573
1704 573
1705 573
1707 574
1708 574
1709 574
1710 574
1712 575
1713 575
1714 575
1716 576
1717 576
1718 576
1720 577
1721 577
1722 577
1723 577
1725 578
1726 578
1727 578
1729 579
1730 579
1731 579
1732 579
1734 580
1735 580
1736 580
1737 580
1739 581
1740 581
1741 581
1743 582
1744 582
1745 581
1746 581
1748 582
1749 582
1750 582
1752 583
1753 583
1754 583
1755 583
1757 584
1758 584
1759 584
1760 584
1762 585
1763 585
1764 585
1766 586
1767 586
1768 586
1769 586
1771 587
1772 587
1773 587
1774 587
1776 588
1777 588
1778 588
1779 588
1781 589
1782 589
1783 589
1784 589
1786 590
1787 590
1788 590
1789 590
1791 591
1792 591
1793 591
1794 591
1796 592
1797 592
1798 591
1799 591
1801 592
1802 592
1803 592
1804 592
1806 593
1807 593
1808 593
1809 593
1811 594
1812 594
1813 594
1814 594
1816 595
1817 595
1818 595
1819 595
1821 596
1822 596
1823 596
1824 596
1826 597
1827 597
1828 597
1829 597
1831 598
1832 598
1833 598
1834 598
1835 598
1837 599
1838 599
1839 599
1840 599
1842 600
1843 600
1844 600
1845 600
1847 601
1848 601
1849 601
1850 601
1851 600
1853 601
1854 601
1855 601
1856 601
1858 602
1859 602
1860 602
1861 602
1862 602
1864 603
1865 603
1866 603
1867 603
1868 603
1870 604
1871 604
1872 604
1873 604
1875 605
1876 605
1877 605
1878 605
1879 605
1881 606
1882 606
1883 606
1884 606
1885 606
1887 607
1888 607
1889 607
1890 607
1891 607
1893 608
1894 608
1895 608
1896 608
1897 608
1899 609
1900 609
1901 609
1902 608
1903 608
1905 609
1906 609
1907 609
1908 609
1909 609
1911 610
1912 610
1913 610
1914 610
1915 610
1917 611
1918 611
1919 611
1920 611
1921 611
1922 611
1924 612
1925 612
1926 612
1927 612
1928 612
1930 613
1931 613
1932 613
1933 613
1934 613
1935 613
1937 614
1938 614
1939 614
1940 614
1941 614
1943 615
1944 615
1945 615
1946 615
1947 615
1948 615
1950 616
1951 616
1952 615
1953 615
1954 615
1955 615
1957 616
1958 616
1959 616
1960 616
1961 616
1962 616
1964 617
1965 617
1966 617
1967 617
1968 617
1969 617
1970 617
1972 618
1973 618
1974 618
1975 618
1976 618
1977 618
1979 619
1980 619
1981 619
1982 619
1983 619
1984 619
1985 619
1987 620
1988 620
1989 620
1990 620
1991 620
1992 620
1994 621
1995 621
1996 621
1997 621
1998 621
1999 621
2000 620
2002 621
2003 621
2004 621
2005 621
2006 621
2007 621
2008 621
2010 622
2011 622
2012 622
2013 622
2014 622
2015 622
2016 622
2017 622
2019 623
2020 623
2021 623
2022 623
2023 623
2024 623
2025 623
2026 623
2028 624
2029 624
2030 624
2031 624
2032 624
2033 624
2034 624
2035 624
2037 625
2038 625
2039 625
2040 625
2041 625
2042 625
2043 625
2044 625
2046 626
2047 626
2048 625
2049 625
2050 625
2051 625
2052 625
2053 625
2054 625
2056 626
2057 626
2058 626
2059 626
2060 626
2061 626
2062 626
2063 626
2064 626
2065 626
2067 627
2068 627
2069 627
2070 627
2071 627
2072 627
2073 627
2074 627
2075 627
2076 627
2078 628
2079 628
2080 628
2081 628
2082 628
2083 628
2084 628
2085 628
2086 628
2087 628
2089 629
2090 629
2091 629
2092 629
2093 629
2094 628
2095 628
2096 628
2097 628
2098 628
2099 628
2100 628
2102 629
2103 629
2104 629
2105 629
2106 629
2107 629
2108 629
2109 629
2110 629
2111 629
2112 629
2113 629
2114 629
2116 630
2117 630
2118 630
2119 630
2120 630
2121 630
2122 630
2123 630
2124 630
2125 630
2126 630
2127 630
2128 630
2129 630
2130 630
2132 631
2133 631
2134 631
2135 631
2136 631
2137 631
2138 631
2139 630
2140 630
2141 630
2142 630
2143 630
2144 630
2145 630
2146 630
2147 630
2148 630
2149 630
2151 631
2152 631
2153 631
2154 631
2155 631
2156 631
2157 631
2158 631
2159 631
2160 631
2161 631
2162 631
2163 631
2164 631
2165 631
2166 631
2167 631
2168 631
2169 631
2170 631
2171 631
2172 631
2173 631
2175 632
2176 632
2177 632
2178 632
2179 632
2180 632
2181 632
2182 632
2183 631
2184 631
2185 631
2186 631
2187 631
2188 631
2189 631
2190 631
2191 631
2192 631
2193 631
2194 631
2195 631
2196 631
2197 631
2198 631
2199 631
2200 631
2201 631
2202 631
2203 631
2204 631
2205 631
2206 631
2207 631
2208 631
2209 631
2210 631
2211 631
2212 631
2213 631
2214 631
2215 631
2216 631
2217 631
2218 631
2219 631
2220 631
2221 631
2222 631
2223 631
2224 631
2225 630
2226 630
2227 630
2228 630
2229 630
2230 630
2231 630
2232 630
2233 630
2234 630
2235 630
2236 630
2237 630
2238 630
2239 630
2240 630
2241 630
2242 630
2243 630
2244 630
2245 630
2246 630
2247 630
2248 630
2249 630
2250 630
2251 630
2252 630
2253 630
2254 630
2255 630
2256 630
2257 630
2258 630
2259 630
2260 630
2261 630
2262 630
2263 630
2264 630
2265 630
2266 630
2267 630
2268 629
2269 629
2270 629
2271 629
2272 629
2273 629
2274 629
2275 629
2276 629
2277 629
2278 629
2279 629
2279 628
2280 628
2281 628
2282 628
2283 628
2284 628
2285 628
2286 628
2287 628
2288 628
2289 628
2290 628
2291 628
2292 628
2293 628
2294 628
2295 628
2296 628
2297 628
2298 628
2299 628
2300 628
2301 628
2302 628
2302 627
2303 627
2304 627
2305 627
2306 627
2307 627
2308 626
2309 626
2310 626
2311 626
2312 626
2313 626
2314 626
2315 626
2316 626
2317 626
2318 626
2318 625
2319 625
2320 625
2321 625
2322 625
2323 625
2324 625
2325 625
2326 625
2327 625
2328 625
2329 625
2330 625
2331 625
2332 625
2332 624
2333 624
2334 624
2335 624
2336 624
2337 624
2338 624
2339 624
2340 624
2341 624
2342 624
2343 624
2344 624
2344 623
2345 623
2346 623
2347 622
2348 622
2349 622
2350 622
2351 622
2352 622
2353 622
2354 622
2355 622
2355 621
2356 621
2357 621
2358 621
2359 621
2360 621
2361 621
2362 621
2363 621
2364 621
2365 621
2365 620
2366 620
2367 620
2368 620
2369 620
2370 620
2371 620
2372 620
2373 620
2374 620
2374 619
2375 619
2376 619
2377 619
2378 619
2379 619
2380 619
2381 619
2382 619
2382 618
2383 618
2384 618
2385 617
2386 617
2387 617
2388 617
2389 617
2390 617
2390 616
2391 616
2392 616
2393 616
2394 616
2395 616
2396 616
2397 616
2398 616
2398 615
2399 615
2400 615
2401 615
2402 615
2403 615
2404 615
2405 615
2405 614
2406 614
2407 614
2408 614
2409 614
2410 614
2411 614
2412 614
2412 613
2413 613
2414 613
2415 613
2416 613
2417 613
2418 613
2418 612
2419 612
2420 612
2421 612
2422 611
2423 611
2424 611
2424 610
2425 610
2426 610
2427 610
2428 610
2429 610
2430 610
2430 609
2431 609
2432 609
2433 609
2434 609
2435 609
2436 609
2436 608
2437 608
2438 608
2439 608
2440 608
2441 608
2442 608
2442 607
2443 607
2444 607
2445 607
2446 607
2447 607
2447 606
2448 606
2449 606
2450 606
2451 606
2452 606
2452 605
2453 605
2454 605
2455 605
2456 605
2457 605
2458 604
2458 603
2459 603
2460 603
2461 603
2462 603
2462 602
2463 602
2464 602
2465 602
2466 602
2467 602
2467 601
2468 601
2469 601
2470 601
2471 601
2472 601
2472 600
2473 600
2474 600
2475 600
2476 600
2477 600
2477 599
2478 599
2479 599
2480 599
2481 599
2481 598
2482 598
2483 598
2484 598
2485 598
2485 597
2486 597
2487 597
2488 597
2489 597
2490 597
2490 596
2491 596
2492 595
2493 595
2494 595
2494 594
2495 594
2496 594
2497 594
2498 594
2498 593
2499 593
2500 593
2501 593
2502 593
2502 592
2503 592
2504 592
2505 592
2506 592
2506 591
2507 591
2508 591
2509 591
2510 591
2510 590
2511 590
2512 590
2513 590
2514 590
2514 589
2515 589
2516 589
2517 589
2517 588
2518 588
2519 588
2520 588
2521 588
2521 587
2522 587
2523 587
2524 587
2525 587
2525 585
2526 585
2527 585
2528 585
2528 584
2529 584
2530 584
2531 584
2532 584
2532 583
2533 583
2534 583
2535 583
2535 582
2536 582
2537 582
2538 582
2539 582
2539 581
2540 581
2541 581
2542 581
2542 580
2543 580
2544 580
2545 580
2545 579
2546 579
2547 579
2548 579
2548 578
2549 578
2550 578
2551 578
2552 578
2552 577
2553 577
2554 577
2555 577
2555 576
2556 576
2557 576
2558 575
2558 574
2559 574
2560 574
2561 574
2561 573
2562 573
2563 573
2564 573
2564 572
2565 572
2566 572
2567 572
2567 571
2568 571
2569 571
2570 571
2570 570
2571 570
2572 570
2573 570
2573 569
2574 569
2575 569
2576 569
2576 568
2577 568
2578 568
2578 567
2579 567
2580 567
2581 567
2581 566
2582 566
2583 566
2584 566
2584 565
2585 565
2586 565
2587 565
2587 564
2588 564
2589 563
2589 562
2590 562
2591 562
2592 562
2592 561
2593 561
2594 561
2595 561
2595 560
2596 560
2597 560
2597 559
2598 559
2599 559
2600 559
2600 558
2601 558
2602 558
2602 557
2603 557
2604 557
2605 557
2605 556
2606 556
2607 556
2608 556
2608 555
2609 555
2610 555
2610 554
2611 554
2612 554
2612 553
2613 553
2614 553
2615 553
2615 552
2616 552
2617 552
2617 551
2618 551
2619 551
2620 550
2620 549
2621 549
2622 549
2622 548
2623 548
2624 548
2624 547
2625 547
2626 547
2627 547
2627 546
2628 546
2629 546
2629 545
2630 545
2631 545
2631 544
2632 544
2633 544
2634 544
2634 543
2635 543
2636 543
2636 542
2637 542
2638 542
2638 541
2639 541
2640 541
2640 540
2641 540
2642 540
2642 539
2643 539
2644 539
2645 539
2645 538
2646 538
2647 538
2647 537
2648 537
2649 536
2649 535
2650 535
2651 535
2651 534
2652 534
2653 534
2653 533
2654 533
2655 533
2655 532
2656 532
2657 532
2657 531
2658 531
2659 531
2659 530
2660 530
2661 530
2661 529
2662 529
2663 529
2663 528
2664 528
2665 528
2665 527
2666 527
2667 527
2667 526
2668 526
2669 526
2669 525
2670 525
2671 525
2671 524
2672 524
2673 524
2673 523
2674 523
2675 523
2675 522
2676 522
2677 521
2677 520
2678 520
2679 520
2679 519
2680 519
2681 519
2681 518
2682 518
2683 518
2683 517
2684 517
2684 516
2685 516
2686 516
2686 515
2687 515
2688 515
2688 514
2689 514
2690 514
2690 513
2691 513
2692 513
2692 512
2693 512
2693 511
2694 511
2695 511
2695 510
2696 510
2697 510
2697 509
2698 509
2699 509
2699 508
2700 508
2701 508
2701 507
2702 507
2702 506
2703 506
2704 505
2704 504
2705 504
2706 504
2706 503
2707 503
2707 502
2708 502
2709 502
2709 501
2710 501
2711 501
2711 500
2712 500
2712 499
2713 499
2714 499
2714 498
2715 498
2716 498
2716 497
2717 497
2717 496
2718 496
2719 496
2719 495
2720 495
2721 495
2721 494
2722 494
2722 493
2723 493
2724 493
2724 492
2725 492
2725 491
2726 491
2727 491
2727 490
2728 490
2729 490
2729 489
2730 488
2730 487
2731 487
2732 487
2732 486
2733 486
2733 485
2734 485
2735 485
2735 484
2736 484
2736 483
2737 483
2738 483
2738 482
2739 482
2739 481
2740 481
2741 481
2741 480
2742 480
2742 479
2743 479
2744 479
2744 478
2745 478
2745 477
2746 477
2747 477
2747 476
2748 476
2748 475
2749 475
2750 475
2750 474
2751 474
2751 473
2752 473
2753 473
2753 472
2754 472
2754 471
2755 470
2756 470
2756 469
2757 469
2757 468
2758 468
2758 467
2759 467
2760 467
2760 466
2761 466
2761 465
2762 465
2763 465
2763 464
2764 464
2764 463
2765 463
2765 462
2766 462
2767 462
2767 461
2768 461
2768 460
2769 460
2769 459
2770 459
2771 459
2771 458
2772 458
2772 457
2773 457
2773 456
2774 456
2775 456
2775 455
2776 455
2776 454
2777 454
2777 453
2778 453
2779 453
2779 451
2780 451
2780 450
2781 450
2781 449
2782 449
2783 449
2783 448
2784 448
2784 447
2785 447
2785 446
2786 446
2787 446
2787 445
2788 445
2788 444
2789 444
2789 443
2790 443
2790 442
2791 442
2792 442
2792 441
2793 441
2793 440
2794 440
2794 439
2795 439
2795 438
2796 438
2797 438
2797 437
2798 437
2798 436
2799 436
2799 435
2800 435
2800 434
2801 434
2801 433
2802 433
2803 432
2803 431
2804 431
2804 430
2805 430
2805 429
2806 429
2806 428
2807 428
2808 428
2808 427
2809 427
2809 426
2810 426
2810 425
2811 425
2811 424
2812 424
2812 423
2813 423
2813 422
2814 422
2815 422
2815 421
2816 421
2816 420
2817 420
2817 419
2818 419
2818 418
2819 418
2819 417
2820 417
2820 416
2821 416
2821 415
2822 415
2823 415
2823 414
2824 414
2824 413
2825 413
2825 411
2826 411
2826 410
2827 410
2827 409
2828 409
2828 408
2829 408
2829 407
2830 407
2830 406
2831 406
2831 405
2832 405
2833 405
2833 404
2834 404
2834 403
2835 403
2835 402
2836 402
2836 401
2837 401
2837 400
2838 400
2838 399
2839 399
2839 398
2840 398
2840 397
2841 397
2841 396
2842 396
2842 395
2843 395
2843 394
2844 394
2844 393
2845 393
2845 392
2846 392
2846 391
2847 390
2847 389
2848 389
2849 389
2849 388
2850 388
2850 387
2851 387
2851 386
2852 386
2852 385
2853 385
2853 384
2854 384
2854 383
2855 383
2855 382
2856 382
2856 381
2857 381
2857 380
2858 380
2858 379
2859 379
2859 378
2860 378
2860 377
2861 377
2861 376
2862 376
2862 375
2863 375
2863 374
2864 374
2864 373
2865 373
2865 372
2866 372
2866 371
2867 371
2867 370
2868 370
2868 369
2869 368
2869 367
2870 367
2870 366
2870 365
2871 365
2871 364
2872 364
2872 363
2873 363
2873 362
2874 362
2874 361
2875 361
2875 360
2876 360
2876 359
2877 359
2877 358
2878 358
2878 357
2879 357
2879 356
2880 356
2880 355
2881 355
2881 354
2882 354
2882 353
2883 353
2883 352
2884 352
2884 351
2885 351
2885 350
2886 350
2886 349
2886 348
2887 348
2887 347
2888 347
2888 346
2889 345
2889 344
2890 344
2890 343
2891 343
2891 342
2892 342
2892 341
2893 341
2893 340
2894 340
2894 339
2895 339
2895 338
2895 337
2896 337
2896 336
2897 336
2897 335
2898 335
2898 334
2899 334
2899 333
2900 333
2900 332
2901 332
2901 331
2902 331
2902 330
2902 329
2903 329
2903 328
2904 328
2904 327
2905 327
2905 326
2906 326
2906 325
2907 325
2907 324
2908 324
2908 323
2909 322
2909 321
2909 320
2910 320
2910 319
2911 319
2911 318
2912 318
2912 317
2913 317
2913 316
2914 316
2914 315
2914 314
2915 314
2915 313
2916 313
2916 312
2917 312
2917 311
2918 311
2918 310
2919 310
2919 309
2919 308
2920 308
2920 307
2921 307
2921 306
2922 306
2922 305
2923 305
2923 304
2924 304
2924 303
2924 302
2925 302
2925 301
2926 301
2926 300
2927 300
2927 299
2928 298
2928 297
2928 296
2929 296
2929 295
2930 295
2930 294
2931 294
2931 293
2932 293
2932 292
2932 291
2933 291
2933 290
2934 290
2934 289
2935 289
2935 288
2936 288
2936 287
2936 286
2937 286
2937 285
2938 285
2938 284
2939 284
2939 283
2939 282
2940 282
2940 281
2941 281
2941 280
2942 280
2942 279
2943 279
2943 278
2943 277
2944 277
2944 276
2945 276
2945 275
2946 275
2946 273
2946 272
2947 272
2947 271
2948 271
2948 270
2949 270
2949 269
2949 268
2950 268
2950 267
2951 267
2951 266
2952 266
2952 265
2952 264
2953 264
2953 263
2954 263
2954 262
2955 262
2955 261
2955 260
2956 260
2956 259
2957 259
2957 258
2958 258
2958 257
2958 256
2959 256
2959 255
2960 255
2960 254
2961 254
2961 253
2961 252
2962 252
2962 251
2963 251
2963 250
2964 250
2964 248
2964 247
2965 247
2965 246
2966 246
2966 245
2966 244
2967 244
2967 243
2968 243
2968 242
2969 242
2969 241
2969 240
2970 240
2970 239
2971 239
2971 238
2971 237
2972 237
2972 236
2973 236
2973 235
2974 235
2974 234
2974 233
2975 233
2975 232
2976 232
2976 231
2976 230
2977 230
2977 229
2978 229
2978 228
2978 227
2979 227
2979 226
2980 226
2980 225
2981 225
2981 224
2981 222
2982 222
2982 221
2983 221
2983 220
2983 219
2984 219
2984 218
2985 218
2985 217
2985 216
2986 216
2986 215
2987 215
2987 214
2987 213
2988 213
2988 212
2989 212
2989 211
2990 211
2990 210
2990 209
2991 209
2991 208
2992 208
2992 207
2992 206
2993 206
2993 205
2994 205
2994 204
2994 203
2995 203
2995 202
2996 202
2996 201
2996 200
2997 200
2997 199
2998 199
2998 198
2998 196
2999 196
2999 195
3000 195
3000 194
3000 193
3001 193
3001 192
3002 192
3002 191
3002 190
3003 190
3003 189
3004 189
3004 188
3004 187
3005 187
3005 186
3006 186
3006 185
3006 184
3007 184
3007 183
3008 183
3008 182
3008 181
3009 181
3009 180
3009 179
3010 179
3010 178
3011 178
3011 177
3011 176
3012 176
3012 175
3013 175
3013 174
3013 173
3014 173
3014 172
3015 172
3015 170
3015 169
3016 169
3016 168
3017 168
3017 167
3017 166
3018 166
3018 165
3018 164
3019 164
3019 163
3020 163
3020 162
3020 161
3021 161
3021 160
3022 160
3022 159
3022 158
3023 158
3023 157
3024 157
3024 156
3024 155
3025 155
3025 154
3025 153
3026 153
3026 152
3027 152
3027 151
3027 150
3028 150
3028 149
3029 149
3029 148
3029 147
3030 147
3030 146
3030 145
3031 145
3031 144
3032 143
3032 142
3032 141
3033 141
3033 140
3034 140
3034 139
3034 138
3035 138
3035 137
3035 136
3036 136
3036 135
3037 135
3037 134
3037 133
3038 133
3038 132
3038 131
3039 131
3039 130
3040 130
3040 129
3040 128
3041 128
3041 127
3042 127
3042 126
3042 125
3043 125
3043 124
3043 123
3044 123
3044 122
3045 122
3045 121
3045 120
3046 120
3046 119
3046 118
3047 118
3047 117
3048 116
3048 115
3048 114
3049 114
3049 113
3049 112
3050 112
3050 111
3051 111
3051 110
3051 109
3052 109
3052 108
3052 107
3053 107
3053 106
3054 106
3054 105
3054 104
3055 104
3055 103
3055 102
3056 102
3056 101
3057 101
3057 100
3057 99
3058 99
3058 98
3058 97
3059 97
3059 96
3060 96
3060 95
3060 94
3061 94
3061 93
3061 92
3062 92
3062 91
3063 91
3063 90
3063 88
3064 88
3064 87
3064 86
3065 86
3065 85
3065 84
3066 84
3066 83
3067 83
3067 82
3067 81
3068 81
3068 80
3068 79
3069 79
3069 78
3070 78
3070 77
3070 76
3071 76
3071 75
3071 74
3072 74
3072 73
3073 73
3073 72
3073 71
3074 71
3074 70
3074 69
3075 69
3075 68
3075 67
3076 67
3076 66
3077 66
3077 65
3077 64
3078 64
3078 63
3078 62
3079 61
3079 60
3080 60
3080 59
3080 58
3081 58
3081 57
3081 56
3082 56
3082 55
3082 54
3083 54
3083 53
3084 53
3084 52
3084 51
3085 51
3085 50
3085 49
3086 49
3086 48
3086 47
3087 47
3087 46
3088 46
3088 45
3088 44
3089 44
3089 43
3089 42
3090 42
3090 41
3091 41
3091 40
3091 39
3092 39
3092 38
3092 37
3093 37
3093 36
3093 35
3094 35
3094 33
3095 33
3095 32
3095 31
3096 31
3096 30
3096 29
3097 29
3097 28
3097 27
3098 27
3098 26
3099 26
3099 25
3099 24
3100 24
3100 23
3100 22
3101 22
3101 21
3101 20
3102 20
3102 19
3103 19
3103 18
3103 17
3104 17
3104 16
3104 15
3105 15
3105 14
3105 13
3106 13
3106 12
3107 12
3107 11
3107 10
3108 10
3108 9
3108 8
3109 8
3109 7
3109 5
3110 5
3110 4
3111 4
3111 3
3111 2
3112 2
3112 1
3112 0
3113 0
3113 -1
3113 -2
3114 -2
3114 -3
3114 -4
3115 -4
3115 -5
3116 -5
3116 -6
3116 -7
3117 -7
3117 -8
3117 -9
3118 -9
3118 -10
3118 -11
3119 -11
3119 -12
3120 -12
3120 -13
3120 -14
3121 -14
3121 -15
3121 -16
3122 -16
3122 -17
3122 -18
3123 -18
3123 -19
3124 -19
3124 -20
3124 -21
3125 -22
3125 -23
3125 -24
3126 -24
3126 -25
3126 -26
3127 -26
3127 -27
3128 -27
3128 -28
3128 -29
3129 -29
3129 -30
3129 -31
3130 -31
3130 -32
3130 -33
3131 -33
3131 -34
3132 -34
3132 -35
3132 -36
3133 -36
3133 -37
3133 -38
3134 -38
3134 -39
3134 -40
3135 -40
3135 -41
3136 -41
3136 -42
3136 -43
3137 -43
3137 -44
3137 -45
3138 -45
3138 -46
3138 -47
3139 -47
3139 -48
3140 -48
3140 -50
3140 -51
3141 -51
3141 -52
3141 -53
3142 -53
3142 -54
3142 -55
3143 -55
3143 -56
3144 -56
3144 -57
3144 -58
3145 -58
3145 -59
3145 -60
3146 -60
3146 -61
3146 -62
3147 -62
3147 -63
3148 -63
3148 -64
3148 -65
3149 -65
3149 -66
3149 -67
3150 -67
3150 -68
3150 -69
3151 -69
3151 -70
3152 -70
3152 -71
3152 -72
3153 -72
3153 -73
3153 -74
3154 -74
3154 -75
3154 -76
3155 -76
3155 -78
3156 -78
3156 -79
3156 -80
3157 -80
3157 -81
3157 -82
3158 -82
3158 -83
3158 -84
3159 -84
3159 -85
3160 -85
3160 -86
3160 -87
3161 -87
3161 -88
3161 -89
3162 -89
3162 -90
3162 -91
3163 -91
3163 -92
3164 -92
3164 -93
3164 -94
3165 -94
3165 -95
3165 -96
3166 -96
3166 -97
3167 -97
3167 -98
3167 -99
3168 -99
3168 -100
3168 -101
3169 -101
3169 -102
3169 -103
3170 -103
3170 -104
3171 -105
3171 -106
3171 -107
3172 -107
3172 -108
3172 -109
3173 -109
3173 -110
3174 -110
3174 -111
3174 -112
3175 -112
3175 -113
3175 -114
3176 -114
3176 -115
3176 -116
3177 -116
3177 -117
3178 -117
3178 -118
3178 -119
3179 -119
3179 -120
3179 -121
3180 -121
3180 -122
3181 -122
3181 -123
3181 -124
3182 -124
3182 -125
3182 -126
3183 -126
3183 -127
3184 -127
3184 -128
3184 -129
3185 -129
3185 -130
3185 -131
3186 -131
3186 -132
3186 -134
3187 -134
3187 -135
3188 -135
3188 -136
3188 -137
3189 -137
3189 -138
3189 -139
3190 -139
3190 -140
3191 -140
3191 -141
3191 -142
3192 -142
3192 -143
3192 -144
3193 -144
3193 -145
3194 -145
3194 -146
3194 -147
3195 -147
3195 -148
3195 -149
3196 -149
3196 -150
3197 -150
3197 -151
3197 -152
3198 -152
3198 -153
3198 -154
3199 -154
3199 -155
3200 -155
3200 -156
3200 -157
3201 -157
3201 -158
3202 -158
3202 -159
3202 -161
3203 -161
3203 -162
3203 -163
3204 -163
3204 -164
3205 -164
3205 -165
3205 -166
3206 -166
3206 -167
3206 -168
3207 -168
3207 -169
3208 -169
3208 -170
3208 -171
3209 -171
3209 -172
3209 -173
3210 -173
3210 -174
3211 -174
3211 -175
3211 -176
3212 -176
3212 -177
3213 -177
3213 -178
3213 -179
3214 -179
3214 -180
3214 -181
3215 -181
3215 -182
3216 -182
3216 -183
3216 -184
3217 -184
3217 -185
3218 -185
3218 -186
3218 -188
3219 -188
3219 -189
3219 -190
3220 -190
3220 -191
3221 -191
3221 -192
3221 -193
3222 -193
3222 -194
3223 -194
3223 -195
3223 -196
3224 -196
3224 -197
3224 -198
3225 -198
3225 -199
3226 -199
3226 -200
3226 -201
3227 -201
3227 -202
3228 -202
3228 -203
3228 -204
3229 -204
3229 -205
3230 -205
3230 -206
3230 -207
3231 -207
3231 -208
3231 -209
3232 -209
3232 -210
3233 -210
3233 -211
3233 -212
3234 -212
3234 -213
3235 -214
3235 -215
3235 -216
3236 -216
3236 -217
3237 -217
3237 -218
3237 -219
3238 -219
3238 -220
3239 -220
3239 -221
3239 -222
3240 -222
3240 -223
3241 -223
3241 -224
3241 -225
3242 -225
3242 -226
3243 -226
3243 -227
3243 -228
3244 -228
3244 -229
3245 -229
3245 -230
3245 -231
3246 -231
3246 -232
3247 -232
3247 -233
3247 -234
3248 -234
3248 -235
3249 -235
3249 -236
3249 -237
3250 -237
3250 -238
3251 -238
3251 -239
3251 -241
3252 -241
3252 -242
3253 -242
3253 -243
3253 -244
3254 -244
3254 -245
3255 -245
3255 -246
3255 -247
3256 -247
3256 -248
3257 -248
3257 -249
3257 -250
3258 -250
3258 -251
3259 -251
3259 -252
3259 -253
3260 -253
3260 -254
3261 -254
3261 -255
3261 -256
3262 -256
3262 -257
3263 -257
3263 -258
3264 -258
3264 -259
3264 -260
3265 -260
3265 -261
3266 -261
3266 -262
3266 -263
3267 -263
3267 -264
3268 -264
3268 -265
3268 -267
3269 -267
3269 -268
3270 -268
3270 -269
3271 -269
3271 -270
3271 -271
3272 -271
3272 -272
3273 -272
3273 -273
3273 -274
3274 -274
3274 -275
3275 -275
3275 -276
3275 -277
3276 -277
3276 -278
3277 -278
3277 -279
3278 -279
3278 -280
3278 -281
3279 -281
3279 -282
3280 -282
3280 -283
3281 -283
3281 -284
3281 -285
3282 -285
3282 -286
3283 -286
3283 -287
3283 -288
3284 -288
3284 -289
3285 -289
3285 -290
3286 -290
3286 -292
3286 -293
3287 -293
3287 -294
3288 -294
3288 -295
3289 -295
3289 -296
3289 -297
3290 -297
3290 -298
3291 -298
3291 -299
3292 -299
3292 -300
3292 -301
3293 -301
3293 -302
3294 -302
3294 -303
3295 -303
3295 -304
3295 -305
3296 -305
3296 -306
3297 -306
3297 -307
3298 -307
3298 -308
3298 -309
3299 -309
3299 -310
3300 -310
3300 -311
3301 -311
3301 -312
3301 -313
3302 -313
3302 -314
3303 -314
3303 -315
3304 -315
3304 -317
3304 -318
3305 -318
3305 -319
3306 -319
3306 -320
3307 -320
3307 -321
3308 -321
3308 -322
3308 -323
3309 -323
3309 -324
3310 -324
3310 -325
3311 -325
3311 -326
3312 -326
3312 -327
3312 -328
3313 -328
3313 -329
3314 -329
3314 -330
3315 -330
3315 -331
3315 -332
3316 -332
3316 -333
3317 -333
3317 -334
3318 -334
3318 -335
3319 -335
3319 -336
3320 -336
3320 -337
3320 -338
3321 -338
3321 -339
3322 -339
3322 -340
3323 -341
3323 -342
3324 -342
3324 -343
3324 -344
3325 -344
3325 -345
3326 -345
3326 -346
3327 -346
3327 -347
3328 -347
3328 -348
3329 -348
3329 -349
3329 -350
3330 -350
3330 -351
3331 -351
3331 -352
3332 -352
3332 -353
3333 -353
3333 -354
3334 -354
3334 -355
3334 -356
3335 -356
3335 -357
3336 -357
3336 -358
3337 -358
3337 -359
3338 -359
3338 -360
3339 -360
3339 -361
3340 -361
3340 -362
3340 -363
3341 -363
3341 -364
3342 -364
3342 -366
3343 -366
3343 -367
3344 -367
3344 -368
3345 -368
3345 -369
3346 -369
3346 -370
3347 -370
3347 -371
3347 -372
3348 -372
3348 -373
3349 -373
3349 -374
3350 -374
3350 -375
3351 -375
3351 -376
3352 -376
3352 -377
3353 -377
3353 -378
3354 -378
3354 -379
3355 -379
3355 -380
3355 -381
3356 -381
3356 -382
3357 -382
3357 -383
3358 -383
3358 -384
3359 -384
3359 -385
3360 -385
3360 -386
3361 -386
3361 -387
3362 -387
3362 -389
3363 -389
3363 -390
3364 -390
3364 -391
3365 -391
3365 -392
3366 -392
3366 -393
3366 -394
3367 -394
3367 -395
3368 -395
3368 -396
3369 -396
3369 -397
3370 -397
3370 -398
3371 -398
3371 -399
3372 -399
3372 -400
3373 -400
3373 -401
3374 -401
3374 -402
3375 -402
3375 -403
3376 -403
3376 -404
3377 -404
3377 -405
3378 -405
3378 -406
3379 -406
3379 -407
3380 -407
3380 -408
3381 -408
3381 -409
3382 -409
3382 -410
3383 -411
3383 -412
3384 -412
3384 -413
3385 -413
3385 -414
3386 -414
3386 -415
3387 -415
3387 -416
3388 -416
3388 -417
3389 -417
3389 -418
3390 -418
3390 -419
3391 -419
3391 -420
3392 -420
3392 -421
3393 -421
3393 -422
3394 -422
3394 -423
3395 -423
3395 -424
3396 -424
3396 -425
3397 -425
3397 -426
3398 -426
3398 -427
3399 -427
3399 -428
3400 -428
3400 -429
3401 -429
3401 -430
3402 -430
3402 -431
3403 -431
3403 -432
3404 -433
3404 -434
3405 -434
3405 -435
3406 -435
3406 -436
3407 -436
3408 -436
3408 -437
3409 -437
3409 -438
3410 -438
3410 -439
3411 -439
3411 -440
3412 -440
3412 -441
3413 -441
3413 -442
3414 -442
3414 -443
3415 -443
3415 -444
3416 -444
3416 -445
3417 -445
3417 -446
3418 -446
3418 -447
3419 -447
3420 -447
3420 -448
3421 -448
3421 -449
3422 -449
3422 -450
3423 -450
3423 -451
3424 -451
3424 -452
3425 -452
3425 -453
3426 -454
3426 -455
3427 -455
3427 -456
3428 -456
3429 -456
3429 -457
3430 -457
3430 -458
3431 -458
3431 -459
3432 -459
3432 -460
3433 -460
3433 -461
3434 -461
3434 -462
3435 -462
3436 -462
3436 -463
3437 -463
3437 -464
3438 -464
3438 -465
3439 -465
3439 -466
3440 -466
3440 -467
3441 -467
3442 -467
3442 -468
3443 -468
3443 -469
3444 -469
3444 -470
3445 -470
3445 -471
3446 -471
3446 -472
3447 -472
3448 -472
3448 -473
3449 -474
3449 -475
3450 -475
3450 -476
3451 -476
3451 -477
3452 -477
3453 -477
3453 -478
3454 -478
3454 -479
3455 -479
3455 -480
3456 -480
3456 -481
3457 -481
3458 -481
3458 -482
3459 -482
3459 -483
3460 -483
3460 -484
3461 -484
3462 -484
3462 -485
3463 -485
3463 -486
3464 -486
3464 -487
3465 -487
3465 -488
3466 -488
3467 -488
3467 -489
3468 -489
3468 -490
3469 -490
3469 -491
3470 -491
3471 -491
3471 -492
3472 -492
3472 -494
3473 -494
3473 -495
3474 -495
3475 -495
3475 -496
3476 -496
3476 -497
3477 -497
3477 -498
3478 -498
3479 -498
3479 -499
3480 -499
3480 -500
3481 -500
3482 -500
3482 -501
3483 -501
3483 -502
3484 -502
3484 -503
3485 -503
3486 -503
3486 -504
3487 -504
3487 -505
3488 -505
3489 -505
3489 -506
3490 -506
3490 -507
3491 -507
3491 -508
3492 -508
3493 -508
3493 -509
3494 -509
3494 -510
3495 -510
3496 -510
3496 -511
3497 -512
3497 -513
3498 -513
3499 -513
