
Processing ge0.txt
Matrix A:
-20.0000  55.0000 -10.0000 
-10.0000 -10.0000  50.0000 
 30.0000 -20.0000 -10.0000 
Vector b:
  0.0000
200.0000
  0.0000
Signum 1  
P = [ 2 0 1 ] 
LU matrix = 
Matrix LU:3 x 3:
     30     -20     -10 
  -0.67      42     -17 
  -0.33    -0.4      40 
Solution x:
  3.0000
  2.0000
  5.0000

Processing ge1.txt
Matrix A:
  2.0000   1.0000   1.0000 
  6.0000   2.0000   1.0000 
 -2.0000   2.0000   1.0000 
Vector b:
  1.0000
 -7.0000
  7.0000
Signum 1  
P = [ 1 2 0 ] 
LU matrix = 
Matrix LU:3 x 3:
      6       2       1 
  -0.33     2.7     1.3 
   0.33    0.13     0.5 
Solution x:
 -1.7500
 -1.0000
  5.5000

Processing ge2.txt
Matrix A:
  2.0000   1.0000   1.0000 
  6.0000   2.0000   1.0000 
 -2.0000   2.0000   1.0000 
Vector b:
  1.0000
 -7.0000
  7.0000
Signum 1  
P = [ 1 2 0 ] 
LU matrix = 
Matrix LU:3 x 3:
      6       2       1 
  -0.33     2.7     1.3 
   0.33    0.13     0.5 
Solution x:
 -1.7500
 -1.0000
  5.5000

Processing ge3.txt
Matrix A:
  1.0000   0.5000   0.3333   0.2500   0.2000   0.1667   0.1429   0.1250   0.1111   0.1000   0.0909   0.0833 
  0.5000   0.3333   0.2500   0.2000   0.1667   0.1429   0.1250   0.1111   0.1000   0.0909   0.0833   0.0769 
  0.3333   0.2500   0.2000   0.1667   0.1429   0.1250   0.1111   0.1000   0.0909   0.0833   0.0769   0.0714 
  0.2500   0.2000   0.1667   0.1429   0.1250   0.1111   0.1000   0.0909   0.0833   0.0769   0.0714   0.0667 
  0.2000   0.1667   0.1429   0.1250   0.1111   0.1000   0.0909   0.0833   0.0769   0.0714   0.0667   0.0625 
  0.1667   0.1429   0.1250   0.1111   0.1000   0.0909   0.0833   0.0769   0.0714   0.0667   0.0625   0.0588 
  0.1429   0.1250   0.1111   0.1000   0.0909   0.0833   0.0769   0.0714   0.0667   0.0625   0.0588   0.0556 
  0.1250   0.1111   0.1000   0.0909   0.0833   0.0769   0.0714   0.0667   0.0625   0.0588   0.0556   0.0526 
  0.1111   0.1000   0.0909   0.0833   0.0769   0.0714   0.0667   0.0625   0.0588   0.0556   0.0526   0.0500 
  0.1000   0.0909   0.0833   0.0769   0.0714   0.0667   0.0625   0.0588   0.0556   0.0526   0.0500   0.0476 
  0.0909   0.0833   0.0769   0.0714   0.0667   0.0625   0.0588   0.0556   0.0526   0.0500   0.0476   0.0455 
  0.0833   0.0769   0.0714   0.0667   0.0625   0.0588   0.0556   0.0526   0.0500   0.0476   0.0455   0.0435 
Vector b:
  1.0000
  2.0000
  3.0000
  4.0000
  5.0000
  6.0000
  1.0000
  2.0000
  3.0000
  4.0000
  5.0000
  6.0000
Signum -1  
P = [ 0 2 7 1 11 4 3 5 10 6 8 9 ] 
LU matrix = 
Matrix LU:12 x 12:
      1     0.5    0.33    0.25     0.2    0.17    0.14    0.12    0.11     0.1   0.091   0.083 
   0.33   0.083   0.089   0.083   0.076   0.069   0.063   0.058   0.054    0.05   0.047   0.044 
   0.12    0.58  0.0065   0.011   0.014   0.016   0.017   0.017   0.017   0.017   0.017   0.017 
    0.5       1   -0.86  0.0011  0.0024  0.0034  0.0043  0.0049  0.0053  0.0056  0.0058   0.006 
  0.083    0.42    0.93    0.24 7.2e-05  0.0002 0.00034 0.00049 0.00064 0.00078  0.0009   0.001 
    0.2     0.8    0.78   -0.29   -0.63 5.4e-06 1.7e-05 3.4e-05 5.4e-05 7.6e-05 9.9e-05 0.00012 
   0.25     0.9    0.51   -0.29   -0.47    0.95 -1.4e-07 -5.2e-07 -1.2e-06  -2e-06 -3.1e-06 -4.3e-06 
   0.17    0.71    0.92    -0.2   -0.53    0.65   -0.71 -1.3e-08 -4.2e-08 -7.9e-08 -1.3e-07 -1.7e-07 
  0.091    0.45    0.96     0.2    0.79   -0.11    0.48  -0.091 -1.1e-08 -4.1e-08 -9.1e-08 -1.7e-07 
   0.14    0.64    0.98  -0.095   -0.29    0.27   -0.54    0.92   -0.71 -9.9e-09 -2.7e-08 -5.6e-08 
   0.11    0.53       1   0.081    0.29   -0.14    0.43     0.4    0.14    0.86 -4.7e-09 -1.3e-08 
    0.1    0.49    0.98    0.15    0.56   -0.17    0.67   -0.33    0.54    0.79    0.79 3.4e-09 
Solution x:
-75359.4043
3932950.6078
-56715807.3215
358886419.5002
-1159200690.8103
2000559371.8266
-1877105898.3692
1396785824.9995
-2046085292.8137
2664101243.1343
-1677500821.5579
392383552.2631

Processing ge4.txt
gsl: lu.c:147: ERROR: matrix is singular
Matrix A:
 -1.0000   3.0000  -2.0000 
 -1.0000   4.0000  -3.0000 
 -1.0000   5.0000  -4.0000 
Vector b:
  1.0000
  0.0000
  0.0000
Signum -1  
P = [ 0 2 1 ] 
LU matrix = 
Matrix LU:3 x 3:
     -1       3      -2 
      1       2      -2 
      1     0.5       0 
Default GSL error handler invoked.
Processing ge5.txt
Error: Too many columns of data
Processing ge6.txt
gsl: ../gsl/gsl_matrix_double.h:295: ERROR: first index out of range
Default GSL error handler invoked.
Processing ge7.txt
Matrix A:
  2.0000   1.0000   1.0000 
  6.0000   2.0000   1.0000 
 -2.0000   2.0000   1.0000 
Vector b:
  1.0000
 -7.0000
  7.0000
Signum 1  
P = [ 1 2 0 ] 
LU matrix = 
Matrix LU:3 x 3:
      6       2       1 
  -0.33     2.7     1.3 
   0.33    0.13     0.5 
Solution x:
 -1.7500
 -1.0000
  5.5000

Processing ge8.txt
Error: Too many columns of data
Processing ge9.txt
Error reading matrix dimensions.
Processing ge10.txt
Error: Not enough columns of data
Processing ge11.txt
Matrix A:
  1.0000 
Vector b:
  2.0000
Signum 1  
P = [ 0 ] 
LU matrix = 
Matrix LU:1 x 1:
      1 
Solution x:
  2.0000

Processing ge12.txt
Error: Not enough rows of data
